region_id,Num_Psns_UR_1_FamHhold,Num_Psns_UR_1_NonFamHhold,Num_Psns_UR_1_Total,Num_Psns_UR_2_FamHhold,Num_Psns_UR_2_NonFamHhold,Num_Psns_UR_2_Total,Num_Psns_UR_3_FamHhold,Num_Psns_UR_3_NonFamHhold,Num_Psns_UR_3_Total,Num_Psns_UR_4_FamHhold,Num_Psns_UR_4_NonFamHhold,Num_Psns_UR_4_Total,Num_Psns_UR_5_FamHhold,Num_Psns_UR_5_NonFamHhold,Num_Psns_UR_5_Total,Num_Psns_UR_6mo_FamHhold,Num_Psns_UR_6mo_NonFamHhold,Num_Psns_UR_6mo_Total,Total_FamHhold,Total_NonFamHhold,Total_Total
POA2000,0,2889,2889,2391,667,3058,772,327,1099,554,360,914,140,84,224,62,52,114,3919,4379,8298
POA2006,0,0,0,3,3,6,0,0,0,0,0,0,4,0,4,0,0,0,7,3,10
POA2007,0,1030,1030,690,222,912,216,106,322,145,70,215,49,23,72,15,16,31,1115,1467,2582
POA2008,0,896,896,686,294,980,215,140,355,109,102,211,29,32,61,15,16,31,1054,1480,2534
POA2009,0,1515,1515,1846,430,2276,577,154,731,315,60,375,71,18,89,23,7,30,2832,2184,5016
POA2010,0,5248,5248,3567,1124,4691,738,334,1072,332,152,484,101,36,137,39,24,63,4777,6918,11695
POA2011,0,5144,5144,2527,644,3171,441,126,567,171,23,194,32,3,35,4,0,4,3175,5940,9115
POA2015,0,1291,1291,1261,341,1602,453,102,555,280,26,306,49,7,56,21,0,21,2064,1767,3831
POA2016,0,2200,2200,1469,525,1994,472,234,706,242,90,332,65,31,96,28,12,40,2276,3092,5368
POA2017,0,2597,2597,1842,634,2476,652,187,839,318,102,420,73,20,93,26,18,44,2911,3558,6469
POA2018,0,1328,1328,1483,254,1737,1001,55,1056,856,27,883,345,7,352,148,3,151,3833,1674,5507
POA2019,0,670,670,752,70,822,551,13,564,587,3,590,226,0,226,113,0,113,2229,756,2985
POA2020,0,785,785,1075,181,1256,653,42,695,577,15,592,220,3,223,121,0,121,2646,1026,3672
POA2021,0,2339,2339,1778,422,2200,648,200,848,515,76,591,120,12,132,26,0,26,3087,3049,6136
POA2022,0,1498,1498,1365,290,1655,569,116,685,521,32,553,158,10,168,45,4,49,2658,1950,4608
POA2023,0,918,918,1113,199,1312,484,51,535,535,17,552,254,4,258,97,0,97,2483,1189,3672
POA2024,0,1172,1172,1142,236,1378,561,49,610,548,18,566,217,8,225,75,3,78,2543,1486,4029
POA2025,0,1104,1104,964,161,1125,365,39,404,300,11,311,114,3,117,19,3,22,1762,1321,3083
POA2026,0,3868,3868,3501,1298,4799,1469,393,1862,1116,101,1217,395,21,416,99,3,102,6580,5684,12264
POA2027,0,1396,1396,1122,171,1293,291,63,354,199,7,206,53,4,57,25,0,25,1690,1641,3331
POA2028,0,679,679,660,153,813,213,29,242,137,7,144,75,3,78,9,0,9,1094,871,1965
POA2029,0,1057,1057,1208,183,1391,510,25,535,467,3,470,199,0,199,46,3,49,2430,1271,3701
POA2030,0,944,944,1303,124,1427,732,25,757,903,3,906,471,0,471,146,0,146,3555,1096,4651
POA2031,0,3664,3664,3726,935,4661,1814,303,2117,1557,89,1646,485,34,519,136,11,147,7718,5036,12754
POA2032,0,1419,1419,1338,386,1724,842,243,1085,787,144,931,272,61,333,89,29,118,3328,2282,5610
POA2033,0,1061,1061,1098,352,1450,517,153,670,466,74,540,164,18,182,59,8,67,2304,1666,3970
POA2034,0,2481,2481,2268,637,2905,993,199,1192,882,39,921,279,9,288,71,5,76,4493,3370,7863
POA2035,0,3222,3222,3358,542,3900,1965,186,2151,1877,68,1945,724,19,743,289,19,308,8213,4056,12269
POA2036,0,2214,2214,2310,202,2512,1506,55,1561,1713,15,1728,695,7,702,294,3,297,6518,2496,9014
POA2037,0,2253,2253,1732,434,2166,649,175,824,419,82,501,123,27,150,51,14,65,2974,2985,5959
POA2038,0,1082,1082,1064,217,1281,513,68,581,405,25,430,105,7,112,28,3,31,2115,1402,3517
POA2039,0,881,881,1126,181,1307,504,62,566,391,7,398,92,3,95,24,0,24,2137,1134,3271
POA2040,0,2330,2330,2453,416,2869,1344,177,1521,1114,56,1170,292,9,301,82,3,85,5285,2991,8276
POA2041,0,1991,1991,2057,306,2363,848,83,931,685,18,703,206,3,209,55,4,59,3851,2405,6256
POA2042,0,2556,2556,2187,707,2894,825,301,1126,590,109,699,124,41,165,32,9,41,3758,3723,7481
POA2043,0,990,990,1105,349,1454,373,105,478,227,29,256,37,6,43,12,0,12,1754,1479,3233
POA2044,0,651,651,829,217,1046,422,63,485,307,24,331,115,4,119,66,4,70,1739,963,2702
POA2045,0,452,452,625,46,671,351,11,362,514,4,518,184,0,184,52,0,52,1726,513,2239
POA2046,0,2591,2591,3058,356,3414,1648,80,1728,1516,9,1525,501,3,504,169,0,169,6892,3039,9931
POA2047,0,1286,1286,1500,200,1700,623,64,687,571,17,588,180,4,184,43,0,43,2917,1571,4488
POA2048,0,895,895,918,220,1138,427,115,542,319,42,361,100,7,107,47,0,47,1811,1279,3090
POA2049,0,1294,1294,1183,262,1445,557,74,631,469,43,512,144,6,150,56,3,59,2409,1682,4091
POA2050,0,1250,1250,1037,294,1331,287,84,371,168,25,193,28,5,33,10,3,13,1530,1661,3191
POA2052,0,9,9,0,10,10,6,5,11,0,6,6,0,7,7,0,0,0,6,37,43
POA2060,0,2208,2208,1974,286,2260,572,112,684,324,14,338,91,3,94,20,3,23,2981,2626,5607
POA2061,0,1170,1170,1003,133,1136,215,32,247,130,6,136,20,0,20,13,0,13,1381,1341,2722
POA2062,0,1036,1036,941,164,1105,396,38,434,322,4,326,75,0,75,13,0,13,1747,1242,2989
POA2063,0,351,351,544,33,577,309,9,318,434,0,434,243,0,243,63,0,63,1593,393,1986
POA2064,0,966,966,1013,208,1221,592,43,635,478,14,492,152,8,160,45,0,45,2280,1239,3519
POA2065,0,3710,3710,4045,660,4705,1556,205,1761,1145,48,1193,334,5,339,89,7,96,7169,4635,11804
POA2066,0,2641,2641,2962,380,3342,1557,89,1646,1769,16,1785,735,5,740,201,0,201,7224,3131,10355
POA2067,0,1941,1941,2373,330,2703,1530,109,1639,1319,39,1358,453,25,478,156,5,161,5831,2449,8280
POA2068,0,1073,1073,1503,122,1625,898,27,925,1219,6,1225,478,5,483,125,0,125,4223,1233,5456
POA2069,0,684,684,1175,50,1225,758,18,776,955,9,964,508,0,508,151,0,151,3547,761,4308
POA2070,0,733,733,1024,48,1072,623,19,642,974,4,978,451,0,451,135,0,135,3207,804,4011
POA2071,0,719,719,1093,42,1135,655,7,662,926,9,935,411,6,417,137,7,144,3222,790,4012
POA2072,0,357,357,688,35,723,399,5,404,460,3,463,192,0,192,58,0,58,1797,400,2197
POA2073,0,665,665,1373,53,1426,900,10,910,1250,0,1250,567,4,571,191,3,194,4281,735,5016
POA2074,0,1321,1321,2141,64,2205,1076,14,1090,1545,0,1545,661,0,661,210,0,210,5633,1399,7032
POA2075,0,892,892,1923,39,1962,1032,5,1037,1438,3,1441,609,0,609,224,0,224,5226,939,6165
POA2076,0,1312,1312,2240,77,2317,1270,22,1292,1713,9,1722,720,5,725,281,3,284,6224,1428,7652
POA2077,0,3164,3164,3785,345,4130,2468,51,2519,2170,25,2195,784,6,790,276,4,280,9483,3595,13078
POA2079,0,291,291,618,39,657,437,4,441,577,3,580,243,0,243,83,0,83,1958,337,2295
POA2080,0,98,98,170,8,178,87,0,87,121,0,121,53,0,53,14,0,14,445,106,551
POA2081,0,193,193,430,29,459,321,4,325,397,0,397,197,0,197,62,0,62,1407,226,1633
POA2082,0,246,246,578,19,597,359,8,367,424,0,424,193,0,193,47,0,47,1601,273,1874
POA2083,0,163,163,199,17,216,81,3,84,94,0,94,38,0,38,11,0,11,423,183,606
POA2084,0,137,137,312,14,326,173,4,177,283,3,286,134,0,134,40,0,40,942,158,1100
POA2085,0,568,568,1061,17,1078,527,4,531,801,0,801,370,3,373,134,0,134,2893,592,3485
POA2086,0,459,459,1162,41,1203,725,17,742,1131,6,1137,469,3,472,160,0,160,3647,526,4173
POA2087,0,735,735,1127,41,1168,680,7,687,964,4,968,420,4,424,135,0,135,3326,791,4117
POA2088,0,3405,3405,3297,290,3587,1371,40,1411,1484,14,1498,680,0,680,162,0,162,6994,3749,10743
POA2089,0,1956,1956,1775,312,2087,527,83,610,329,12,341,80,0,80,15,3,18,2726,2366,5092
POA2090,0,2151,2151,1842,301,2143,685,74,759,521,7,528,147,3,150,36,0,36,3231,2536,5767
POA2092,0,279,279,576,25,601,322,5,327,592,7,599,258,0,258,60,0,60,1808,316,2124
POA2093,0,1706,1706,2213,219,2432,1225,26,1251,1628,10,1638,601,3,604,149,3,152,5816,1967,7783
POA2094,0,580,580,767,96,863,334,41,375,297,4,301,102,3,105,16,0,16,1516,724,2240
POA2095,0,2052,2052,2144,409,2553,748,160,908,543,35,578,183,10,193,38,3,41,3656,2669,6325
POA2096,0,1442,1442,1692,312,2004,764,62,826,800,19,819,279,3,282,97,0,97,3632,1838,5470
POA2097,0,958,958,1504,119,1623,799,21,820,987,11,998,421,0,421,165,3,168,3876,1112,4988
POA2099,0,3928,3928,4161,524,4685,2205,87,2292,2116,32,2148,804,9,813,372,4,376,9658,4584,14242
POA2100,0,1243,1243,1729,122,1851,1043,26,1069,1463,6,1469,612,5,617,223,3,226,5070,1405,6475
POA2101,0,1839,1839,1984,177,2161,912,52,964,1050,12,1062,462,0,462,150,4,154,4558,2084,6642
POA2102,0,281,281,582,26,608,353,7,360,468,5,473,181,0,181,73,0,73,1657,319,1976
POA2103,0,827,827,1175,77,1252,538,23,561,626,3,629,277,0,277,91,0,91,2707,930,3637
POA2104,0,365,365,395,15,410,136,0,136,166,0,166,74,0,74,33,0,33,804,380,1184
POA2105,0,102,102,225,11,236,121,0,121,128,0,128,52,0,52,7,0,7,533,113,646
POA2106,0,721,721,1063,86,1149,492,15,507,594,4,598,237,0,237,82,0,82,2468,826,3294
POA2107,0,874,874,1567,72,1639,812,15,827,1024,3,1027,419,4,423,149,0,149,3971,968,4939
POA2108,0,183,183,290,15,305,91,0,91,75,0,75,35,0,35,11,0,11,502,198,700
POA2109,0,136,136,50,14,64,23,15,38,17,8,25,7,3,10,3,3,6,100,179,279
POA2110,0,786,786,897,48,945,444,4,448,569,3,572,288,3,291,106,0,106,2304,844,3148
POA2111,0,1600,1600,1471,138,1609,751,30,781,832,7,839,324,0,324,119,0,119,3497,1775,5272
POA2112,0,2372,2372,2688,298,2986,1694,64,1758,1831,30,1861,772,9,781,265,7,272,7250,2780,10030
POA2113,0,1566,1566,1740,219,1959,1000,85,1085,1062,29,1091,371,6,377,142,3,145,4315,1908,6223
POA2114,0,2050,2050,2367,264,2631,1365,65,1430,1320,29,1349,483,5,488,174,6,180,5709,2419,8128
POA2115,0,684,684,818,71,889,560,14,574,639,6,645,265,0,265,134,0,134,2416,775,3191
POA2116,0,426,426,530,48,578,378,14,392,441,3,444,169,0,169,70,0,70,1588,491,2079
POA2117,0,1653,1653,1734,155,1889,1093,30,1123,1206,15,1221,520,6,526,255,0,255,4808,1859,6667
POA2118,0,1071,1071,1999,87,2086,1402,29,1431,1584,13,1597,612,4,616,294,0,294,5891,1204,7095
POA2119,0,408,408,1012,24,1036,621,10,631,852,7,859,369,0,369,143,0,143,2997,449,3446
POA2120,0,1074,1074,1888,74,1962,1150,13,1163,1488,6,1494,636,4,640,219,0,219,5381,1171,6552
POA2121,0,1589,1589,2270,168,2438,1571,79,1650,1866,40,1906,694,10,704,247,10,257,6648,1896,8544
POA2122,0,2400,2400,2719,338,3057,1801,184,1985,1662,138,1800,599,80,679,302,42,344,7083,3182,10265
POA2125,0,578,578,1318,30,1348,944,4,948,1374,4,1378,558,0,558,211,0,211,4405,616,5021
POA2126,0,662,662,1384,30,1414,1201,0,1201,1635,0,1635,631,0,631,245,0,245,5096,692,5788
POA2127,0,672,672,1037,108,1145,549,22,571,493,0,493,129,0,129,35,0,35,2243,802,3045
POA2128,0,120,120,159,28,187,107,7,114,83,4,87,53,0,53,43,0,43,445,159,604
POA2129,0,0,0,0,0,0,0,0,0,0,0,0,0,0,0,0,0,0,0,0,0
POA2130,0,908,908,784,170,954,392,31,423,315,12,327,65,4,69,34,0,34,1590,1125,2715
POA2131,0,2282,2282,2271,408,2679,1391,154,1545,1080,55,1135,365,12,377,187,10,197,5294,2921,8215
POA2132,0,727,727,862,119,981,604,30,634,647,8,655,293,10,303,132,6,138,2538,900,3438
POA2133,0,941,941,1018,97,1115,653,15,668,682,5,687,309,3,312,143,0,143,2805,1061,3866
POA2134,0,912,912,1021,207,1228,729,134,863,672,70,742,270,41,311,166,13,179,2858,1377,4235
POA2135,0,1384,1384,1766,239,2005,1338,155,1493,1278,118,1396,623,43,666,365,21,386,5370,1960,7330
POA2136,0,462,462,567,65,632,416,9,425,462,3,465,194,3,197,90,0,90,1729,542,2271
POA2137,0,1571,1571,2535,219,2754,1491,69,1560,1545,18,1563,611,3,614,236,0,236,6418,1880,8298
POA2138,0,919,919,1422,188,1610,944,94,1038,790,54,844,272,12,284,82,3,85,3510,1270,4780
POA2139,0,0,0,0,0,0,0,0,0,0,0,0,0,0,0,0,0,0,0,0,0
POA2140,0,769,769,1084,160,1244,883,85,968,729,27,756,233,12,245,139,8,147,3068,1061,4129
POA2141,0,1249,1249,1781,216,1997,1524,84,1608,1605,45,1650,748,19,767,568,14,582,6226,1627,7853
POA2142,0,1719,1719,1587,184,1771,1188,72,1260,1083,44,1127,573,11,584,602,3,605,5033,2033,7066
POA2143,0,479,479,499,58,557,408,10,418,442,3,445,235,3,238,173,0,173,1757,553,2310
POA2144,0,1449,1449,1781,271,2052,1720,128,1848,1790,67,1857,1047,42,1089,1019,30,1049,7357,1987,9344
POA2145,0,4707,4707,6413,515,6928,4767,137,4904,4444,48,4492,1902,13,1915,1072,8,1080,18598,5428,24026
POA2146,0,972,972,1376,105,1481,1050,10,1060,1033,8,1041,467,3,470,232,0,232,4158,1098,5256
POA2147,0,2463,2463,3331,207,3538,2224,37,2261,2331,14,2345,975,5,980,513,3,516,9374,2729,12103
POA2148,0,3809,3809,5059,413,5472,3719,91,3810,3631,29,3660,1606,8,1614,1127,4,1131,15142,4354,19496
POA2150,0,2263,2263,2495,437,2932,1682,183,1865,1127,83,1210,392,28,420,206,11,217,5902,3005,8907
POA2151,0,1748,1748,2047,211,2258,1177,54,1231,1165,5,1170,430,3,433,217,0,217,5036,2021,7057
POA2152,0,1126,1126,1261,115,1376,642,22,664,586,4,590,214,0,214,82,0,82,2785,1267,4052
POA2153,0,2274,2274,4973,228,5201,3226,47,3273,4052,15,4067,1641,15,1656,624,23,647,14516,2602,17118
POA2154,0,1787,1787,3357,146,3503,2192,31,2223,2803,11,2814,1200,12,1212,525,0,525,10077,1987,12064
POA2155,0,930,930,2713,135,2848,2316,34,2350,3907,6,3913,1809,3,1812,749,0,749,11494,1108,12602
POA2156,0,430,430,1102,37,1139,658,5,663,902,0,902,436,0,436,239,0,239,3337,472,3809
POA2157,0,155,155,329,12,341,179,0,179,219,0,219,157,0,157,83,3,86,967,170,1137
POA2158,0,418,418,706,25,731,454,3,457,575,0,575,276,0,276,155,0,155,2166,446,2612
POA2159,0,291,291,444,25,469,221,3,224,291,0,291,147,0,147,92,0,92,1195,319,1514
POA2160,0,2343,2343,2528,224,2752,1747,50,1797,1695,21,1716,1014,11,1025,867,3,870,7851,2652,10503
POA2161,0,1867,1867,1912,163,2075,1324,35,1359,1347,20,1367,886,0,886,1007,4,1011,6476,2089,8565
POA2162,0,1201,1201,1241,102,1343,919,8,927,957,6,963,554,0,554,482,0,482,4153,1317,5470
POA2163,0,917,917,654,67,721,443,7,450,357,0,357,244,0,244,232,3,235,1930,994,2924
POA2164,0,1037,1037,1495,98,1593,992,4,996,1045,0,1045,633,0,633,464,3,467,4629,1142,5771
POA2165,0,2220,2220,2777,184,2961,2191,40,2231,2185,9,2194,1377,4,1381,1158,0,1158,9688,2457,12145
POA2166,0,2586,2586,3161,370,3531,2844,79,2923,2811,31,2842,1607,10,1617,1409,7,1416,11832,3083,14915
POA2167,0,470,470,647,41,688,527,4,531,452,0,452,192,0,192,100,0,100,1918,515,2433
POA2168,0,2116,2116,2348,169,2517,2094,17,2111,2579,3,2582,1524,3,1527,1289,0,1289,9834,2308,12142
POA2170,0,5633,5633,7132,546,7678,5438,64,5502,5903,24,5927,2958,7,2965,1973,4,1977,23404,6278,29682
POA2171,0,445,445,1180,42,1222,1285,10,1295,1879,3,1882,1086,0,1086,638,0,638,6068,500,6568
POA2172,0,47,47,141,4,145,120,5,125,195,0,195,92,0,92,40,0,40,588,56,644
POA2173,0,411,411,920,70,990,785,7,792,1173,3,1176,438,0,438,162,0,162,3478,491,3969
POA2174,0,29,29,26,0,26,29,0,29,12,0,12,15,0,15,15,0,15,97,29,126
POA2175,0,74,74,115,6,121,94,0,94,99,0,99,75,0,75,48,0,48,431,80,511
POA2176,0,1241,1241,2850,98,2948,2636,18,2654,3208,6,3214,1881,0,1881,1210,0,1210,11785,1363,13148
POA2177,0,408,408,764,35,799,813,9,822,1046,0,1046,596,0,596,480,3,483,3699,455,4154
POA2178,0,157,157,340,11,351,255,4,259,246,3,249,171,0,171,164,0,164,1176,175,1351
POA2179,0,308,308,401,25,426,231,0,231,268,0,268,187,0,187,144,0,144,1231,333,1564
POA2190,0,1384,1384,1502,66,1568,1107,10,1117,1265,3,1268,965,0,965,892,3,895,5731,1466,7197
POA2191,0,444,444,523,32,555,340,3,343,385,0,385,193,0,193,121,0,121,1562,479,2041
POA2192,0,914,914,1069,123,1192,772,21,793,684,4,688,357,3,360,247,4,251,3129,1069,4198
POA2193,0,1045,1045,1408,142,1550,925,26,951,893,8,901,369,6,375,162,6,168,3757,1233,4990
POA2194,0,1354,1354,1775,238,2013,1569,73,1642,1200,40,1240,514,16,530,319,4,323,5377,1725,7102
POA2195,0,1493,1493,1678,229,1907,1549,76,1625,1411,45,1456,732,15,747,542,4,546,5912,1862,7774
POA2196,0,1695,1695,1940,148,2088,1483,19,1502,1632,12,1644,1030,12,1042,901,7,908,6986,1893,8879
POA2197,0,534,534,612,31,643,415,9,424,452,0,452,325,0,325,181,0,181,1985,574,2559
POA2198,0,351,351,743,20,763,453,4,457,539,0,539,320,3,323,174,0,174,2229,378,2607
POA2199,0,998,998,1072,80,1152,758,12,770,905,9,914,563,0,563,452,4,456,3750,1103,4853
POA2200,0,2293,2293,2783,226,3009,2278,61,2339,2237,21,2258,1242,10,1252,1066,5,1071,9606,2616,12222
POA2203,0,1576,1576,1510,270,1780,806,46,852,646,18,664,219,9,228,75,0,75,3256,1919,5175
POA2204,0,2479,2479,2588,554,3142,1419,162,1581,1187,71,1258,419,23,442,288,4,292,5901,3293,9194
POA2205,0,860,860,1195,197,1392,706,57,763,595,29,624,335,10,345,282,7,289,3113,1160,4273
POA2206,0,1149,1149,1828,94,1922,1159,12,1171,1256,5,1261,515,0,515,263,3,266,5021,1263,6284
POA2207,0,1740,1740,2358,163,2521,1668,34,1702,1719,10,1729,806,9,815,477,0,477,7028,1956,8984
POA2208,0,689,689,1136,53,1189,760,4,764,774,7,781,338,3,341,157,0,157,3165,756,3921
POA2209,0,1144,1144,1362,77,1439,904,19,923,900,7,907,385,3,388,218,0,218,3769,1250,5019
POA2210,0,2425,2425,2709,150,2859,1643,20,1663,1733,14,1747,804,5,809,383,0,383,7272,2614,9886
POA2211,0,1327,1327,1524,89,1613,996,16,1012,998,3,1001,481,0,481,232,0,232,4231,1435,5666
POA2212,0,1070,1070,1269,88,1357,839,19,858,911,8,919,371,3,374,239,3,242,3629,1191,4820
POA2213,0,1453,1453,1958,114,2072,1156,14,1170,1437,8,1445,636,0,636,270,0,270,5457,1589,7046
POA2214,0,155,155,422,15,437,243,0,243,272,0,272,106,0,106,54,0,54,1097,170,1267
POA2216,0,2248,2248,2601,358,2959,1627,110,1737,1344,63,1407,530,24,554,340,16,356,6442,2819,9261
POA2217,0,2155,2155,2455,254,2709,1622,64,1686,1339,34,1373,526,16,542,252,4,256,6194,2527,8721
POA2218,0,1209,1209,1493,161,1654,1085,39,1124,869,11,880,344,3,347,202,7,209,3993,1430,5423
POA2219,0,1532,1532,1512,122,1634,751,8,759,694,6,700,274,0,274,114,0,114,3345,1668,5013
POA2220,0,1614,1614,2340,307,2647,1991,202,2193,1766,96,1862,690,30,720,451,18,469,7238,2267,9505
POA2221,0,973,973,1310,82,1392,930,14,944,1059,0,1059,552,6,558,260,0,260,4111,1075,5186
POA2222,0,1108,1108,1126,133,1259,789,23,812,783,7,790,254,3,257,117,3,120,3069,1277,4346
POA2223,0,1757,1757,2106,187,2293,1237,18,1255,1315,10,1325,516,6,522,186,0,186,5360,1978,7338
POA2224,0,1035,1035,1563,63,1626,781,6,787,836,6,842,378,0,378,139,0,139,3697,1110,4807
POA2225,0,229,229,488,17,505,351,3,354,414,0,414,203,0,203,55,0,55,1511,249,1760
POA2226,0,776,776,1150,68,1218,712,10,722,855,0,855,379,0,379,110,0,110,3206,854,4060
POA2227,0,1061,1061,1552,103,1655,788,15,803,1000,0,1000,433,0,433,123,0,123,3896,1179,5075
POA2228,0,1707,1707,2088,182,2270,1005,29,1034,1054,6,1060,405,3,408,157,0,157,4709,1927,6636
POA2229,0,2532,2532,3029,215,3244,1485,29,1514,1733,3,1736,813,3,816,269,0,269,7329,2782,10111
POA2230,0,3518,3518,3631,493,4124,1419,56,1475,1305,11,1316,595,0,595,182,3,185,7132,4081,11213
POA2231,0,132,132,178,8,186,137,0,137,179,0,179,66,0,66,35,0,35,595,140,735
POA2232,0,2964,2964,3637,283,3920,1820,37,1857,1975,6,1981,764,0,764,267,0,267,8463,3290,11753
POA2233,0,1453,1453,2820,106,2926,1682,12,1694,2230,3,2233,1018,0,1018,354,0,354,8104,1574,9678
POA2234,0,874,874,2326,70,2396,1840,11,1851,2621,9,2630,1175,3,1178,401,0,401,8363,967,9330
POA2250,0,6586,6586,7215,625,7840,3590,71,3661,3795,22,3817,1599,0,1599,710,6,716,16909,7310,24219
POA2251,0,2877,2877,3736,176,3912,1674,15,1689,2007,3,2010,862,3,865,330,0,330,8609,3074,11683
POA2256,0,2139,2139,2002,172,2174,808,12,820,675,0,675,267,0,267,137,0,137,3889,2323,6212
POA2257,0,3387,3387,3751,288,4039,1529,23,1552,1392,0,1392,527,5,532,249,0,249,7448,3703,11151
POA2258,0,327,327,528,40,568,276,6,282,308,3,311,169,3,172,76,0,76,1357,379,1736
POA2259,0,4272,4272,6140,380,6520,2898,36,2934,3083,17,3100,1479,7,1486,747,0,747,14347,4712,19059
POA2260,0,1600,1600,2592,197,2789,1140,64,1204,1380,12,1392,595,3,598,198,0,198,5905,1876,7781
POA2261,0,5325,5325,6157,505,6662,2814,36,2850,2747,17,2764,1212,3,1215,554,3,557,13484,5889,19373
POA2262,0,1877,1877,2356,200,2556,1191,19,1210,1051,0,1051,543,0,543,291,0,291,5432,2096,7528
POA2263,0,3079,3079,2967,254,3221,1260,23,1283,990,3,993,409,0,409,246,0,246,5872,3359,9231
POA2264,0,1348,1348,1882,130,2012,652,9,661,605,3,608,306,0,306,136,0,136,3581,1490,5071
POA2265,0,414,414,580,43,623,265,10,275,277,3,280,140,3,143,65,0,65,1327,473,1800
POA2267,0,290,290,464,23,487,148,0,148,120,0,120,56,0,56,19,0,19,807,313,1120
POA2278,0,114,114,234,19,253,189,0,189,180,0,180,89,0,89,37,0,37,729,133,862
POA2280,0,2368,2368,3392,176,3568,1481,18,1499,1664,4,1668,641,0,641,251,0,251,7429,2566,9995
POA2281,0,1467,1467,1793,99,1892,759,8,767,720,3,723,294,0,294,105,0,105,3671,1577,5248
POA2282,0,1188,1188,1882,70,1952,755,14,769,977,3,980,375,0,375,123,0,123,4112,1275,5387
POA2283,0,2117,2117,3191,159,3350,1326,12,1338,1188,6,1194,499,0,499,236,0,236,6440,2294,8734
POA2284,0,1080,1080,1302,95,1397,620,10,630,541,3,544,244,0,244,97,3,100,2804,1191,3995
POA2285,0,2118,2118,3144,210,3354,1752,34,1786,1762,6,1768,701,0,701,264,0,264,7623,2368,9991
POA2286,0,235,235,371,29,400,205,3,208,208,0,208,100,0,100,51,0,51,935,267,1202
POA2287,0,2652,2652,3690,268,3958,1985,82,2067,2042,37,2079,860,23,883,329,18,347,8906,3080,11986
POA2289,0,1724,1724,2393,192,2585,1089,44,1133,1180,14,1194,451,3,454,140,0,140,5253,1977,7230
POA2290,0,3027,3027,4025,268,4293,1849,39,1888,1944,19,1963,765,3,768,293,0,293,8876,3356,12232
POA2291,0,1596,1596,1583,267,1850,693,101,794,726,32,758,319,10,329,75,0,75,3396,2006,5402
POA2292,0,342,342,290,72,362,143,17,160,113,3,116,36,0,36,22,0,22,604,434,1038
POA2293,0,284,284,293,79,372,137,21,158,73,3,76,24,0,24,4,3,7,531,390,921
POA2294,0,260,260,255,52,307,96,27,123,76,4,80,26,0,26,5,0,5,458,343,801
POA2295,0,690,690,781,61,842,323,5,328,224,0,224,101,0,101,38,0,38,1467,756,2223
POA2296,0,257,257,241,76,317,96,25,121,57,7,64,20,0,20,11,0,11,425,365,790
POA2297,0,206,206,196,46,242,104,9,113,61,0,61,24,0,24,13,0,13,398,261,659
POA2298,0,1192,1192,1084,176,1260,505,66,571,367,34,401,147,24,171,74,15,89,2177,1507,3684
POA2299,0,1262,1262,1182,200,1382,616,83,699,524,44,568,197,28,225,65,20,85,2584,1637,4221
POA2300,0,1758,1758,1361,392,1753,416,153,569,305,42,347,104,14,118,26,3,29,2212,2362,4574
POA2302,0,132,132,80,29,109,20,9,29,10,0,10,0,0,0,0,0,0,110,170,280
POA2303,0,1382,1382,1053,149,1202,483,74,557,424,18,442,174,6,180,47,4,51,2181,1633,3814
POA2304,0,1916,1916,1776,321,2097,837,81,918,605,29,634,236,6,242,119,3,122,3573,2356,5929
POA2305,0,1311,1311,1362,131,1493,653,30,683,753,8,761,287,0,287,81,0,81,3136,1480,4616
POA2306,0,443,443,325,22,347,193,3,196,127,0,127,77,0,77,43,0,43,765,468,1233
POA2307,0,436,436,474,53,527,233,15,248,172,12,184,60,6,66,38,3,41,977,525,1502
POA2308,0,0,0,0,0,0,0,0,0,0,0,0,0,0,0,0,0,0,0,0,0
POA2311,0,82,82,121,5,126,48,0,48,43,0,43,17,0,17,9,0,9,238,87,325
POA2312,0,111,111,200,9,209,78,3,81,84,0,84,42,0,42,18,0,18,422,123,545
POA2314,0,0,0,0,0,0,0,0,0,0,0,0,0,0,0,0,0,0,0,0,0
POA2315,0,1497,1497,2002,126,2128,601,9,610,601,7,608,218,0,218,94,0,94,3516,1639,5155
POA2316,0,457,457,695,38,733,280,0,280,308,0,308,142,0,142,74,0,74,1499,495,1994
POA2317,0,750,750,1018,55,1073,284,4,288,253,0,253,122,0,122,41,0,41,1718,809,2527
POA2318,0,598,598,1290,46,1336,633,5,638,783,0,783,311,0,311,151,0,151,3168,649,3817
POA2319,0,675,675,953,64,1017,346,7,353,279,0,279,147,0,147,65,0,65,1790,746,2536
POA2320,0,2133,2133,3230,198,3428,1687,20,1707,1834,6,1840,781,4,785,353,0,353,7885,2361,10246
POA2321,0,621,621,1331,74,1405,632,5,637,703,0,703,281,0,281,152,0,152,3099,700,3799
POA2322,0,1143,1143,1906,124,2030,1029,11,1040,1033,5,1038,437,0,437,215,0,215,4620,1283,5903
POA2323,0,2266,2266,2924,199,3123,1457,28,1485,1391,8,1399,633,0,633,306,0,306,6711,2501,9212
POA2324,0,2081,2081,3095,170,3265,1181,21,1202,1050,0,1050,573,0,573,291,0,291,6190,2272,8462
POA2325,0,2329,2329,3000,220,3220,1467,25,1492,1312,0,1312,649,3,652,295,3,298,6723,2580,9303
POA2326,0,624,624,807,54,861,429,3,432,365,0,365,198,3,201,104,0,104,1903,684,2587
POA2327,0,797,797,916,80,996,428,4,432,391,0,391,159,0,159,95,0,95,1989,881,2870
POA2328,0,243,243,273,29,302,112,0,112,125,0,125,74,0,74,26,0,26,610,272,882
POA2329,0,210,210,292,17,309,100,3,103,84,0,84,49,0,49,36,0,36,561,230,791
POA2330,0,1516,1516,2143,159,2302,1121,34,1155,1255,6,1261,566,0,566,257,0,257,5342,1715,7057
POA2333,0,1175,1175,1438,128,1566,676,16,692,693,5,698,371,0,371,148,0,148,3326,1324,4650
POA2334,0,169,169,239,20,259,133,3,136,154,0,154,76,0,76,45,0,45,647,192,839
POA2335,0,297,297,603,22,625,308,4,312,337,0,337,191,0,191,65,0,65,1504,323,1827
POA2336,0,221,221,293,25,318,137,0,137,132,0,132,59,0,59,19,0,19,640,246,886
POA2337,0,773,773,946,97,1043,419,8,427,413,0,413,208,0,208,68,0,68,2054,878,2932
POA2338,0,217,217,220,12,232,79,0,79,64,0,64,40,0,40,8,0,8,411,229,640
POA2339,0,59,59,96,5,101,28,0,28,32,0,32,23,0,23,5,0,5,184,64,248
POA2340,0,4519,4519,5724,426,6150,2491,53,2544,2286,18,2304,1059,3,1062,470,0,470,12030,5019,17049
POA2341,0,228,228,263,18,281,84,0,84,58,0,58,42,0,42,21,0,21,468,246,714
POA2342,0,40,40,93,3,96,30,0,30,33,0,33,14,0,14,3,0,3,173,43,216
POA2343,0,504,504,631,44,675,252,5,257,212,4,216,91,0,91,40,0,40,1226,557,1783
POA2344,0,59,59,92,5,97,39,0,39,36,0,36,20,0,20,11,0,11,198,64,262
POA2345,0,51,51,123,8,131,45,0,45,30,0,30,14,0,14,14,0,14,226,59,285
POA2346,0,332,332,407,26,433,143,4,147,143,0,143,59,0,59,19,0,19,771,362,1133
POA2347,0,288,288,303,16,319,81,0,81,84,0,84,35,0,35,10,0,10,513,304,817
POA2350,0,2527,2527,2859,317,3176,1201,83,1284,1165,27,1192,563,12,575,235,3,238,6023,2969,8992
POA2351,0,0,0,0,0,0,0,0,0,0,0,0,0,0,0,0,0,0,0,0,0
POA2352,0,225,225,349,16,365,156,3,159,135,0,135,84,0,84,35,0,35,759,244,1003
POA2353,0,68,68,141,9,150,53,0,53,65,0,65,15,0,15,10,0,10,284,77,361
POA2354,0,399,399,553,16,569,164,0,164,161,0,161,86,0,86,38,0,38,1002,415,1417
POA2355,0,99,99,95,10,105,46,0,46,26,0,26,25,0,25,12,0,12,204,109,313
POA2357,0,477,477,594,44,638,170,0,170,191,0,191,98,0,98,60,0,60,1113,521,1634
POA2358,0,378,378,569,27,596,204,0,204,189,0,189,82,0,82,61,0,61,1105,405,1510
POA2359,0,59,59,82,3,85,25,0,25,28,0,28,14,0,14,11,0,11,160,62,222
POA2360,0,1487,1487,1867,108,1975,773,16,789,673,0,673,340,3,343,193,0,193,3846,1614,5460
POA2361,0,100,100,122,7,129,42,0,42,26,0,26,29,0,29,12,0,12,231,107,338
POA2365,0,342,342,454,21,475,156,0,156,161,0,161,89,0,89,48,0,48,908,363,1271
POA2369,0,108,108,128,10,138,44,0,44,48,0,48,35,0,35,41,0,41,296,118,414
POA2370,0,937,937,1102,76,1178,353,9,362,294,0,294,176,0,176,66,0,66,1991,1022,3013
POA2371,0,103,103,127,5,132,31,0,31,33,0,33,15,0,15,3,0,3,209,108,317
POA2372,0,642,642,748,30,778,235,3,238,181,0,181,86,0,86,59,0,59,1309,675,1984
POA2380,0,1083,1083,1227,92,1319,515,14,529,510,0,510,245,0,245,118,0,118,2615,1189,3804
POA2381,0,131,131,212,11,223,92,0,92,79,0,79,52,0,52,28,0,28,463,142,605
POA2382,0,117,117,144,6,150,60,0,60,63,0,63,24,0,24,20,0,20,311,123,434
POA2386,0,39,39,38,3,41,16,0,16,17,0,17,0,0,0,6,0,6,77,42,119
POA2388,0,336,336,342,20,362,151,3,154,153,0,153,94,0,94,41,0,41,781,359,1140
POA2390,0,783,783,1067,69,1136,413,8,421,414,3,417,213,0,213,90,0,90,2197,863,3060
POA2395,0,118,118,110,6,116,30,0,30,31,0,31,19,0,19,9,0,9,199,124,323
POA2396,0,152,152,162,6,168,63,3,66,45,0,45,29,0,29,10,0,10,309,161,470
POA2397,0,40,40,58,3,61,17,0,17,21,0,21,9,0,9,3,0,3,108,43,151
POA2399,0,71,71,120,4,124,47,0,47,44,0,44,22,0,22,12,0,12,245,75,320
POA2400,0,990,990,1100,76,1176,507,5,512,475,6,481,245,0,245,133,0,133,2460,1077,3537
POA2401,0,32,32,42,3,45,16,0,16,17,0,17,11,0,11,4,0,4,90,35,125
POA2402,0,250,250,284,13,297,90,0,90,88,0,88,53,0,53,17,0,17,532,263,795
POA2403,0,58,58,83,3,86,28,0,28,21,0,21,18,0,18,7,0,7,157,61,218
POA2404,0,243,243,294,16,310,82,0,82,73,0,73,32,0,32,13,0,13,494,259,753
POA2405,0,64,64,58,6,64,31,3,34,30,0,30,11,0,11,7,0,7,137,73,210
POA2406,0,92,92,86,7,93,29,0,29,29,0,29,25,0,25,11,0,11,180,99,279
POA2408,0,41,41,53,5,58,17,0,17,26,0,26,10,0,10,10,0,10,116,46,162
POA2409,0,99,99,73,5,78,47,0,47,41,0,41,24,0,24,50,0,50,235,104,339
POA2410,0,39,39,57,3,60,15,0,15,16,0,16,8,0,8,8,0,8,104,42,146
POA2415,0,29,29,30,0,30,23,0,23,14,0,14,8,0,8,0,0,0,75,29,104
POA2420,0,454,454,564,23,587,229,3,232,195,0,195,101,0,101,32,0,32,1121,480,1601
POA2421,0,99,99,197,9,206,76,0,76,84,0,84,35,0,35,24,0,24,416,108,524
POA2422,0,632,632,873,36,909,250,7,257,220,0,220,86,0,86,43,0,43,1472,675,2147
POA2423,0,322,322,470,39,509,177,0,177,161,0,161,54,0,54,27,0,27,889,361,1250
POA2424,0,64,64,64,6,70,28,0,28,11,0,11,12,0,12,6,0,6,121,70,191
POA2425,0,144,144,191,16,207,77,0,77,85,0,85,43,0,43,28,0,28,424,160,584
POA2426,0,61,61,79,7,86,23,0,23,18,0,18,10,0,10,7,0,7,137,68,205
POA2427,0,354,354,498,24,522,114,3,117,64,0,64,27,0,27,18,3,21,721,384,1105
POA2428,0,3142,3142,3928,235,4163,1000,18,1018,805,4,809,373,0,373,149,0,149,6255,3399,9654
POA2429,0,940,940,1385,75,1460,489,4,493,387,0,387,201,0,201,100,0,100,2562,1019,3581
POA2430,0,3506,3506,4715,305,5020,1599,24,1623,1428,9,1437,706,0,706,380,0,380,8828,3844,12672
POA2431,0,640,640,878,41,919,230,5,235,160,0,160,97,0,97,34,0,34,1399,686,2085
POA2439,0,157,157,354,21,375,128,3,131,123,0,123,74,0,74,25,0,25,704,181,885
POA2440,0,2144,2144,2639,206,2845,1132,7,1139,866,3,869,450,3,453,341,0,341,5428,2363,7791
POA2441,0,481,481,871,57,928,322,5,327,307,0,307,167,0,167,98,0,98,1765,543,2308
POA2443,0,1281,1281,1609,94,1703,379,11,390,269,0,269,153,0,153,61,0,61,2471,1386,3857
POA2444,0,5113,5113,6627,425,7052,2126,53,2179,1921,5,1926,780,4,784,348,0,348,11802,5600,17402
POA2445,0,424,424,863,45,908,316,0,316,328,0,328,160,0,160,52,0,52,1719,469,2188
POA2446,0,1030,1030,1695,96,1791,627,7,634,644,4,648,322,0,322,159,0,159,3447,1137,4584
POA2447,0,730,730,993,70,1063,317,6,323,289,0,289,154,0,154,75,0,75,1828,806,2634
POA2448,0,1348,1348,1365,112,1477,410,3,413,314,0,314,141,0,141,87,0,87,2317,1463,3780
POA2449,0,244,244,339,23,362,98,3,101,90,0,90,64,0,64,38,0,38,629,270,899
POA2450,0,4055,4055,4924,488,5412,1956,80,2036,1824,18,1842,824,7,831,399,0,399,9927,4648,14575
POA2452,0,1638,1638,1980,152,2132,855,22,877,774,7,781,322,4,326,143,0,143,4074,1823,5897
POA2453,0,339,339,421,26,447,116,0,116,131,0,131,43,0,43,27,0,27,738,365,1103
POA2454,0,722,722,954,80,1034,417,12,429,398,3,401,177,0,177,62,0,62,2008,817,2825
POA2455,0,413,413,521,44,565,150,3,153,108,0,108,54,0,54,33,0,33,866,460,1326
POA2456,0,1155,1155,1917,107,2024,731,9,740,669,4,673,323,0,323,163,0,163,3803,1275,5078
POA2460,0,2946,2946,3723,267,3990,1494,28,1522,1318,13,1331,633,0,633,374,0,374,7542,3254,10796
POA2462,0,299,299,341,21,362,110,0,110,127,0,127,58,0,58,27,0,27,663,320,983
POA2463,0,667,667,1111,47,1158,373,3,376,300,0,300,153,0,153,77,0,77,2014,717,2731
POA2464,0,837,837,1176,85,1261,312,10,322,246,3,249,82,0,82,43,0,43,1859,935,2794
POA2465,0,36,36,47,5,52,22,0,22,18,0,18,5,0,5,7,0,7,99,41,140
POA2466,0,274,274,348,12,360,60,0,60,52,0,52,18,0,18,17,0,17,495,286,781
POA2469,0,477,477,622,27,649,202,3,205,136,0,136,99,0,99,70,0,70,1129,507,1636
POA2470,0,1518,1518,1878,105,1983,761,14,775,702,3,705,353,0,353,202,0,202,3896,1640,5536
POA2471,0,189,189,290,26,316,139,0,139,105,0,105,74,0,74,48,0,48,656,215,871
POA2472,0,214,214,243,20,263,90,0,90,88,0,88,35,0,35,18,0,18,474,234,708
POA2473,0,467,467,466,29,495,154,5,159,107,0,107,55,0,55,17,0,17,799,501,1300
POA2474,0,740,740,896,58,954,332,0,332,254,3,257,153,4,157,76,0,76,1711,805,2516
POA2475,0,50,50,67,7,74,8,0,8,15,0,15,19,0,19,4,0,4,113,57,170
POA2476,0,99,99,119,8,127,57,0,57,49,0,49,22,0,22,20,0,20,267,107,374
POA2477,0,1074,1074,1639,101,1740,589,8,597,578,0,578,254,0,254,112,0,112,3172,1183,4355
POA2478,0,3108,3108,3823,341,4164,1421,69,1490,1273,16,1289,500,0,500,225,5,230,7242,3539,10781
POA2479,0,372,372,543,72,615,249,8,257,255,4,259,113,0,113,55,0,55,1215,456,1671
POA2480,0,4635,4635,5464,630,6094,2328,139,2467,2232,46,2278,983,14,997,476,6,482,11483,5470,16953
POA2481,0,1134,1134,1156,285,1441,558,115,673,449,58,507,168,6,174,64,0,64,2395,1598,3993
POA2482,0,598,598,672,83,755,340,10,350,294,7,301,113,0,113,57,0,57,1476,698,2174
POA2483,0,1129,1129,1270,186,1456,571,26,597,522,5,527,197,0,197,94,0,94,2654,1346,4000
POA2484,0,1740,1740,2304,215,2519,939,33,972,857,4,861,393,0,393,242,0,242,4735,1992,6727
POA2485,0,2296,2296,2125,261,2386,629,37,666,421,12,433,168,3,171,75,0,75,3418,2609,6027
POA2486,0,3216,3216,4390,333,4723,1630,30,1660,1429,12,1441,709,8,717,283,0,283,8441,3599,12040
POA2487,0,1325,1325,1532,142,1674,556,17,573,514,5,519,259,0,259,100,0,100,2961,1489,4450
POA2488,0,293,293,385,41,426,211,8,219,153,0,153,75,0,75,32,0,32,856,342,1198
POA2489,0,484,484,864,70,934,323,3,326,378,0,378,140,0,140,57,0,57,1762,557,2319
POA2490,0,49,49,80,9,89,45,0,45,40,0,40,15,0,15,6,0,6,186,58,244
POA2500,0,4892,4892,4372,942,5314,1837,423,2260,1530,191,1721,582,83,665,244,29,273,8565,6560,15125
POA2502,0,1218,1218,1306,114,1420,704,13,717,569,3,572,281,0,281,170,0,170,3030,1348,4378
POA2505,0,565,565,577,51,628,285,4,289,275,0,275,108,0,108,39,0,39,1284,620,1904
POA2506,0,727,727,805,51,856,439,4,443,423,3,426,190,0,190,107,0,107,1964,785,2749
POA2508,0,426,426,720,38,758,490,4,494,673,3,676,285,3,288,95,0,95,2263,474,2737
POA2515,0,788,788,1124,105,1229,571,10,581,679,9,688,278,3,281,113,3,116,2765,918,3683
POA2516,0,438,438,578,27,605,352,5,357,362,3,365,170,0,170,61,0,61,1523,473,1996
POA2517,0,1257,1257,1526,89,1615,763,11,774,788,3,791,307,4,311,117,0,117,3501,1364,4865
POA2518,0,2390,2390,2231,188,2419,1072,21,1093,1007,10,1017,423,0,423,169,0,169,4902,2609,7511
POA2519,0,1578,1578,1936,166,2102,915,45,960,948,19,967,371,3,374,130,3,133,4300,1814,6114
POA2525,0,732,732,1171,57,1228,598,10,608,716,5,721,307,0,307,106,0,106,2898,804,3702
POA2526,0,1013,1013,1563,81,1644,882,9,891,1156,5,1161,481,0,481,185,0,185,4267,1108,5375
POA2527,0,1131,1131,2025,85,2110,1233,8,1241,1385,4,1389,599,0,599,326,0,326,5568,1228,6796
POA2528,0,2552,2552,2983,167,3150,1428,15,1443,1140,3,1143,507,0,507,272,0,272,6330,2737,9067
POA2529,0,1395,1395,2382,108,2490,1286,11,1297,1597,4,1601,672,0,672,284,0,284,6221,1518,7739
POA2530,0,2118,2118,3405,147,3552,1761,11,1772,1867,0,1867,793,0,793,359,0,359,8185,2276,10461
POA2533,0,1228,1228,2148,73,2221,821,16,837,842,0,842,392,0,392,109,0,109,4312,1317,5629
POA2534,0,411,411,617,27,644,213,4,217,285,0,285,145,0,145,59,0,59,1319,442,1761
POA2535,0,813,813,1242,60,1302,315,3,318,288,0,288,124,0,124,54,0,54,2023,876,2899
POA2536,0,1899,1899,2728,148,2876,841,16,857,647,4,651,313,0,313,188,0,188,4717,2067,6784
POA2537,0,1289,1289,1806,87,1893,553,6,559,424,3,427,198,3,201,100,0,100,3081,1388,4469
POA2538,0,200,200,310,5,315,110,0,110,103,0,103,53,0,53,18,0,18,594,205,799
POA2539,0,1944,1944,2743,149,2892,837,7,844,713,7,720,300,3,303,119,0,119,4712,2110,6822
POA2540,0,3973,3973,6058,311,6369,1998,28,2026,1934,6,1940,857,0,857,423,0,423,11270,4318,15588
POA2541,0,2900,2900,3053,243,3296,1297,30,1327,1089,8,1097,502,5,507,239,0,239,6180,3186,9366
POA2545,0,115,115,170,12,182,64,0,64,31,0,31,23,0,23,8,0,8,296,127,423
POA2546,0,1210,1210,1566,77,1643,401,5,406,294,0,294,119,0,119,61,0,61,2441,1292,3733
POA2548,0,858,858,1274,62,1336,294,9,303,247,0,247,97,0,97,37,0,37,1949,929,2878
POA2549,0,332,332,535,25,560,203,0,203,178,0,178,80,0,80,35,0,35,1031,357,1388
POA2550,0,1535,1535,2240,155,2395,798,17,815,744,0,744,363,0,363,150,0,150,4295,1707,6002
POA2551,0,407,407,544,43,587,195,6,201,121,0,121,73,0,73,20,0,20,953,456,1409
POA2555,0,19,19,27,7,34,12,0,12,20,0,20,15,0,15,20,0,20,94,26,120
POA2556,0,62,62,173,6,179,115,3,118,133,0,133,92,0,92,65,0,65,578,71,649
POA2557,0,128,128,274,9,283,165,0,165,221,0,221,162,0,162,118,0,118,940,137,1077
POA2558,0,449,449,777,63,840,682,0,682,799,3,802,366,0,366,227,0,227,2851,515,3366
POA2559,0,136,136,188,13,201,172,6,178,168,0,168,101,0,101,146,0,146,775,155,930
POA2560,0,4644,4644,6614,479,7093,4301,76,4377,4122,17,4139,2058,4,2062,1476,0,1476,18571,5220,23791
POA2563,0,11,11,28,0,28,11,0,11,13,0,13,4,0,4,7,0,7,63,11,74
POA2564,0,956,956,1134,85,1219,802,3,805,800,4,804,381,0,381,296,0,296,3413,1048,4461
POA2565,0,1177,1177,1447,119,1566,1024,9,1033,1071,4,1075,466,4,470,271,0,271,4279,1313,5592
POA2566,0,1134,1134,1871,123,1994,1472,8,1480,1596,3,1599,746,3,749,521,0,521,6206,1271,7477
POA2567,0,1122,1122,2626,140,2766,1872,23,1895,2837,3,2840,1176,3,1179,568,0,568,9079,1291,10370
POA2568,0,47,47,101,8,109,28,0,28,56,0,56,34,0,34,12,0,12,231,55,286
POA2569,0,50,50,115,3,118,75,5,80,89,0,89,49,0,49,16,0,16,344,58,402
POA2570,0,1590,1590,2860,139,2999,1532,31,1563,1805,6,1811,884,11,895,457,3,460,7538,1780,9318
POA2571,0,552,552,973,35,1008,548,7,555,674,0,674,340,0,340,171,0,171,2706,594,3300
POA2572,0,234,234,394,23,417,211,0,211,240,0,240,105,0,105,63,0,63,1013,257,1270
POA2573,0,359,359,495,33,528,267,5,272,264,0,264,123,0,123,74,0,74,1223,397,1620
POA2574,0,341,341,549,29,578,271,0,271,347,0,347,169,0,169,104,0,104,1440,370,1810
POA2575,0,1207,1207,1637,78,1715,709,6,715,784,6,790,393,0,393,169,0,169,3692,1297,4989
POA2576,0,1378,1378,1986,61,2047,540,8,548,599,6,605,286,0,286,131,0,131,3542,1453,4995
POA2577,0,1418,1418,2029,110,2139,740,13,753,697,0,697,337,0,337,183,0,183,3986,1541,5527
POA2578,0,291,291,400,20,420,98,0,98,93,0,93,43,0,43,24,0,24,658,311,969
POA2579,0,299,299,522,32,554,171,3,174,146,3,149,87,0,87,56,0,56,982,337,1319
POA2580,0,3029,3029,3469,212,3681,1473,18,1491,1272,5,1277,582,4,586,267,0,267,7063,3268,10331
POA2581,0,192,192,280,15,295,111,0,111,103,0,103,50,0,50,14,0,14,558,207,765
POA2582,0,790,790,1434,69,1503,554,8,562,649,4,653,333,0,333,138,0,138,3108,871,3979
POA2583,0,459,459,614,14,628,201,0,201,183,0,183,99,0,99,33,0,33,1130,473,1603
POA2584,0,54,54,78,4,82,25,0,25,17,0,17,13,0,13,0,0,0,133,58,191
POA2585,0,32,32,40,4,44,13,0,13,12,0,12,8,0,8,3,0,3,76,36,112
POA2586,0,347,347,381,18,399,115,0,115,118,0,118,76,0,76,36,0,36,726,365,1091
POA2587,0,355,355,435,26,461,116,0,116,125,0,125,65,0,65,34,0,34,775,381,1156
POA2588,0,25,25,41,0,41,11,0,11,21,0,21,5,0,5,3,0,3,81,25,106
POA2590,0,861,861,1104,39,1143,319,0,319,301,0,301,164,0,164,63,0,63,1951,900,2851
POA2594,0,1194,1194,1375,84,1459,572,4,576,561,3,564,286,0,286,166,0,166,2960,1285,4245
POA2618,0,61,61,163,7,170,76,0,76,85,0,85,44,0,44,21,0,21,389,68,457
POA2619,0,321,321,805,44,849,528,8,536,819,0,819,336,0,336,106,0,106,2594,373,2967
POA2620,0,3988,3988,3945,333,4278,2035,56,2091,1983,10,1993,853,5,858,374,0,374,9190,4392,13582
POA2621,0,249,249,597,23,620,307,4,311,368,0,368,163,0,163,55,0,55,1490,276,1766
POA2622,0,381,381,466,19,485,156,3,159,142,0,142,65,0,65,25,0,25,854,403,1257
POA2623,0,72,72,90,11,101,40,0,40,27,0,27,16,0,16,14,0,14,187,83,270
POA2625,0,37,37,11,4,15,10,0,10,7,0,7,0,0,0,0,0,0,28,41,69
POA2626,0,38,38,56,3,59,21,3,24,35,0,35,8,0,8,9,0,9,129,44,173
POA2627,0,318,318,383,47,430,165,21,186,240,10,250,72,7,79,20,0,20,880,403,1283
POA2628,0,192,192,238,8,246,109,0,109,94,0,94,33,0,33,14,0,14,488,200,688
POA2629,0,67,67,109,3,112,22,0,22,27,0,27,5,0,5,3,0,3,166,70,236
POA2630,0,1055,1055,1163,71,1234,391,6,397,363,3,366,191,0,191,73,0,73,2181,1135,3316
POA2631,0,80,80,117,6,123,30,0,30,40,0,40,15,0,15,5,0,5,207,86,293
POA2632,0,223,223,254,16,270,72,3,75,76,0,76,35,0,35,15,0,15,452,242,694
POA2633,0,80,80,75,0,75,20,0,20,13,0,13,9,0,9,3,0,3,120,80,200
POA2640,0,3619,3619,4007,421,4428,1748,115,1863,1778,36,1814,732,9,741,287,5,292,8552,4205,12757
POA2641,0,1980,1980,1872,212,2084,785,22,807,637,7,644,291,3,294,124,0,124,3709,2224,5933
POA2642,0,383,383,617,30,647,241,0,241,285,0,285,146,0,146,70,0,70,1359,413,1772
POA2643,0,250,250,404,20,424,123,3,126,128,0,128,56,0,56,20,0,20,731,273,1004
POA2644,0,307,307,352,26,378,139,0,139,109,0,109,70,0,70,30,0,30,700,333,1033
POA2645,0,38,38,50,4,54,18,0,18,7,0,7,3,0,3,3,0,3,81,42,123
POA2646,0,820,820,1005,69,1074,297,4,301,317,0,317,145,0,145,71,0,71,1835,893,2728
POA2647,0,220,220,362,22,384,62,0,62,68,0,68,39,0,39,13,0,13,544,242,786
POA2648,0,292,292,377,20,397,110,0,110,96,0,96,38,0,38,29,0,29,650,312,962
POA2649,0,0,0,5,0,5,0,0,0,0,0,0,0,0,0,0,0,0,5,0,5
POA2650,0,5212,5212,6387,694,7081,2836,186,3022,2734,64,2798,1398,16,1414,638,0,638,13993,6172,20165
POA2651,0,135,135,184,23,207,103,3,106,107,0,107,56,0,56,18,0,18,468,161,629
POA2652,0,408,408,670,22,692,246,0,246,226,0,226,150,0,150,67,0,67,1359,430,1789
POA2653,0,252,252,329,16,345,109,0,109,92,0,92,39,0,39,28,0,28,597,268,865
POA2655,0,105,105,134,8,142,62,0,62,45,0,45,27,0,27,13,0,13,281,113,394
POA2656,0,152,152,177,9,186,63,0,63,47,0,47,31,0,31,24,0,24,342,161,503
POA2658,0,169,169,189,12,201,65,0,65,48,0,48,40,0,40,21,0,21,363,181,544
POA2659,0,81,81,127,9,136,44,3,47,43,0,43,19,0,19,12,0,12,245,93,338
POA2660,0,168,168,225,8,233,74,0,74,62,0,62,42,0,42,27,0,27,430,176,606
POA2661,0,10,10,23,0,23,3,0,3,16,0,16,5,0,5,5,0,5,52,10,62
POA2663,0,415,415,448,27,475,194,0,194,186,0,186,88,0,88,67,0,67,983,442,1425
POA2665,0,250,250,319,12,331,112,0,112,93,0,93,72,0,72,34,0,34,630,262,892
POA2666,0,630,630,703,42,745,233,0,233,220,0,220,115,0,115,74,0,74,1345,672,2017
POA2668,0,45,45,58,4,62,14,0,14,16,0,16,13,0,13,5,0,5,106,49,155
POA2669,0,179,179,255,18,273,89,0,89,85,0,85,58,0,58,52,0,52,539,197,736
POA2671,0,453,453,563,19,582,174,4,178,157,0,157,92,0,92,60,0,60,1046,476,1522
POA2672,0,165,165,193,7,200,64,0,64,69,0,69,46,0,46,19,0,19,391,172,563
POA2675,0,175,175,192,15,207,69,3,72,67,0,67,25,0,25,16,0,16,369,193,562
POA2678,0,0,0,0,0,0,0,0,0,0,0,0,0,0,0,0,0,0,0,0,0
POA2680,0,1894,1894,2419,155,2574,1120,23,1143,1160,5,1165,715,0,715,337,5,342,5751,2082,7833
POA2681,0,160,160,187,15,202,71,0,71,102,0,102,55,0,55,13,0,13,428,175,603
POA2700,0,603,603,586,30,616,227,0,227,217,4,221,112,0,112,62,0,62,1204,637,1841
POA2701,0,186,186,314,15,329,98,0,98,122,0,122,77,0,77,40,0,40,651,201,852
POA2702,0,80,80,87,7,94,14,0,14,24,0,24,20,0,20,11,0,11,156,87,243
POA2703,0,92,92,72,3,75,25,0,25,23,0,23,23,0,23,11,0,11,154,95,249
POA2705,0,904,904,1103,72,1175,549,12,561,484,0,484,261,0,261,130,0,130,2527,988,3515
POA2706,0,107,107,149,6,155,59,3,62,66,0,66,28,0,28,13,0,13,315,116,431
POA2707,0,127,127,174,5,179,58,0,58,58,0,58,48,0,48,18,0,18,356,132,488
POA2710,0,1264,1264,1396,71,1467,487,6,493,412,3,415,216,0,216,105,0,105,2616,1344,3960
POA2711,0,395,395,413,29,442,176,3,179,145,0,145,78,0,78,49,0,49,861,427,1288
POA2712,0,206,206,207,7,214,61,0,61,65,0,65,30,0,30,18,0,18,381,213,594
POA2713,0,374,374,456,22,478,112,0,112,115,0,115,69,0,69,54,0,54,806,396,1202
POA2714,0,308,308,430,16,446,93,0,93,83,0,83,28,0,28,14,0,14,648,324,972
POA2715,0,173,173,216,9,225,83,0,83,68,0,68,33,0,33,18,0,18,418,182,600
POA2716,0,133,133,136,11,147,42,0,42,47,0,47,31,0,31,9,0,9,265,144,409
POA2717,0,138,138,187,8,195,68,0,68,63,0,63,38,0,38,23,0,23,379,146,525
POA2720,0,849,849,990,48,1038,417,0,417,399,0,399,191,3,194,75,0,75,2072,900,2972
POA2721,0,24,24,66,0,66,11,0,11,15,0,15,11,0,11,6,0,6,109,24,133
POA2722,0,315,315,380,19,399,172,0,172,120,0,120,80,0,80,50,0,50,802,334,1136
POA2725,0,46,46,67,3,70,32,0,32,17,0,17,6,0,6,9,0,9,131,49,180
POA2726,0,31,31,47,4,51,11,0,11,14,0,14,11,0,11,5,0,5,88,35,123
POA2727,0,57,57,79,3,82,20,0,20,26,0,26,18,0,18,15,0,15,158,60,218
POA2729,0,166,166,243,10,253,82,0,82,101,0,101,40,0,40,18,0,18,484,176,660
POA2730,0,190,190,234,6,240,53,5,58,57,0,57,26,0,26,17,0,17,387,201,588
POA2731,0,569,569,876,42,918,224,13,237,252,0,252,130,0,130,38,0,38,1520,624,2144
POA2732,0,229,229,294,10,304,79,0,79,76,0,76,38,0,38,9,0,9,496,239,735
POA2733,0,77,77,89,4,93,24,0,24,33,0,33,11,0,11,6,0,6,163,81,244
POA2735,0,32,32,87,0,87,29,0,29,36,0,36,19,0,19,11,0,11,182,32,214
POA2736,0,46,46,70,0,70,18,0,18,13,0,13,7,0,7,4,0,4,112,46,158
POA2737,0,58,58,95,0,95,34,6,40,38,0,38,28,0,28,11,0,11,206,64,270
POA2738,0,71,71,163,6,169,66,3,69,71,0,71,31,0,31,20,0,20,351,80,431
POA2739,0,132,132,183,8,191,89,0,89,71,0,71,44,0,44,18,0,18,405,140,545
POA2745,0,952,952,2045,94,2139,1480,15,1495,2055,3,2058,919,0,919,476,0,476,6975,1064,8039
POA2747,0,2493,2493,3281,307,3588,2171,43,2214,1977,8,1985,981,4,985,533,0,533,8943,2855,11798
POA2748,0,51,51,133,5,138,88,3,91,110,0,110,85,0,85,53,0,53,469,59,528
POA2749,0,686,686,1319,80,1399,951,7,958,1088,0,1088,535,3,538,295,0,295,4188,776,4964
POA2750,0,4063,4063,4811,400,5211,2498,56,2554,2397,12,2409,998,3,1001,518,0,518,11222,4534,15756
POA2752,0,217,217,377,19,396,247,4,251,326,0,326,194,0,194,85,0,85,1229,240,1469
POA2753,0,1385,1385,1569,135,1704,907,26,933,903,0,903,483,0,483,301,0,301,4163,1546,5709
POA2754,0,404,404,609,33,642,318,7,325,297,3,300,132,0,132,86,0,86,1442,447,1889
POA2756,0,2012,2012,2965,214,3179,1965,33,1998,1981,9,1990,1018,3,1021,523,0,523,8452,2271,10723
POA2757,0,51,51,103,3,106,38,0,38,55,0,55,22,0,22,15,0,15,233,54,287
POA2758,0,363,363,854,36,890,409,0,409,512,4,516,298,0,298,156,0,156,2229,403,2632
POA2759,0,820,820,1930,98,2028,1703,10,1713,1966,0,1966,943,3,946,505,0,505,7047,931,7978
POA2760,0,2274,2274,2630,275,2905,1604,35,1639,1388,8,1396,744,0,744,503,0,503,6869,2592,9461
POA2761,0,762,762,1437,106,1543,1541,13,1554,2040,5,2045,1098,0,1098,697,0,697,6813,886,7699
POA2762,0,243,243,338,29,367,235,5,240,227,0,227,121,0,121,74,0,74,995,277,1272
POA2763,0,1100,1100,2189,133,2322,1896,31,1927,2279,7,2286,998,0,998,535,0,535,7897,1271,9168
POA2765,0,939,939,1328,99,1427,763,10,773,817,0,817,429,3,432,306,0,306,3643,1051,4694
POA2766,0,547,547,971,71,1042,720,6,726,890,0,890,486,3,489,363,0,363,3430,627,4057
POA2767,0,862,862,1342,90,1432,1210,15,1225,1245,5,1250,671,3,674,466,0,466,4934,975,5909
POA2768,0,690,690,1447,74,1521,1448,25,1473,2225,16,2241,971,14,985,491,17,508,6582,836,7418
POA2769,0,48,48,245,3,248,197,3,200,251,3,254,93,0,93,36,0,36,822,57,879
POA2770,0,3392,3392,4318,362,4680,3390,32,3422,3070,18,3088,1889,3,1892,1877,0,1877,14544,3807,18351
POA2773,0,374,374,595,34,629,340,7,347,412,4,416,196,0,196,74,0,74,1617,419,2036
POA2774,0,806,806,1435,75,1510,799,6,805,837,4,841,358,0,358,149,0,149,3578,891,4469
POA2775,0,223,223,175,21,196,55,5,60,54,0,54,34,0,34,17,0,17,335,249,584
POA2776,0,267,267,447,24,471,251,6,257,253,0,253,112,0,112,59,0,59,1122,297,1419
POA2777,0,1330,1330,2014,102,2116,1026,18,1044,1077,3,1080,500,3,503,230,3,233,4847,1459,6306
POA2778,0,194,194,288,27,315,132,0,132,151,0,151,68,0,68,30,0,30,669,221,890
POA2779,0,408,408,472,46,518,291,0,291,305,0,305,120,0,120,40,0,40,1228,454,1682
POA2780,0,1928,1928,1582,221,1803,618,16,634,483,7,490,188,0,188,107,3,110,2978,2175,5153
POA2782,0,667,667,835,53,888,318,6,324,255,3,258,106,0,106,45,0,45,1559,729,2288
POA2783,0,311,311,310,32,342,167,4,171,165,0,165,60,0,60,40,0,40,742,347,1089
POA2784,0,122,122,134,20,154,73,0,73,66,0,66,25,0,25,15,0,15,313,142,455
POA2785,0,613,613,662,37,699,188,11,199,173,5,178,67,0,67,26,0,26,1116,666,1782
POA2786,0,145,145,132,16,148,63,3,66,45,0,45,16,0,16,5,0,5,261,164,425
POA2787,0,443,443,546,25,571,217,0,217,199,0,199,114,0,114,42,0,42,1118,468,1586
POA2790,0,1872,1872,1918,120,2038,725,7,732,713,0,713,316,0,316,122,3,125,3794,2002,5796
POA2791,0,58,58,88,3,91,30,0,30,27,0,27,24,0,24,13,0,13,182,61,243
POA2792,0,52,52,68,4,72,21,0,21,32,0,32,9,0,9,4,0,4,134,56,190
POA2793,0,139,139,194,7,201,56,0,56,34,0,34,27,0,27,10,0,10,321,146,467
POA2794,0,1210,1210,1317,81,1398,476,8,484,431,5,436,235,3,238,116,0,116,2575,1307,3882
POA2795,0,3665,3665,4546,398,4944,1993,99,2092,1977,45,2022,945,12,957,458,3,461,9919,4222,14141
POA2797,0,35,35,39,3,42,10,0,10,6,0,6,0,0,0,4,0,4,59,38,97
POA2798,0,153,153,281,5,286,97,0,97,143,0,143,76,0,76,35,0,35,632,158,790
POA2799,0,402,402,462,28,490,209,3,212,175,0,175,94,0,94,60,0,60,1000,433,1433
POA2800,0,4060,4060,4657,351,5008,2110,72,2182,2096,31,2127,1116,5,1121,506,3,509,10485,4522,15007
POA2803,0,35,35,55,0,55,14,0,14,11,0,11,6,0,6,3,0,3,89,35,124
POA2804,0,300,300,366,23,389,116,3,119,121,0,121,66,0,66,30,0,30,699,326,1025
POA2805,0,43,43,46,0,46,14,0,14,10,0,10,7,0,7,6,0,6,83,43,126
POA2806,0,102,102,137,6,143,45,0,45,34,0,34,25,0,25,5,0,5,246,108,354
POA2807,0,52,52,33,7,40,9,0,9,18,0,18,0,0,0,0,0,0,60,59,119
POA2808,0,35,35,41,3,44,10,0,10,4,0,4,4,0,4,0,0,0,59,38,97
POA2809,0,26,26,41,9,50,15,0,15,17,0,17,7,0,7,3,0,3,83,35,118
POA2810,0,389,389,477,18,495,149,3,152,109,0,109,75,0,75,24,0,24,834,410,1244
POA2820,0,846,846,955,55,1010,368,6,374,325,0,325,193,0,193,97,0,97,1938,907,2845
POA2821,0,493,493,587,37,624,244,6,250,231,0,231,129,0,129,81,0,81,1272,536,1808
POA2823,0,165,165,180,7,187,72,0,72,50,0,50,42,0,42,25,0,25,369,172,541
POA2824,0,306,306,310,16,326,120,3,123,104,0,104,58,0,58,27,0,27,619,325,944
POA2825,0,305,305,293,14,307,127,0,127,129,0,129,73,0,73,39,0,39,661,319,980
POA2827,0,399,399,474,19,493,192,0,192,161,0,161,82,0,82,32,0,32,941,418,1359
POA2828,0,64,64,95,6,101,29,0,29,14,0,14,9,0,9,13,0,13,160,70,230
POA2829,0,362,362,407,25,432,145,0,145,134,0,134,82,0,82,49,0,49,817,387,1204
POA2830,0,3526,3526,4292,367,4659,2026,50,2076,1912,11,1923,985,3,988,523,3,526,9738,3960,13698
POA2831,0,297,297,481,25,506,189,5,194,192,0,192,101,0,101,56,0,56,1019,327,1346
POA2832,0,289,289,259,17,276,132,3,135,104,5,109,74,0,74,55,0,55,624,314,938
POA2833,0,102,102,84,8,92,36,3,39,22,0,22,21,0,21,16,0,16,179,113,292
POA2834,0,493,493,304,45,349,96,3,99,69,3,72,51,0,51,25,0,25,545,544,1089
POA2835,0,459,459,504,29,533,197,5,202,199,0,199,107,0,107,45,0,45,1052,493,1545
POA2836,0,114,114,80,4,84,35,5,40,32,0,32,17,0,17,34,0,34,198,123,321
POA2839,0,139,139,111,17,128,72,0,72,48,0,48,31,0,31,42,0,42,304,156,460
POA2840,0,286,286,282,23,305,102,0,102,116,0,116,74,0,74,54,0,54,628,309,937
POA2842,0,62,62,75,4,79,20,0,20,18,0,18,7,0,7,7,0,7,127,66,193
POA2843,0,135,135,158,9,167,60,0,60,64,0,64,31,0,31,12,0,12,325,144,469
POA2844,0,145,145,214,10,224,49,0,49,55,0,55,35,0,35,16,0,16,369,155,524
POA2845,0,149,149,221,13,234,91,0,91,125,0,125,51,0,51,19,0,19,507,162,669
POA2846,0,44,44,57,4,61,19,0,19,13,0,13,4,0,4,6,0,6,99,48,147
POA2847,0,241,241,312,18,330,124,0,124,111,0,111,52,0,52,29,0,29,628,259,887
POA2848,0,266,266,234,13,247,91,0,91,67,0,67,38,0,38,20,0,20,450,279,729
POA2849,0,210,210,246,17,263,81,0,81,63,0,63,39,0,39,9,0,9,438,227,665
POA2850,0,1518,1518,2051,147,2198,813,15,828,737,4,741,399,0,399,175,0,175,4175,1684,5859
POA2852,0,327,327,429,26,455,177,0,177,156,0,156,91,0,91,42,0,42,895,353,1248
POA2864,0,76,76,142,5,147,67,0,67,60,0,60,40,0,40,18,0,18,327,81,408
POA2865,0,89,89,97,0,97,33,0,33,29,0,29,23,0,23,12,0,12,194,89,283
POA2866,0,248,248,364,23,387,130,0,130,142,3,145,69,0,69,52,0,52,757,274,1031
POA2867,0,45,45,91,3,94,36,0,36,23,0,23,17,0,17,9,0,9,176,48,224
POA2868,0,58,58,62,7,69,20,0,20,23,0,23,11,0,11,12,0,12,128,65,193
POA2869,0,191,191,216,12,228,66,3,69,53,0,53,31,0,31,22,0,22,388,206,594
POA2870,0,1254,1254,1453,68,1521,618,18,636,510,3,513,337,0,337,195,0,195,3113,1343,4456
POA2871,0,1055,1055,1205,69,1274,403,7,410,375,0,375,239,0,239,98,0,98,2320,1131,3451
POA2873,0,93,93,111,3,114,27,0,27,25,0,25,15,0,15,4,0,4,182,96,278
POA2874,0,43,43,59,0,59,16,0,16,21,0,21,9,0,9,4,0,4,109,43,152
POA2875,0,106,106,150,5,155,63,0,63,39,0,39,25,0,25,15,0,15,292,111,403
POA2876,0,29,29,34,6,40,11,0,11,11,0,11,7,0,7,11,0,11,74,35,109
POA2877,0,457,457,503,39,542,220,0,220,184,0,184,104,0,104,54,0,54,1065,496,1561
POA2878,0,34,34,21,3,24,4,0,4,4,0,4,5,0,5,3,0,3,37,37,74
POA2879,0,117,117,122,11,133,42,0,42,27,0,27,16,0,16,8,0,8,215,128,343
POA2880,0,2577,2577,2600,143,2743,1019,7,1026,809,5,814,360,0,360,171,0,171,4959,2732,7691
POA2898,0,42,42,45,3,48,19,0,19,22,0,22,3,0,3,0,0,0,89,45,134
