region_id,Num_MVs_per_dweling_0_MVs,Num_MVs_per_dweling_1_MVs,Num_MVs_per_dweling_2_MVs,Num_MVs_per_dweling_3_MVs,Num_MVs_per_dweling_4mo_MVs,Num_MVs_per_dweling_Tot,Num_MVs_NS,Total_dwelings
1100101,0,0,0,0,0,0,0,0
1100102,5,71,89,39,13,217,8,225
1100103,0,0,6,0,0,6,0,6
1100104,0,3,3,0,3,9,0,9
1100105,9,54,44,8,5,120,6,126
1100106,17,34,14,0,0,65,4,69
1100107,15,17,35,16,6,89,7,96
1100108,5,39,38,10,4,96,3,99
1100109,3,49,44,14,8,118,6,124
1100110,15,91,65,18,15,204,6,210
1100111,7,53,98,30,16,204,8,212
1100112,0,41,61,24,14,140,3,143
1100113,16,52,68,23,6,165,3,168
1100114,15,58,56,13,5,147,6,153
1100115,27,110,52,16,4,209,8,217
1100116,24,89,60,13,7,193,8,201
1100117,13,35,36,13,4,101,0,101
1100118,3,51,52,15,6,127,5,132
1100119,7,58,41,13,4,123,3,126
1100120,14,67,61,17,7,166,5,171
1100121,21,51,18,10,0,100,6,106
1100122,0,18,47,22,4,91,0,91
1100123,6,49,37,19,8,119,7,126
1100124,29,65,47,10,7,158,6,164
1100125,0,13,66,24,24,127,3,130
1100126,0,15,44,16,10,85,5,90
1100127,18,74,59,17,3,171,3,174
1100128,23,64,21,3,8,119,5,124
1100129,15,68,57,25,7,172,7,179
1100130,20,46,40,9,3,118,9,127
1100131,5,62,38,11,8,124,0,124
1100132,43,119,88,11,6,267,10,277
1100133,8,49,48,21,5,131,3,134
1100134,3,21,64,18,15,121,4,125
1100135,8,47,51,28,6,140,6,146
1100136,16,73,78,23,9,199,8,207
1100137,5,44,33,8,0,90,5,95
1100138,52,74,47,7,0,180,15,195
1100139,6,48,23,8,5,90,9,99
1100140,13,64,29,13,3,122,9,131
1100141,24,77,67,12,8,188,10,198
1100142,10,57,39,8,0,114,6,120
1100143,13,81,53,16,3,166,4,170
1100144,3,28,37,11,3,82,3,85
1100145,18,49,36,4,5,112,6,118
1100146,22,92,44,21,0,179,7,186
1100147,28,111,54,16,7,216,6,222
1100148,28,57,30,18,6,139,4,143
1100149,7,52,49,20,15,143,4,147
1100150,7,45,40,15,4,111,3,114
1100151,3,17,31,6,3,60,3,63
1100152,16,48,16,0,0,80,9,89
1100153,38,64,48,18,12,180,13,193
1100154,9,55,85,24,3,176,3,179
1100155,25,61,27,4,3,120,5,125
1100156,3,55,56,17,9,140,3,143
1100157,59,98,50,15,10,232,13,245
1100158,7,56,52,12,8,135,4,139
1100159,3,16,8,9,6,42,4,46
1100160,0,3,0,0,3,6,0,6
1100161,0,27,55,16,3,101,7,108
1100201,8,83,82,37,17,227,5,232
1100202,8,70,54,10,5,147,3,150
1100203,6,50,50,21,10,137,6,143
1100204,10,35,60,8,8,121,0,121
1100205,16,80,75,27,14,212,8,220
1100206,0,45,65,24,12,146,0,146
1100207,4,30,79,37,26,176,3,179
1100208,0,25,46,28,17,116,0,116
1100209,3,29,39,9,6,86,4,90
1100210,4,27,47,30,11,119,4,123
1100211,3,20,33,14,7,77,0,77
1100212,0,28,53,28,20,129,3,132
1100213,0,24,46,22,7,99,0,99
1100214,0,20,43,13,13,89,3,92
1100215,0,25,38,17,13,93,3,96
1100216,3,35,63,34,34,169,9,178
1100217,3,18,64,22,13,120,3,123
1100218,5,26,46,32,10,119,3,122
1100219,0,31,55,28,10,124,3,127
1100220,0,38,45,26,3,112,4,116
1100221,0,22,39,22,14,97,0,97
1100222,3,25,76,41,28,173,8,181
1100223,10,54,53,25,24,166,6,172
1100224,0,16,36,23,10,85,5,90
1100225,0,27,42,29,18,116,7,123
1100226,0,44,100,40,18,202,6,208
1100227,0,31,78,24,13,146,5,151
1100228,0,26,66,25,15,132,3,135
1100229,0,14,28,19,13,74,3,77
1100230,7,38,31,18,9,103,0,103
1100231,21,57,69,17,11,175,11,186
1100232,0,17,38,11,7,73,0,73
1100233,0,32,39,19,10,100,3,103
1100301,11,85,82,24,10,212,11,223
1100302,0,8,26,10,7,51,3,54
1100303,11,45,42,10,4,112,3,115
1100304,10,64,87,22,4,187,4,191
1100305,4,19,55,28,30,136,3,139
1100306,7,40,59,25,7,138,0,138
1100307,28,98,58,24,13,221,16,237
1100308,4,19,34,25,21,103,0,103
1100309,5,43,82,25,10,165,3,168
1100310,20,55,55,28,5,163,4,167
1100311,23,96,65,25,13,222,8,230
1100312,12,77,78,32,13,212,5,217
1100313,7,35,62,25,5,134,3,137
1100314,11,62,64,21,16,174,6,180
1100401,0,33,18,8,3,62,4,66
1100402,3,47,40,19,7,116,3,119
1100403,4,7,18,5,3,37,0,37
1100404,0,23,154,38,22,237,0,237
1100405,0,12,50,18,18,98,3,101
1100406,0,29,43,10,5,87,0,87
1100407,0,23,72,29,23,147,0,147
1100408,0,16,51,28,10,105,3,108
1100409,0,4,25,12,10,51,0,51
1100410,0,15,43,33,26,117,3,120
1100411,0,14,41,19,5,79,0,79
1100412,0,8,41,22,20,91,3,94
1100413,0,20,40,17,12,89,0,89
1100414,0,12,39,19,8,78,0,78
1100415,3,29,39,22,39,132,0,132
1100416,0,19,64,24,11,118,0,118
1100417,0,13,32,24,16,85,0,85
1100418,0,0,0,0,0,0,0,0
1100419,3,17,31,15,3,69,0,69
1100420,3,19,58,41,28,149,0,149
1100421,3,20,33,18,13,87,4,91
1100422,0,31,50,22,19,122,0,122
1100423,0,12,21,19,3,55,5,60
1100424,0,14,35,30,15,94,0,94
1100425,0,43,78,44,30,195,3,198
1100426,3,25,46,18,21,113,0,113
1100427,3,3,30,15,23,74,0,74
1100428,0,15,50,30,25,120,3,123
1100429,4,27,40,23,11,105,3,108
1100430,4,13,40,13,4,74,3,77
1100431,0,31,97,48,21,197,4,201
1100432,0,20,47,24,8,99,3,102
1100433,7,39,47,22,7,122,3,125
1100434,4,28,41,15,10,98,0,98
1100501,0,12,25,10,5,52,0,52
1100502,15,71,48,16,7,157,3,160
1100503,3,54,73,18,4,152,6,158
1100504,21,82,78,25,12,218,5,223
1100505,26,113,59,22,5,225,10,235
1100506,28,85,37,11,0,161,11,172
1100507,16,46,24,6,4,96,3,99
1100508,12,44,24,3,0,83,3,86
1100509,19,56,59,16,4,154,0,154
1100510,20,60,46,15,6,147,14,161
1100511,22,50,30,6,4,112,8,120
1100512,32,102,47,5,7,193,7,200
1100513,0,13,55,21,11,100,5,105
1100514,0,18,50,27,14,109,3,112
1100515,3,26,67,24,16,136,4,140
1100516,0,24,35,17,17,93,0,93
1100517,0,35,73,43,22,173,3,176
1100518,0,13,38,17,10,78,0,78
1100519,7,29,33,21,8,98,5,103
1100520,0,35,58,26,9,128,0,128
1100521,12,58,20,9,0,99,10,109
1100522,0,21,33,14,13,81,0,81
1100523,22,54,12,3,0,91,5,96
1100524,23,56,43,9,9,140,4,144
1100525,25,72,37,8,0,142,4,146
1100526,3,17,28,19,3,70,3,73
1100527,10,70,69,16,3,168,10,178
1100528,7,15,0,0,0,22,0,22
1100529,6,41,41,8,3,99,0,99
1100530,14,57,38,10,0,119,3,122
1100601,16,90,81,21,9,217,12,229
1100602,8,66,62,12,12,160,3,163
1100603,14,54,44,10,0,122,9,131
1100604,29,81,62,24,12,208,7,215
1100605,10,39,43,15,10,117,3,120
1100606,11,60,51,9,3,134,11,145
1100607,5,29,40,13,8,95,3,98
1100608,14,57,56,15,4,146,10,156
1100609,15,59,46,17,5,142,9,151
1100610,6,62,31,11,5,115,5,120
1100611,5,27,48,19,18,117,9,126
1100612,0,32,62,25,21,140,3,143
1100613,3,39,76,36,21,175,3,178
1100614,3,23,37,17,11,91,5,96
1100615,0,21,36,7,9,73,0,73
1100616,4,63,47,23,14,151,6,157
1100617,3,25,59,31,24,142,4,146
1100618,3,19,41,13,9,85,3,88
1100619,4,29,65,33,21,152,6,158
1100620,5,29,47,20,8,109,0,109
1100621,4,32,52,26,9,123,4,127
1100701,0,29,45,13,9,96,0,96
1100702,0,19,50,26,16,111,0,111
1100703,7,60,51,15,7,140,7,147
1100704,7,77,72,10,6,172,7,179
1100705,12,52,44,11,12,131,0,131
1100706,0,31,33,14,7,85,3,88
1100707,4,50,61,12,5,132,3,135
1100708,0,43,71,28,16,158,6,164
1100709,0,15,45,25,8,93,4,97
1100710,0,51,59,19,17,146,7,153
1100801,0,66,50,20,6,142,8,150
1100802,8,66,70,29,20,193,6,199
1100803,27,54,36,11,7,135,3,138
1100804,18,92,41,11,4,166,11,177
1100805,13,36,28,10,5,92,10,102
1100806,13,35,51,27,9,135,4,139
1100807,8,75,69,23,6,181,11,192
1100808,11,63,60,26,16,176,4,180
1100809,0,0,0,0,0,0,0,0
1100810,3,18,21,24,11,77,3,80
1100811,9,44,42,17,12,124,4,128
1100812,0,27,49,8,4,88,0,88
1100813,4,29,61,27,16,137,0,137
1100814,3,58,68,36,15,180,0,180
1100815,18,104,51,24,4,201,22,223
1100816,40,74,47,19,5,185,9,194
1100817,8,36,41,26,10,121,3,124
1100818,15,41,39,16,9,120,8,128
1100819,0,29,70,26,14,139,3,142
1100820,3,29,30,19,14,95,0,95
1100821,0,21,68,28,20,137,5,142
1100822,0,13,27,20,12,72,0,72
1100823,5,17,24,22,4,72,0,72
1100901,10,32,39,3,9,93,0,93
1100902,3,38,47,18,12,118,3,121
1100903,15,85,114,33,20,267,5,272
1100904,3,40,48,16,11,118,6,124
1100905,6,47,69,25,5,152,3,155
1100906,31,183,78,18,8,318,9,327
1100907,14,88,45,14,8,169,11,180
1100908,26,138,66,9,9,248,9,257
1100909,19,171,53,3,3,249,8,257
1100910,21,138,45,4,8,216,7,223
1100911,15,69,38,23,13,158,9,167
1100912,6,45,32,22,9,114,11,125
1100913,13,93,76,34,17,233,12,245
1100914,14,55,74,17,7,167,4,171
1100915,37,187,88,18,5,335,19,354
1100916,14,79,65,16,4,178,6,184
1100917,33,40,27,6,0,106,11,117
1100918,44,96,55,21,4,220,6,226
1100919,21,60,54,15,8,158,6,164
1100920,35,69,27,12,3,146,13,159
1100921,12,95,44,6,3,160,4,164
1100922,39,143,58,10,5,255,12,267
1101001,10,22,15,4,0,51,8,59
1101002,0,10,50,26,26,112,3,115
1101003,4,11,42,21,18,96,3,99
1101004,0,26,58,15,4,103,0,103
1101005,17,109,116,26,11,279,13,292
1101006,43,143,51,3,3,243,7,250
1101007,12,76,33,6,6,133,8,141
1101008,35,103,52,8,3,201,6,207
1101009,12,35,57,17,19,140,3,143
1101010,17,82,51,12,3,165,3,168
1101011,0,3,3,3,0,9,0,9
1101012,0,16,21,3,0,40,0,40
1101013,0,0,0,0,0,0,0,0
1101014,0,6,24,14,14,58,0,58
1101015,41,184,70,6,0,301,9,310
1101101,3,47,56,15,13,134,0,134
1101102,0,14,39,13,9,75,0,75
1101103,0,13,40,24,11,88,0,88
1101104,6,49,54,16,16,141,35,176
1101105,0,18,63,43,23,147,0,147
1101106,0,19,51,22,24,116,0,116
1101107,0,16,39,23,14,92,5,97
1101108,12,59,68,23,5,167,7,174
1101109,0,17,43,27,10,97,5,102
1101110,0,20,43,27,19,109,0,109
1101111,0,18,62,30,26,136,3,139
1101112,0,15,29,11,7,62,0,62
1101113,0,9,14,10,5,38,0,38
1101114,0,14,44,26,12,96,0,96
1101115,0,7,32,14,16,69,0,69
1101116,4,15,46,19,12,96,0,96
1101117,0,8,41,28,13,90,4,94
1101118,4,36,53,26,13,132,3,135
1101119,0,4,38,23,14,79,0,79
1101120,3,4,63,49,33,152,0,152
1101121,0,6,34,26,22,88,3,91
1101122,0,13,34,23,21,91,3,94
1101123,0,8,21,18,14,61,0,61
1101124,3,50,130,53,23,259,0,259
1101125,5,55,68,30,20,178,3,181
1101126,5,42,73,26,20,166,0,166
1101127,4,9,21,23,35,92,3,95
1101128,3,8,25,22,14,72,3,75
1101129,0,9,41,29,21,100,3,103
1101130,0,15,84,44,30,173,0,173
1101131,0,12,37,16,13,78,0,78
1101132,3,11,33,14,20,81,4,85
1101133,0,19,45,29,19,112,3,115
1101134,0,11,49,21,15,96,0,96
1101135,0,4,48,25,12,89,0,89
1101136,0,11,42,23,21,97,3,100
1101137,3,9,60,29,9,110,0,110
1101138,0,22,90,32,11,155,3,158
1101139,4,12,24,17,11,68,3,71
1101140,0,19,48,40,18,125,3,128
1101201,0,21,28,12,10,71,0,71
1101202,0,7,35,15,13,70,3,73
1101203,0,19,113,24,15,171,0,171
1101204,0,7,49,16,13,85,0,85
1101205,0,6,57,14,14,91,0,91
1101206,0,14,49,25,10,98,0,98
1101207,3,21,36,16,6,82,0,82
1101208,5,62,60,29,15,171,0,171
1101209,0,23,104,47,25,199,0,199
1101210,3,36,70,36,8,153,4,157
1101211,0,30,111,31,8,180,4,184
1101212,3,22,75,11,3,114,0,114
1101213,3,46,88,20,13,170,0,170
1101214,0,18,90,23,24,155,0,155
1101215,0,49,94,11,9,163,3,166
1101216,0,24,59,17,10,110,0,110
1101217,0,0,0,5,0,5,0,5
1101218,3,66,80,22,12,183,3,186
1101219,22,120,79,22,8,251,7,258
1101220,0,54,54,28,18,154,3,157
1101221,0,27,47,12,8,94,4,98
1101222,3,38,92,19,16,168,3,171
1101223,3,89,95,25,7,219,0,219
1101224,0,41,76,31,29,177,0,177
1101225,0,0,0,0,0,0,0,0
1101226,0,0,0,0,0,0,0,0
1101227,0,5,78,16,17,116,3,119
1101228,0,52,56,28,7,143,0,143
1101229,17,44,59,23,6,149,4,153
1101230,6,28,20,9,11,74,0,74
1101231,0,21,53,20,7,101,0,101
1101232,0,33,86,23,10,152,0,152
1101301,16,50,37,12,3,118,5,123
1101302,26,64,75,21,4,190,11,201
1101303,9,43,35,19,3,109,5,114
1101304,10,71,71,23,12,187,8,195
1101305,3,29,34,7,10,83,0,83
1101306,0,16,29,19,11,75,5,80
1101307,8,30,43,25,6,112,0,112
1101308,0,26,43,17,12,98,3,101
1101401,14,58,32,8,5,117,3,120
1101402,15,74,43,9,4,145,3,148
1101403,23,79,50,18,6,176,9,185
1101404,34,82,63,6,8,193,8,201
1101405,34,86,55,6,4,185,11,196
1101406,10,72,77,28,9,196,7,203
1101407,7,58,78,12,10,165,3,168
1101408,3,33,37,7,8,88,0,88
1101409,12,61,51,19,11,154,4,158
1101410,22,86,44,11,8,171,7,178
1101411,30,57,57,13,4,161,3,164
1101412,14,86,68,19,5,192,7,199
1101413,33,76,29,11,6,155,10,165
1101414,0,24,32,8,0,64,0,64
1101415,6,53,51,10,3,123,6,129
1101416,13,73,83,18,7,194,4,198
1101417,4,5,0,0,0,9,0,9
1101418,3,23,52,27,17,122,3,125
1101501,0,0,0,0,0,0,0,0
1101502,0,0,0,0,0,0,0,0
1101503,9,40,37,12,3,101,0,101
1101504,0,21,31,20,3,75,4,79
1101505,4,12,16,4,5,41,0,41
1101506,0,45,60,23,12,140,0,140
1101507,0,22,41,13,15,91,0,91
1101508,0,37,59,17,14,127,3,130
1101509,4,44,80,26,19,173,0,173
1101510,3,35,61,30,14,143,3,146
1101511,9,36,34,13,5,97,4,101
1101512,0,15,40,14,6,75,3,78
1101513,0,38,55,23,18,134,4,138
1101601,4,12,0,0,3,19,0,19
1101602,16,70,53,9,7,155,3,158
1101603,3,29,54,15,14,115,3,118
1101604,0,27,27,9,5,68,0,68
1101605,0,15,26,5,8,54,11,65
1101606,0,23,56,34,15,128,3,131
1101607,0,19,44,10,11,84,0,84
1101608,0,20,59,17,5,101,0,101
1101609,0,3,22,4,3,32,4,36
1101610,5,39,102,38,21,205,4,209
1101611,0,22,13,0,0,35,35,70
1101612,3,5,4,0,0,12,0,12
1101613,0,12,46,10,8,76,0,76
1101614,5,33,39,6,5,88,4,92
1101615,0,37,43,27,5,112,9,121
1101616,11,59,48,20,4,142,17,159
1101617,6,39,54,16,8,123,4,127
1101618,0,31,76,26,8,141,4,145
1101619,12,68,70,22,11,183,10,193
1101620,0,21,16,6,0,43,10,53
1101701,21,111,63,21,3,219,7,226
1101702,8,38,32,8,0,86,4,90
1101703,9,83,55,10,3,160,9,169
1101704,26,92,29,3,7,157,11,168
1101705,20,54,22,4,4,104,11,115
1101706,48,104,29,4,3,188,15,203
1101707,0,0,0,3,0,3,0,3
1101708,3,54,61,21,7,146,7,153
1101709,3,57,91,39,13,203,3,206
1101710,3,31,70,16,3,123,3,126
1101711,4,34,35,21,9,103,0,103
1101712,5,80,59,23,10,177,9,186
1101713,10,74,51,10,3,148,11,159
1101714,0,0,0,0,0,0,0,0
1101715,0,0,0,0,0,0,0,0
1101716,13,85,62,12,4,176,8,184
1101717,23,77,25,5,0,130,3,133
1101718,39,76,45,12,0,172,10,182
1101719,4,60,53,11,4,132,5,137
1101720,3,40,41,5,3,92,0,92
1101721,8,77,39,11,6,141,3,144
1101722,15,88,64,20,4,191,3,194
1101801,0,60,37,15,4,116,3,119
1101802,0,40,53,13,7,113,3,116
1101803,0,21,76,19,7,123,3,126
1101804,0,55,26,11,0,92,3,95
1101805,0,18,45,18,7,88,0,88
1101806,11,105,51,19,7,193,3,196
1101807,10,87,53,15,3,168,7,175
1101808,11,120,61,10,6,208,7,215
1101809,4,50,17,3,3,77,0,77
1101810,3,53,41,6,3,106,3,109
1101811,3,58,49,9,0,119,4,123
1101812,9,94,61,6,5,175,11,186
1101813,0,46,34,10,3,93,4,97
1101814,8,29,49,6,4,96,0,96
1101815,4,56,39,11,5,115,3,118
1101816,9,71,61,10,3,154,0,154
1101817,3,79,91,16,8,197,3,200
1101818,8,95,70,8,9,190,4,194
1101819,6,60,51,9,3,129,4,133
1101820,11,62,19,5,7,104,4,108
1101821,11,42,33,4,0,90,5,95
1101822,16,84,42,11,3,156,3,159
1101823,32,98,46,3,3,182,18,200
1101824,0,0,0,0,0,0,0,0
1101901,26,91,47,10,5,179,5,184
1101902,36,108,35,9,0,188,10,198
1101903,22,62,25,10,6,125,9,134
1101904,13,73,55,13,8,162,7,169
1101905,19,64,49,12,8,152,10,162
1101906,14,57,51,13,6,141,6,147
1101907,8,48,43,21,4,124,5,129
1101908,10,48,48,14,4,124,3,127
1101909,20,64,46,6,4,140,6,146
1101910,3,19,26,6,3,57,3,60
1101911,5,64,66,15,7,157,6,163
1101912,11,55,58,21,3,148,3,151
1101913,7,87,67,15,3,179,3,182
1101914,3,66,109,41,11,230,8,238
1101915,3,16,24,10,9,62,4,66
1101916,0,53,77,31,7,168,8,176
1101917,3,47,105,28,23,206,8,214
1101918,0,20,42,17,9,88,0,88
1101919,0,29,38,10,4,81,0,81
1101920,5,64,43,5,0,117,6,123
1101921,0,21,31,9,0,61,3,64
1101922,16,66,32,12,3,129,3,132
1102001,3,22,61,22,12,120,3,123
1102002,4,45,78,48,8,183,8,191
1102003,3,44,56,17,7,127,5,132
1102004,3,49,50,14,7,123,3,126
1102005,4,36,44,18,10,112,3,115
1102006,0,59,63,14,7,143,0,143
1102007,3,24,51,23,7,108,3,111
1102008,0,22,71,19,14,126,3,129
1102009,0,0,0,0,0,0,0,0
1102010,0,0,4,0,0,4,0,4
1102011,0,33,43,23,10,109,6,115
1102012,0,0,0,0,0,0,0,0
1102013,4,29,22,11,0,66,4,70
1102014,0,24,28,11,10,73,3,76
1102015,3,13,25,18,3,62,4,66
1102016,5,30,44,24,11,114,5,119
1102017,5,24,41,17,11,98,0,98
1102018,3,41,76,27,10,157,6,163
1102019,0,56,74,15,6,151,0,151
1102020,3,71,82,31,7,194,3,197
1102021,0,0,0,0,0,0,0,0
1102022,7,40,47,19,3,116,6,122
1102023,0,29,44,18,12,103,3,106
1102024,4,36,45,18,6,109,5,114
1102025,0,65,60,15,5,145,5,150
1102026,3,17,29,10,3,62,3,65
1102027,0,22,37,14,7,80,0,80
1102028,0,28,80,23,7,138,3,141
1102029,0,32,43,14,9,98,4,102
1102030,11,78,54,10,8,161,5,166
1102031,0,12,29,9,6,56,0,56
1102032,0,30,37,9,6,82,4,86
1102101,12,65,50,13,0,140,4,144
1102102,0,34,25,6,5,70,3,73
1102103,3,70,71,7,7,158,4,162
1102104,13,102,42,12,0,169,7,176
1102105,11,44,52,13,3,123,0,123
1102106,18,132,74,13,6,243,16,259
1102107,5,75,98,18,5,201,7,208
1102201,0,9,12,0,0,21,0,21
1102301,30,68,53,10,3,164,4,168
1102302,4,53,72,18,3,150,3,153
1102303,3,28,45,10,6,92,0,92
1102304,3,17,23,13,8,64,6,70
1102305,24,83,66,10,11,194,10,204
1102306,13,51,29,4,0,97,9,106
1102307,10,77,39,4,0,130,4,134
1102308,33,98,58,10,4,203,16,219
1102309,8,63,54,15,0,140,4,144
1102310,0,0,3,0,0,3,0,3
1102401,0,37,32,11,7,87,5,92
1102402,3,32,46,17,13,111,6,117
1102403,3,33,31,18,3,88,4,92
1102404,0,33,55,22,15,125,3,128
1102405,0,28,41,14,3,86,3,89
1102406,4,28,35,22,4,93,3,96
1102407,3,26,50,9,3,91,3,94
1102408,10,46,36,12,6,110,10,120
1102409,3,47,39,9,8,106,4,110
1102410,3,22,40,16,4,85,0,85
1102411,4,26,50,17,0,97,0,97
1102412,3,44,45,13,3,108,4,112
1102501,0,0,0,0,0,0,0,0
1102502,9,53,46,7,3,118,3,121
1102503,28,87,20,5,0,140,7,147
1102504,23,75,27,3,0,128,9,137
1102505,14,66,20,3,0,103,4,107
1102506,7,41,62,8,3,121,3,124
1102507,3,33,48,10,4,98,3,101
1102508,8,125,89,12,6,240,3,243
1102509,3,13,20,11,0,47,0,47
1102510,0,26,61,17,0,104,4,108
1102511,3,68,69,13,7,160,3,163
1102512,4,102,89,15,7,217,8,225
1102513,0,46,54,29,7,136,5,141
1102514,10,46,28,3,3,90,5,95
1102515,13,62,44,11,3,133,9,142
1102516,4,39,46,9,0,98,6,104
1102517,8,51,58,12,0,129,3,132
1102518,0,54,63,14,8,139,3,142
1102519,0,35,35,5,10,85,0,85
1102520,7,128,79,16,5,235,7,242
1102521,5,55,34,3,0,97,4,101
1102522,3,41,64,17,3,128,6,134
1102523,0,19,29,7,7,62,3,65
1102524,0,20,57,10,11,98,3,101
1102525,3,88,68,14,7,180,7,187
1102526,5,29,65,15,6,120,3,123
1102527,4,56,59,19,6,144,4,148
1102528,23,119,87,23,7,259,11,270
1102529,16,85,50,3,0,154,6,160
1102530,4,44,61,15,5,129,3,132
1102601,3,107,79,14,3,206,3,209
1102602,3,120,92,13,4,232,11,243
1102603,4,66,61,12,4,147,5,152
1102604,11,86,42,16,0,155,0,155
1102605,9,121,64,15,4,213,9,222
1102606,0,27,41,20,12,100,4,104
1102607,11,59,64,19,10,163,4,167
1102608,21,79,42,9,3,154,0,154
1102609,28,79,43,11,8,169,3,172
1102610,15,47,24,6,0,92,4,96
1102611,3,17,33,14,14,81,4,85
1102612,3,37,29,15,0,84,0,84
1102613,3,28,34,10,8,83,3,86
1102614,7,92,74,22,9,204,9,213
1102615,3,61,61,10,0,135,8,143
1102616,0,22,39,13,3,77,0,77
1102617,0,36,33,12,0,81,7,88
1102618,3,38,51,16,3,111,0,111
1102619,3,25,51,25,19,123,3,126
1102620,21,52,17,10,6,106,4,110
1102621,8,56,39,11,3,117,9,126
1102622,3,23,39,13,9,87,0,87
1102623,30,57,31,7,0,125,10,135
1102701,5,48,44,7,0,104,6,110
1102702,23,66,45,10,3,147,9,156
1102703,0,15,37,15,0,67,0,67
1102704,23,55,33,7,3,121,5,126
1102705,24,94,44,12,3,177,16,193
1102706,14,93,72,16,0,195,5,200
1102707,18,120,44,23,4,209,10,219
1102708,7,69,32,4,0,112,10,122
1102709,6,78,88,24,7,203,6,209
1102710,0,24,36,15,3,78,0,78
1102711,0,0,0,0,0,0,0,0
1102712,6,51,70,25,6,158,4,162
1102713,5,37,73,25,14,154,0,154
1102714,0,0,0,0,0,0,0,0
1102715,0,0,4,3,0,7,0,7
1102716,0,0,0,0,0,0,0,0
1102717,13,55,29,8,0,105,10,115
1102718,18,76,35,9,0,138,7,145
1102719,13,73,58,9,3,156,8,164
1102720,0,35,51,14,6,106,3,109
1102721,8,136,77,12,4,237,9,246
1102722,9,15,3,3,3,33,0,33
1102723,3,35,32,15,9,94,8,102
1102724,4,82,61,7,4,158,9,167
1102725,7,75,52,7,3,144,9,153
1102726,3,36,42,3,3,87,0,87
1102727,5,67,60,17,4,153,9,162
1102728,19,61,29,4,4,117,17,134
1102729,19,142,62,9,5,237,9,246
1102801,0,0,0,0,0,0,0,0
1102802,7,42,82,27,18,176,5,181
1102803,12,72,80,17,7,188,4,192
1102804,3,21,41,7,3,75,3,78
1102805,3,31,56,7,6,103,0,103
1102806,5,99,72,16,5,197,10,207
1102807,9,60,51,13,3,136,4,140
1102808,4,36,49,21,14,124,3,127
1102809,3,55,94,31,8,191,3,194
1102810,0,43,74,27,3,147,3,150
1102811,3,36,80,14,7,140,0,140
1102812,10,36,60,21,8,135,0,135
1102813,3,50,47,15,7,122,4,126
1102814,0,52,68,17,7,144,5,149
1102815,4,28,62,6,10,110,4,114
1102816,5,30,38,13,8,94,0,94
1102817,5,43,59,13,6,126,0,126
1102818,5,35,67,16,4,127,0,127
1102901,3,35,50,16,5,109,0,109
1102902,0,31,48,10,7,96,0,96
1102903,8,43,74,17,3,145,7,152
1102904,4,58,79,23,6,170,6,176
1102905,4,42,66,15,3,130,4,134
1102906,4,31,21,13,4,73,0,73
1102907,0,42,41,10,8,101,5,106
1102908,3,51,72,15,7,148,3,151
1102909,12,61,64,15,4,156,4,160
1102910,12,58,57,25,19,171,11,182
1102911,7,68,69,23,5,172,0,172
1102912,3,58,79,19,10,169,4,173
1102913,3,23,44,11,7,88,4,92
1102914,0,17,32,18,22,89,4,93
1102915,3,46,84,25,9,167,4,171
1102916,3,45,53,18,11,130,5,135
1102917,0,32,37,10,3,82,0,82
1102918,6,39,64,19,3,131,5,136
1102919,13,70,38,7,3,131,11,142
1102920,0,0,0,0,0,0,0,0
1102921,0,0,0,0,0,0,0,0
1102922,0,35,77,25,7,144,3,147
1102923,4,29,62,16,9,120,3,123
1102924,0,22,82,31,9,144,6,150
1102925,6,72,72,13,10,173,8,181
1102926,3,32,51,20,6,112,4,116
1102927,10,95,84,17,11,217,0,217
1102928,61,221,72,9,12,375,19,394
1103001,3,22,61,23,21,130,3,133
1103002,7,34,64,42,35,182,3,185
1103003,11,22,26,10,7,76,0,76
1103004,5,19,37,17,18,96,3,99
1103005,0,10,28,24,19,81,3,84
1103006,4,21,45,20,20,110,0,110
1103007,0,13,51,17,26,107,4,111
1103008,0,20,27,16,7,70,3,73
1103009,3,33,35,22,24,117,4,121
1103010,16,56,53,10,9,144,5,149
1103011,15,87,65,15,6,188,7,195
1103012,5,42,81,21,9,158,0,158
1103101,4,38,49,11,8,110,4,114
1103102,12,52,29,0,5,98,4,102
1103103,45,162,0,0,0,207,12,219
1103104,92,101,35,3,0,231,12,243
1103105,7,72,71,21,10,181,0,181
1103106,3,44,34,6,3,90,6,96
1103107,0,0,4,5,0,9,0,9
1103108,0,17,40,12,3,72,0,72
1103109,5,18,38,14,5,80,0,80
1103110,7,77,53,23,4,164,4,168
1103111,8,49,44,13,8,122,0,122
1103112,0,9,18,11,9,47,0,47
1103113,0,26,58,31,25,140,6,146
1103114,0,22,66,22,22,132,5,137
1103115,3,12,74,35,28,152,0,152
1103116,4,36,68,18,16,142,3,145
1103117,3,43,63,9,3,121,6,127
1103118,3,24,46,19,10,102,3,105
1103119,6,29,54,21,17,127,3,130
1103120,0,41,68,19,6,134,3,137
1103121,0,36,43,11,3,93,3,96
1103122,8,63,59,13,4,147,5,152
1103123,22,87,41,6,0,156,3,159
1103124,3,44,44,22,8,121,0,121
1103125,5,60,21,11,5,102,0,102
1103126,63,154,19,0,0,236,22,258
1103127,3,32,45,16,13,109,3,112
1103128,3,17,19,10,4,53,3,56
1103129,0,49,77,27,12,165,3,168
1103130,0,27,43,16,7,93,4,97
1103131,112,207,28,4,0,351,14,365
1103132,0,6,0,0,0,6,0,6
1103133,3,41,63,15,9,131,0,131
1103134,3,65,59,21,6,154,8,162
1103135,5,61,61,19,5,151,6,157
1103136,11,56,57,11,4,139,4,143
1103137,27,22,5,3,3,60,3,63
1103138,3,89,56,24,6,178,3,181
1103201,6,53,54,11,7,131,3,134
1103202,23,80,44,11,5,163,7,170
1103203,3,78,113,29,9,232,3,235
1103204,38,101,42,9,4,194,7,201
1103205,23,49,19,7,0,98,7,105
1103206,0,8,4,0,0,12,0,12
1103207,28,52,17,8,0,105,3,108
1103208,36,132,52,6,0,226,7,233
1103209,6,56,114,40,18,234,0,234
1103210,10,37,21,3,3,74,3,77
1103211,16,93,68,17,6,200,4,204
1103212,7,67,61,15,11,161,7,168
1103213,0,0,3,3,0,6,0,6
1103214,8,83,98,27,6,222,3,225
1103215,0,30,25,5,0,60,0,60
1103216,7,53,45,4,4,113,4,117
1103217,0,17,28,6,0,51,3,54
1103218,4,50,85,20,17,176,3,179
1103219,10,78,56,10,3,157,0,157
1103220,18,110,47,6,5,186,0,186
1103221,17,60,50,4,0,131,0,131
1103222,98,184,42,6,0,330,11,341
1103223,0,0,0,0,0,0,0,0
1103224,44,140,41,4,3,232,10,242
1103225,3,36,25,7,11,82,0,82
1103226,18,71,32,3,0,124,4,128
1103227,82,96,39,10,0,227,10,237
1103228,101,167,55,11,3,337,12,349
1103229,46,84,24,0,0,154,11,165
1103230,56,120,44,11,0,231,15,246
1103231,16,111,67,6,3,203,8,211
1103232,23,71,63,7,3,167,12,179
1103233,3,28,51,9,6,97,4,101
1103234,9,86,129,26,8,258,7,265
1103235,28,93,23,7,4,155,14,169
1103236,79,93,31,0,0,203,12,215
1103237,31,69,22,6,3,131,8,139
1103238,3,23,60,17,12,115,0,115
1103239,24,125,71,26,8,254,7,261
1103240,67,81,22,4,0,174,18,192
1103241,31,110,33,3,6,183,5,188
1103242,82,137,46,4,8,277,18,295
1103243,14,80,68,21,13,196,4,200
1103244,96,131,39,13,3,282,17,299
1103301,6,15,38,14,3,76,3,79
1103302,3,53,75,17,12,160,5,165
1103303,5,52,48,16,3,124,4,128
1103304,3,34,43,16,15,111,3,114
1103305,3,30,50,12,3,98,3,101
1103306,4,28,41,9,9,91,0,91
1103307,3,18,40,4,5,70,0,70
1103308,0,37,71,17,11,136,3,139
1103309,0,0,0,0,0,0,0,0
1103310,3,28,47,15,5,98,4,102
1103311,3,44,56,12,5,120,0,120
1103312,0,27,50,18,6,101,3,104
1103313,6,27,48,14,4,99,0,99
1103314,4,32,45,11,13,105,3,108
1103315,6,75,104,30,26,241,9,250
1103316,0,0,0,0,0,0,0,0
1103317,7,63,70,21,6,167,6,173
1103318,0,13,37,9,4,63,4,67
1103319,6,33,60,21,4,124,3,127
1103320,0,0,0,0,0,0,0,0
1103401,8,55,53,13,3,132,4,136
1103402,3,53,50,17,10,133,3,136
1103403,14,86,70,27,10,207,11,218
1103404,6,53,35,6,6,106,7,113
1103405,13,50,46,14,6,129,3,132
1103406,0,20,24,3,3,50,8,58
1103407,3,8,46,16,5,78,0,78
1103408,5,27,31,27,15,105,3,108
1103409,9,31,39,18,8,105,3,108
1103410,0,70,51,20,9,150,6,156
1103411,7,49,67,29,6,158,0,158
1103412,14,59,73,16,11,173,3,176
1103413,4,35,55,21,13,128,3,131
1103414,37,85,33,13,3,171,12,183
1103415,34,42,11,0,0,87,3,90
1103416,30,90,45,14,9,188,9,197
1103417,30,63,48,8,8,157,9,166
1103418,97,169,7,0,0,273,22,295
1103419,0,32,53,17,6,108,4,112
1103501,3,81,73,29,19,205,0,205
1103502,22,57,30,7,3,119,12,131
1103503,10,59,68,23,4,164,3,167
1103504,4,52,70,20,4,150,0,150
1103505,3,41,64,16,16,140,0,140
1103506,0,56,78,28,11,173,4,177
1103507,7,61,45,6,3,122,0,122
1103508,0,30,73,21,9,133,6,139
1103509,7,61,55,11,4,138,3,141
1103510,6,56,73,23,3,161,3,164
1103511,6,64,65,16,8,159,4,163
1103512,4,46,42,13,6,111,4,115
1103513,0,48,40,21,8,117,0,117
1103514,5,52,41,17,6,121,7,128
1103515,6,36,31,11,5,89,7,96
1103516,9,34,25,11,3,82,3,85
1103517,0,3,3,3,0,9,0,9
1103601,0,19,33,9,10,71,0,71
1103602,0,19,34,15,9,77,0,77
1103603,18,48,73,31,10,180,4,184
1103604,4,28,34,16,11,93,5,98
1103605,0,28,56,27,5,116,3,119
1103606,6,35,35,13,0,89,3,92
1103607,0,14,29,10,5,58,0,58
1103608,8,46,41,18,5,118,3,121
1103609,0,23,46,15,9,93,0,93
1103610,38,74,84,26,11,233,9,242
1103611,3,47,45,16,4,115,3,118
1103612,12,27,16,9,0,64,0,64
1103613,4,33,51,15,16,119,3,122
1103614,6,56,65,25,16,168,6,174
1103615,0,27,42,7,5,81,3,84
1103616,3,23,43,9,4,82,3,85
1103617,0,26,46,25,19,116,0,116
1103618,0,10,29,18,8,65,4,69
1103619,11,74,57,20,8,170,0,170
1103620,22,107,51,15,3,198,3,201
1103621,4,44,87,31,14,180,3,183
1103622,3,31,39,22,7,102,4,106
1103701,38,107,87,19,10,261,9,270
1103702,7,78,83,11,3,182,11,193
1103703,17,108,101,14,8,248,4,252
1103704,0,31,40,5,3,79,3,82
1103705,8,63,65,22,5,163,6,169
1103706,16,60,60,8,3,147,3,150
1103707,3,56,71,22,4,156,5,161
1103708,3,37,40,3,0,83,0,83
1103709,16,88,77,26,9,216,6,222
1103710,8,46,57,13,3,127,5,132
1103711,9,49,46,11,3,118,6,124
1103712,7,48,40,13,0,108,0,108
1103713,49,78,63,12,4,206,6,212
1103714,10,66,54,10,7,147,4,151
1103801,3,43,81,18,10,155,3,158
1103802,8,55,77,23,12,175,5,180
1103803,5,55,47,11,5,123,0,123
1103804,11,69,70,23,4,177,3,180
1103805,5,30,34,12,8,89,4,93
1103806,10,48,32,7,8,105,5,110
1103807,7,47,72,13,10,149,3,152
1103808,25,118,8,0,3,154,10,164
1103809,5,59,91,20,5,180,5,185
1103810,0,33,48,21,11,113,0,113
1103811,3,57,69,19,10,158,3,161
1103812,5,41,55,7,7,115,4,119
1103813,12,57,78,22,9,178,6,184
1103814,18,68,62,21,14,183,6,189
1103815,9,45,49,16,3,122,4,126
1103816,3,46,53,16,5,123,4,127
1103817,4,27,57,17,6,111,8,119
1103901,9,57,98,29,12,205,4,209
1103902,6,36,67,19,4,132,0,132
1103903,8,43,44,10,0,105,3,108
1103904,11,64,84,20,9,188,0,188
1103905,3,39,65,20,16,143,0,143
1103906,25,70,61,19,3,178,5,183
1103907,3,60,82,22,16,183,4,187
1103908,0,44,73,14,8,139,0,139
1103909,12,111,84,16,5,228,7,235
1103910,12,121,104,29,14,280,12,292
1103911,0,81,97,16,10,204,8,212
1103912,10,67,80,26,9,192,5,197
1103913,7,84,91,24,10,216,4,220
1103914,3,30,56,21,7,117,3,120
1103915,4,40,84,11,6,145,5,150
1103916,9,64,73,25,9,180,3,183
1103917,5,33,60,18,6,122,0,122
1103918,3,51,75,23,3,155,7,162
1103919,26,90,35,3,11,165,8,173
1103920,19,84,84,17,9,213,4,217
1103921,5,77,80,17,7,186,4,190
1103922,3,29,88,20,20,160,6,166
1103923,3,23,36,17,10,89,4,93
1103924,51,74,5,0,0,130,8,138
1103925,3,46,70,21,6,146,6,152
1103926,5,46,75,17,16,159,3,162
1103927,3,47,74,18,13,155,3,158
1104001,21,51,27,11,10,120,3,123
1104002,26,88,27,0,3,144,6,150
1104003,3,47,41,11,5,107,4,111
1104004,10,72,70,16,5,173,9,182
1104005,3,43,43,24,4,117,4,121
1104006,45,88,42,20,5,200,6,206
1104007,28,69,30,5,3,135,11,146
1104008,0,0,0,0,0,0,0,0
1104009,63,132,36,4,0,235,15,250
1104010,35,82,29,3,3,152,12,164
1104011,22,76,43,8,4,153,3,156
1104012,11,64,26,0,4,105,8,113
1104013,29,85,71,17,3,205,8,213
1104014,47,56,23,9,3,138,12,150
1104015,0,52,24,4,0,80,6,86
1104016,12,114,65,11,3,205,3,208
1104017,63,145,62,13,3,286,20,306
1104018,23,88,47,6,3,167,13,180
1104019,26,76,44,8,5,159,11,170
1104020,29,69,45,8,4,155,9,164
1104021,28,63,48,9,3,151,9,160
1104022,30,38,11,4,3,86,12,98
1104023,28,53,20,11,0,112,4,116
1104024,33,125,56,10,0,224,16,240
1104025,12,53,35,5,0,105,13,118
1104026,40,154,60,11,0,265,9,274
1104027,25,62,18,6,4,115,7,122
1104028,4,42,59,18,6,129,5,134
1104029,33,121,34,6,0,194,13,207
1104030,20,70,25,9,0,124,8,132
1104031,30,68,39,5,0,142,6,148
1104032,12,40,22,5,0,79,3,82
1104033,23,77,42,10,0,152,5,157
1104034,28,65,62,29,4,188,8,196
1104035,7,57,31,10,7,112,3,115
1104036,12,45,49,11,3,120,4,124
1104037,23,61,23,6,3,116,7,123
1104038,17,53,46,15,3,134,0,134
1104039,32,104,70,12,5,223,11,234
1104040,18,71,44,8,0,141,12,153
1104041,22,68,31,4,0,125,7,132
1104042,36,60,36,9,0,141,15,156
1104043,38,118,63,4,0,223,6,229
1104044,14,69,38,7,3,131,5,136
1104045,35,79,51,9,0,174,3,177
1104046,27,73,45,17,8,170,10,180
1104047,25,91,47,8,3,174,4,178
1104048,16,67,51,15,14,163,4,167
1104049,18,58,47,16,4,143,4,147
1104050,11,62,45,5,3,126,3,129
1104051,12,77,56,12,4,161,3,164
1104052,6,44,52,14,7,123,0,123
1104053,35,105,64,5,4,213,8,221
1104054,3,39,54,18,3,117,3,120
1104055,5,57,69,25,15,171,9,180
1104056,6,43,73,17,5,144,0,144
1104057,3,73,109,23,10,218,3,221
1104058,4,51,50,10,5,120,9,129
1104101,7,67,57,25,5,161,9,170
1104102,10,73,85,32,8,208,5,213
1104103,12,37,56,23,6,134,3,137
1104104,5,49,68,13,9,144,4,148
1104105,0,32,55,14,3,104,3,107
1104106,0,9,52,27,19,107,3,110
1104107,0,19,34,14,9,76,0,76
1104108,0,0,0,0,0,0,0,0
1104109,4,53,50,16,11,134,3,137
1104110,5,36,81,21,11,154,0,154
1104111,3,28,41,9,0,81,4,85
1104112,11,44,62,21,9,147,4,151
1104113,0,8,48,29,18,103,0,103
1104114,11,58,88,23,10,190,3,193
1104115,3,31,58,19,4,115,3,118
1104116,6,41,71,14,3,135,3,138
1104117,5,25,51,3,3,87,4,91
1104118,0,0,0,0,0,0,0,0
1104119,3,51,67,16,15,152,3,155
1104120,0,41,76,18,7,142,0,142
1104121,7,41,54,17,10,129,3,132
1104122,0,9,32,19,22,82,4,86
1104123,3,36,59,25,3,126,6,132
1104124,3,36,84,17,7,147,3,150
1104125,0,38,81,21,12,152,4,156
1104201,13,79,49,19,4,164,4,168
1104202,31,97,62,12,7,209,5,214
1104203,13,47,41,11,0,112,0,112
1104204,92,98,22,3,5,220,32,252
1104205,78,116,25,9,0,228,13,241
1104206,0,0,0,0,0,0,0,0
1104207,5,61,83,21,5,175,0,175
1104208,77,107,38,0,0,222,19,241
1104209,15,48,35,7,0,105,4,109
1104210,0,45,61,21,13,140,3,143
1104211,7,46,63,23,9,148,4,152
1104212,0,0,0,3,0,3,0,3
1104213,61,137,51,9,3,261,10,271
1104214,8,101,71,29,6,215,9,224
1104215,39,73,28,10,0,150,11,161
1104216,22,59,37,6,4,128,11,139
1104217,29,97,48,3,9,186,3,189
1104218,24,71,52,9,3,159,5,164
1104219,26,64,45,11,0,146,4,150
1104220,46,103,50,6,8,213,11,224
1104221,50,110,41,4,0,205,8,213
1104222,25,69,51,11,4,160,5,165
1104223,19,55,20,6,3,103,0,103
1104224,17,78,62,10,0,167,9,176
1104225,17,64,62,13,6,162,4,166
1104226,15,83,51,14,9,172,5,177
1104227,23,57,46,10,0,136,3,139
1104228,11,73,55,13,5,157,10,167
1104229,47,82,16,0,0,145,10,155
1104230,24,81,44,6,4,159,6,165
1104231,42,106,32,8,3,191,17,208
1104232,33,95,26,6,0,160,6,166
1104233,38,102,36,11,5,192,6,198
1104301,16,24,15,0,0,55,4,59
1104302,12,63,45,10,3,133,3,136
1104303,9,84,65,14,5,177,3,180
1104304,12,63,50,10,3,138,0,138
1104305,0,53,53,14,3,123,0,123
1104306,0,3,3,0,0,6,0,6
1104307,6,25,39,9,8,87,0,87
1104308,0,40,36,8,5,89,5,94
1104309,5,37,49,18,10,119,0,119
1104310,3,40,22,6,5,76,4,80
1104311,10,68,51,13,6,148,3,151
1104312,138,269,17,0,0,424,35,459
1104313,55,62,12,8,0,137,13,150
1104314,40,49,0,3,3,95,4,99
1104315,7,42,51,19,3,122,3,125
1104316,15,51,41,6,6,119,3,122
1104317,32,76,36,12,0,156,8,164
1104318,10,72,37,6,3,128,3,131
1104319,4,59,55,22,10,150,5,155
1104320,15,78,58,12,7,170,6,176
1104321,0,21,45,16,7,89,4,93
1104322,4,43,43,12,5,107,3,110
1104323,10,68,55,18,4,155,4,159
1104324,4,60,81,27,9,181,3,184
1104325,4,30,49,11,5,99,0,99
1104326,10,72,85,19,13,199,4,203
1104327,11,54,54,16,4,139,0,139
1104328,0,42,36,12,6,96,0,96
1104329,7,39,40,11,4,101,8,109
1104330,9,81,74,26,7,197,3,200
1104401,10,62,41,10,6,129,6,135
1104402,5,44,53,15,9,126,3,129
1104403,22,47,28,5,4,106,4,110
1104404,7,77,82,31,14,211,14,225
1104405,0,37,46,11,7,101,4,105
1104406,0,36,46,12,6,100,0,100
1104407,8,65,49,26,9,157,7,164
1104408,5,51,33,18,4,111,3,114
1104409,16,50,40,17,0,123,7,130
1104410,31,62,4,0,0,97,7,104
1104411,40,57,20,3,0,120,10,130
1104412,10,97,84,25,8,224,9,233
1104413,0,0,0,0,0,0,0,0
1104414,7,61,73,15,9,165,6,171
1104415,8,66,53,17,8,152,3,155
1104416,19,96,97,19,6,237,19,256
1104417,22,77,65,17,3,184,14,198
1104418,0,0,0,0,0,0,0,0
1104419,10,42,68,20,14,154,4,158
1104420,0,32,26,10,0,68,5,73
1104421,44,71,17,10,3,145,13,158
1104422,0,57,60,28,9,154,7,161
1104423,12,47,81,17,9,166,3,169
1104424,12,34,41,9,6,102,3,105
1104425,0,29,33,13,3,78,5,83
1104426,11,45,62,16,5,139,6,145
1104427,4,25,42,11,5,87,4,91
1104428,9,55,45,16,5,130,8,138
1104429,8,66,79,22,6,181,4,185
1104430,14,58,35,5,5,117,3,120
1104431,7,45,43,12,5,112,3,115
1104432,6,33,36,14,5,94,3,97
1104433,13,47,40,12,7,119,0,119
1104434,19,98,78,18,3,216,9,225
1104435,0,21,50,16,6,93,3,96
1104436,17,62,65,15,7,166,5,171
1104437,7,51,38,4,7,107,7,114
1104438,4,48,69,10,14,145,4,149
1104439,14,50,58,19,4,145,4,149
1104440,54,60,0,0,0,114,14,128
1104441,9,59,43,18,0,129,4,133
1104442,4,45,61,15,8,133,0,133
1104443,13,31,27,8,6,85,0,85
1104444,9,51,52,11,3,126,0,126
1104445,36,73,34,15,3,161,6,167
1104446,86,122,37,9,5,259,20,279
1104447,24,83,58,9,4,178,8,186
1104448,16,47,35,12,10,120,10,130
1104449,12,55,45,11,3,126,7,133
1104450,5,41,63,20,0,129,3,132
1104451,4,36,68,19,4,131,3,134
1104452,3,42,35,3,3,86,4,90
1104453,10,72,50,9,9,150,0,150
1104454,3,25,35,10,3,76,0,76
1104455,10,62,65,11,6,154,7,161
1104456,3,45,64,19,14,145,4,149
1104457,5,33,50,18,9,115,4,119
1104458,5,32,52,15,9,113,3,116
1104459,3,48,54,18,8,131,3,134
1104501,7,68,50,18,12,155,7,162
1104502,4,63,41,11,3,122,6,128
1104503,7,45,43,7,3,105,3,108
1104504,9,57,89,22,8,185,0,185
1104505,16,85,65,14,10,190,6,196
1104506,11,81,64,26,7,189,0,189
1104507,8,71,74,12,8,173,11,184
1104508,3,40,46,20,9,118,7,125
1104509,5,60,50,20,5,140,10,150
1104510,16,97,68,18,13,212,6,218
1104511,11,81,70,22,8,192,13,205
1104512,10,61,44,15,6,136,5,141
1104513,10,97,86,24,9,226,9,235
1104514,6,58,54,18,5,141,4,145
1104515,4,40,42,16,4,106,3,109
1104516,9,73,66,26,9,183,3,186
1104517,4,44,28,10,3,89,7,96
1104518,8,75,76,29,9,197,6,203
1104519,0,33,35,15,10,93,6,99
1104520,0,0,0,0,0,0,0,0
1104521,6,54,50,25,11,146,5,151
1104522,3,37,52,15,3,110,3,113
1104523,0,28,37,11,7,83,4,87
1104524,5,98,78,17,6,204,5,209
1104601,12,54,62,12,7,147,4,151
1104602,7,36,41,10,7,101,3,104
1104603,11,56,71,17,9,164,4,168
1104604,16,82,53,9,3,163,9,172
1104605,3,44,36,12,5,100,0,100
1104606,9,63,55,13,7,147,0,147
1104607,7,71,60,23,11,172,10,182
1104608,11,72,69,20,3,175,4,179
1104609,5,72,60,16,7,160,5,165
1104610,19,37,37,13,3,109,0,109
1104611,18,109,17,3,3,150,9,159
1104612,3,51,38,10,4,106,5,111
1104613,0,0,0,0,0,0,0,0
1104614,3,43,35,6,10,97,9,106
1104615,9,39,41,12,3,104,4,108
1104616,4,92,57,10,9,172,10,182
1104617,22,99,58,6,9,194,10,204
1104618,19,69,75,22,9,194,9,203
1104619,24,101,58,13,3,199,8,207
1104620,13,63,51,16,5,148,4,152
1104621,10,31,51,8,6,106,3,109
1104622,4,54,41,9,3,111,7,118
1104623,0,3,3,3,0,9,0,9
1104624,24,87,57,19,7,194,20,214
1104625,41,178,60,15,10,304,19,323
1104701,3,46,89,21,4,163,3,166
1104702,3,15,52,5,5,80,3,83
1104703,0,11,28,15,9,63,0,63
1104704,4,63,79,28,12,186,7,193
1104705,3,67,75,17,10,172,6,178
1104706,3,45,61,23,7,139,5,144
1104707,3,68,73,20,13,177,4,181
1104708,6,55,104,30,4,199,8,207
1104709,13,47,72,22,10,164,5,169
1104710,6,33,12,0,0,51,5,56
1104711,57,140,40,6,0,243,16,259
1104712,0,22,50,31,29,132,4,136
1104713,23,163,69,17,8,280,7,287
1104714,0,12,28,10,12,62,4,66
1104715,4,48,76,21,12,161,7,168
1104716,3,45,55,25,16,144,0,144
1104717,0,21,44,20,25,110,3,113
1104718,5,47,64,12,8,136,0,136
1104719,12,83,102,20,14,231,3,234
1104720,0,18,35,15,7,75,3,78
1104721,5,51,73,16,13,158,0,158
1104722,8,67,81,17,4,177,6,183
1104723,0,15,28,25,17,85,0,85
1104724,3,29,38,16,7,93,0,93
1104725,5,24,42,6,8,85,3,88
1104726,3,50,48,8,3,112,6,118
1104727,5,48,45,16,9,123,3,126
1104728,10,91,74,29,12,216,3,219
1104729,17,52,75,29,9,182,0,182
1104730,3,38,48,12,9,110,4,114
1104731,15,58,87,14,10,184,3,187
1104732,9,59,69,17,3,157,8,165
1104733,10,28,19,4,4,65,4,69
1104734,4,30,34,14,7,89,0,89
1104735,13,67,76,23,7,186,8,194
1104736,8,51,82,22,12,175,3,178
1104737,0,0,4,4,0,8,0,8
1104801,3,42,43,4,3,95,3,98
1104802,11,53,65,11,4,144,4,148
1104803,8,68,61,30,9,176,6,182
1104804,11,27,44,17,6,105,4,109
1104805,5,53,42,19,10,129,5,134
1104806,0,32,46,9,4,91,3,94
1104807,14,63,76,19,16,188,3,191
1104808,29,48,38,3,3,121,12,133
1104809,19,88,44,9,3,163,7,170
1104810,33,125,52,23,6,239,17,256
1104811,19,80,77,31,3,210,3,213
1104812,17,64,70,30,9,190,7,197
1104813,4,73,68,23,11,179,12,191
1104814,21,76,88,27,11,223,8,231
1104815,22,75,27,10,12,146,8,154
1104816,6,65,44,12,3,130,11,141
1104817,14,70,57,22,10,173,10,183
1104818,10,86,72,22,5,195,12,207
1104819,14,69,57,22,8,170,9,179
1104820,6,57,34,7,0,104,3,107
1104821,87,126,22,7,3,245,26,271
1104822,10,78,80,11,7,186,12,198
1104823,17,49,48,6,8,128,4,132
1104824,26,112,81,24,6,249,6,255
1104825,29,85,52,15,8,189,9,198
1104826,19,77,46,12,9,163,5,168
1104827,16,81,63,25,9,194,5,199
1104828,14,92,62,20,4,192,6,198
1104829,16,84,54,11,5,170,4,174
1104830,43,107,49,9,11,219,18,237
1104831,10,33,59,11,8,121,3,124
1104832,5,70,60,27,7,169,0,169
1104833,19,92,55,17,5,188,6,194
1104834,17,54,32,12,5,120,5,125
1104835,18,59,25,11,3,116,6,122
1104836,4,73,74,16,7,174,6,180
1104837,15,92,70,19,14,210,9,219
1104838,3,30,60,12,9,114,3,117
1104839,11,59,68,26,4,168,3,171
1104840,4,42,46,13,4,109,4,113
1104841,5,48,52,13,0,118,9,127
1104842,14,53,39,16,3,125,6,131
1104843,34,73,47,8,4,166,15,181
1104844,3,37,38,14,5,97,4,101
1104845,31,109,40,9,0,189,19,208
1104846,49,123,48,13,4,237,17,254
1104847,9,51,30,10,3,103,4,107
1104901,0,15,57,32,17,121,0,121
1104902,0,6,45,14,18,83,0,83
1104903,0,18,45,33,18,114,10,124
1104904,0,22,36,27,23,108,4,112
1104905,0,45,82,21,18,166,3,169
1104906,0,23,34,17,14,88,3,91
1104907,0,14,21,15,14,64,4,68
1104908,3,7,20,17,16,63,6,69
1104909,0,0,0,0,0,0,0,0
1104910,3,14,65,22,10,114,3,117
1105001,4,88,92,21,11,216,0,216
1105002,3,37,50,13,4,107,3,110
1105003,0,58,70,31,13,172,3,175
1105004,0,39,39,19,8,105,0,105
1105005,6,36,68,24,9,143,3,146
1105006,7,42,49,13,11,122,5,127
1105007,8,52,48,18,15,141,7,148
1105008,16,150,87,19,7,279,10,289
1105009,3,56,62,20,11,152,5,157
1105010,0,53,48,5,6,112,3,115
1105011,8,42,47,28,10,135,3,138
1105012,5,57,38,11,3,114,7,121
1105013,7,59,55,13,3,137,7,144
1105014,0,0,0,0,0,0,0,0
1105015,13,50,41,4,3,111,10,121
1105016,0,0,3,0,0,3,0,3
1105017,26,156,19,5,8,214,20,234
1105018,0,40,51,16,9,116,0,116
1105019,3,43,53,16,15,130,5,135
1105020,7,152,25,0,0,184,11,195
1105021,26,176,18,3,0,223,14,237
1105022,12,42,49,26,14,143,7,150
1105023,35,317,54,12,10,428,19,447
1105024,5,71,53,16,5,150,5,155
1105025,19,48,43,9,5,124,6,130
1105026,7,74,76,32,4,193,8,201
1105101,6,41,61,31,24,163,0,163
1105102,10,65,48,13,9,145,8,153
1105103,4,29,40,10,4,87,4,91
1105104,0,6,33,17,6,62,0,62
1105105,0,0,0,0,0,0,0,0
1105106,3,35,56,27,28,149,4,153
1105107,0,6,9,10,5,30,0,30
1105108,3,22,70,21,18,134,4,138
1105109,3,40,40,6,3,92,3,95
1105110,0,39,50,12,7,108,3,111
1105111,0,41,44,9,3,97,4,101
1105112,3,61,50,8,3,125,3,128
1105113,4,42,48,22,8,124,3,127
1105114,0,26,44,22,13,105,3,108
1105115,5,39,34,9,6,93,0,93
1105116,4,16,27,18,14,79,3,82
1105201,11,99,69,24,4,207,6,213
1105202,4,51,83,24,8,170,5,175
1105203,3,52,46,13,11,125,4,129
1105204,9,50,68,23,6,156,4,160
1105205,3,60,85,23,11,182,0,182
1105206,3,47,66,15,15,146,5,151
1105207,3,90,67,17,3,180,5,185
1105208,4,61,49,19,5,138,4,142
1105209,11,56,49,14,4,134,7,141
1105210,0,43,37,19,9,108,4,112
1105211,0,0,0,0,0,0,0,0
1105212,0,0,0,0,0,0,0,0
1105213,0,44,39,13,4,100,6,106
1105214,5,26,39,10,8,88,3,91
1105215,3,43,49,4,4,103,3,106
1105216,0,58,70,15,6,149,11,160
1105301,42,122,46,3,3,216,13,229
1105302,46,78,33,5,0,162,9,171
1105303,24,100,51,10,3,188,17,205
1105304,21,55,38,16,0,130,4,134
1105305,14,78,59,30,12,193,7,200
1105306,4,50,59,24,9,146,3,149
1105307,66,134,49,11,9,269,16,285
1105308,16,70,33,9,0,128,13,141
1105309,17,53,36,8,4,118,3,121
1105310,21,70,35,10,3,139,9,148
1105311,8,50,33,12,4,107,10,117
1105312,3,48,45,5,3,104,3,107
1105313,15,43,31,10,0,99,11,110
1105314,19,96,54,6,3,178,8,186
1105315,20,87,91,17,12,227,9,236
1105316,39,112,65,18,8,242,15,257
1105317,24,47,25,9,6,111,11,122
1105318,12,56,35,4,3,110,6,116
1105319,5,22,20,8,7,62,8,70
1105320,15,42,40,16,3,116,7,123
1105321,21,115,77,28,0,241,13,254
1105322,0,8,14,6,0,28,0,28
1105323,3,10,0,0,0,13,0,13
1105324,6,40,65,21,8,140,10,150
1105325,18,84,51,18,0,171,0,171
1105326,12,59,50,12,3,136,5,141
1105327,18,66,26,3,3,116,5,121
1105328,50,129,59,4,4,246,17,263
1105329,43,109,37,5,0,194,8,202
1105330,42,116,38,5,0,201,12,213
1105331,41,75,25,5,3,149,12,161
1105332,46,87,43,6,4,186,10,196
1105333,22,71,32,7,0,132,8,140
1105334,41,119,56,12,3,231,19,250
1105335,23,76,30,6,6,141,7,148
1105336,7,51,30,6,0,94,3,97
1105337,19,61,59,25,5,169,10,179
1105401,23,98,61,8,4,194,8,202
1105402,26,63,33,8,3,133,7,140
1105403,38,59,33,5,0,135,14,149
1105404,88,104,28,5,3,228,24,252
1105405,9,60,31,11,0,111,6,117
1105406,72,200,19,4,0,295,17,312
1105407,12,75,69,16,12,184,9,193
1105408,11,102,91,26,13,243,17,260
1105409,16,47,48,8,4,123,3,126
1105410,13,59,45,8,10,135,12,147
1105411,6,64,41,17,6,134,5,139
1105412,9,51,60,16,10,146,4,150
1105413,3,37,36,20,17,113,0,113
1105414,9,45,42,17,10,123,5,128
1105415,0,0,0,0,0,0,0,0
1105416,0,0,0,0,0,0,0,0
1105417,10,41,48,10,3,112,4,116
1105418,57,98,52,18,10,235,19,254
1105419,49,131,44,11,0,235,16,251
1105420,15,71,59,16,4,165,5,170
1105421,14,57,59,18,3,151,10,161
1105422,9,53,46,11,3,122,10,132
1105423,13,68,61,11,10,163,6,169
1105424,10,39,40,19,3,111,8,119
1105501,6,40,38,10,15,109,6,115
1105502,8,101,76,11,9,205,6,211
1105503,14,66,42,13,3,138,11,149
1105504,0,4,0,0,0,4,0,4
1105505,0,29,50,14,5,98,0,98
1105506,18,92,55,9,4,178,6,184
1105507,4,102,65,17,6,194,6,200
1105508,8,70,40,11,5,134,0,134
1105509,3,33,50,14,3,103,0,103
1105510,0,21,31,15,15,82,3,85
1105511,3,38,88,19,6,154,3,157
1105512,0,24,39,8,0,71,3,74
1105513,3,27,42,15,3,90,3,93
1105514,0,12,23,17,15,67,3,70
1105601,7,36,79,27,11,160,4,164
1105602,0,46,104,24,6,180,4,184
1105603,5,55,77,20,10,167,4,171
1105604,5,16,31,9,3,64,0,64
1105605,5,62,93,27,9,196,4,200
1105606,0,13,45,13,9,80,4,84
1105607,3,54,73,22,6,158,0,158
1105608,3,41,95,17,4,160,3,163
1105609,10,50,33,0,3,96,3,99
1105610,4,65,106,24,8,207,3,210
1105611,12,96,97,30,7,242,6,248
1105612,3,40,69,21,4,137,5,142
1105613,0,49,87,19,5,160,6,166
1105614,3,40,71,18,7,139,7,146
1105615,23,81,82,14,5,205,10,215
1105616,0,0,3,0,0,3,0,3
1105617,0,25,37,7,10,79,0,79
1105618,0,54,91,23,12,180,4,184
1105619,5,86,140,28,13,272,4,276
1105620,0,20,36,15,19,90,4,94
1105621,0,0,0,0,0,0,0,0
1105622,3,27,61,23,3,117,3,120
1105623,5,30,54,22,5,116,3,119
1105624,0,31,47,19,26,123,5,128
1105625,3,21,20,13,12,69,0,69
1105626,35,84,45,7,12,183,12,195
1105627,8,57,67,14,6,152,3,155
1105701,7,70,75,17,6,175,4,179
1105702,10,77,58,20,9,174,5,179
1105703,7,67,50,21,11,156,6,162
1105704,13,64,61,11,5,154,8,162
1105705,0,5,0,0,3,8,0,8
1105706,28,64,38,12,5,147,13,160
1105707,33,119,62,23,3,240,14,254
1105708,0,25,37,17,13,92,3,95
1105709,3,36,56,24,14,133,0,133
1105710,90,143,47,3,0,283,19,302
1105711,15,68,48,13,3,147,5,152
1105712,29,51,28,11,5,124,6,130
1105713,27,56,19,5,0,107,4,111
1105714,4,38,35,9,5,91,4,95
1105715,34,59,21,11,0,125,12,137
1105716,19,67,39,15,10,150,11,161
1105717,12,77,76,12,8,185,8,193
1105718,26,92,50,7,3,178,8,186
1105719,45,76,36,10,11,178,10,188
1105720,14,34,34,18,4,104,3,107
1105801,0,25,53,23,11,112,0,112
1105802,0,25,51,25,6,107,3,110
1105803,6,30,62,35,25,158,0,158
1105804,14,66,49,20,10,159,3,162
1105805,22,54,33,3,3,115,3,118
1105806,0,13,68,30,17,128,0,128
1105807,6,47,32,8,0,93,8,101
1105808,25,60,14,8,0,107,15,122
1105809,0,13,33,15,13,74,3,77
1105810,0,49,121,39,13,222,3,225
1105811,5,40,51,17,12,125,3,128
1105812,0,42,93,39,13,187,4,191
1105813,0,41,70,35,5,151,7,158
1105814,4,32,19,4,6,65,4,69
1105815,0,42,58,22,8,130,4,134
1105816,3,23,42,18,11,97,0,97
1105817,18,116,56,15,8,213,3,216
1105818,39,109,56,15,10,229,9,238
1105819,29,85,59,12,4,189,7,196
1105820,30,78,22,6,5,141,4,145
1105821,36,71,37,13,0,157,9,166
1105822,33,84,28,12,3,160,5,165
1105823,51,150,54,14,4,273,5,278
1105824,52,111,37,12,10,222,11,233
1105825,34,88,46,7,7,182,6,188
1105826,3,37,83,32,10,165,3,168
1105827,24,58,30,13,0,125,11,136
1105828,9,82,38,17,4,150,5,155
1105829,23,93,40,12,6,174,8,182
1105830,6,48,29,7,6,96,7,103
1105831,4,30,34,11,3,82,3,85
1105832,22,59,52,11,5,149,4,153
1105833,17,47,15,5,0,84,3,87
1105834,14,69,59,13,5,160,4,164
1105835,4,21,53,24,19,121,3,124
1105836,21,65,33,14,0,133,5,138
1105837,3,44,56,6,4,113,3,116
1105838,3,67,60,14,9,153,5,158
1105839,0,71,92,32,4,199,3,202
1105840,4,76,71,24,6,181,7,188
1105841,0,0,0,0,0,0,0,0
1105842,0,19,55,16,8,98,5,103
1105843,26,88,46,13,4,177,5,182
1105844,7,50,64,23,10,154,3,157
1105845,6,66,79,14,12,177,3,180
1105846,40,117,59,19,9,244,7,251
1105847,34,105,68,22,8,237,9,246
1105848,17,88,68,18,10,201,10,211
1105849,0,0,0,0,0,0,0,0
1105850,8,50,47,12,8,125,3,128
1105851,24,77,35,14,3,153,5,158
1105852,0,0,0,0,0,0,0,0
1105853,19,58,42,3,0,122,9,131
1105854,16,67,50,7,3,143,5,148
1105855,14,64,46,15,5,144,4,148
1105856,4,52,34,11,0,101,3,104
1105857,24,58,27,8,0,117,7,124
1105901,4,28,48,21,16,117,4,121
1105902,0,28,41,25,11,105,3,108
1105903,3,15,40,18,15,91,7,98
1105904,0,0,0,0,0,0,0,0
1105905,34,72,48,12,0,166,12,178
1105906,26,39,33,8,4,110,10,120
1105907,15,45,33,7,7,107,12,119
1105908,17,34,16,3,0,70,15,85
1105909,3,55,156,45,17,276,5,281
1105910,6,49,61,17,10,143,4,147
1105911,0,50,46,10,14,120,5,125
1105912,5,44,47,16,6,118,0,118
1105913,6,47,83,35,6,177,0,177
1105914,12,54,49,15,6,136,0,136
1105915,0,37,54,17,12,120,12,132
1105916,0,10,58,30,14,112,4,116
1105917,4,45,113,41,17,220,3,223
1105918,10,28,55,10,4,107,3,110
1105919,3,42,125,31,14,215,3,218
1105920,6,22,35,14,3,80,4,84
1105921,0,20,54,21,20,115,3,118
1105922,3,27,58,19,18,125,3,128
1105923,6,77,103,28,16,230,13,243
1106001,0,9,31,16,11,67,0,67
1106002,0,14,31,12,13,70,3,73
1106003,3,27,36,19,14,99,3,102
1106004,3,32,63,24,10,132,3,135
1106005,12,57,56,16,9,150,5,155
1106006,0,43,75,49,33,200,4,204
1106007,3,32,36,11,3,85,3,88
1106008,0,32,58,27,7,124,5,129
1106009,6,26,44,20,22,118,5,123
1106010,6,48,85,23,10,172,7,179
1106011,3,22,55,22,7,109,0,109
1106012,0,22,55,20,18,115,0,115
1106013,3,27,57,21,15,123,3,126
1106014,3,17,31,15,18,84,0,84
1106015,3,16,41,19,6,85,3,88
1106016,0,33,75,29,14,151,3,154
1106017,4,11,31,24,4,74,0,74
1106018,0,29,42,15,16,102,3,105
1106019,0,14,65,22,19,120,0,120
1106020,0,11,42,23,8,84,3,87
1106021,0,0,0,0,0,0,0,0
1106101,7,30,31,16,0,84,3,87
1106102,6,29,62,25,11,133,8,141
1106103,8,20,54,23,18,123,3,126
1106104,0,15,26,26,11,78,0,78
1106105,0,26,47,22,4,99,3,102
1106106,3,39,52,27,16,137,10,147
1106107,3,16,25,11,3,58,0,58
1106108,5,51,60,21,9,146,5,151
1106109,12,40,21,0,5,78,5,83
1106110,18,56,42,3,7,126,5,131
1106111,10,52,37,14,0,113,8,121
1106112,6,43,63,11,9,132,10,142
1106113,0,4,0,0,0,4,0,4
1106114,6,37,42,11,8,104,3,107
1106115,0,26,32,16,5,79,0,79
1106116,6,41,52,13,6,118,0,118
1106201,22,56,33,9,4,124,5,129
1106202,28,63,43,12,6,152,3,155
1106203,15,70,46,14,9,154,10,164
1106204,20,74,55,15,5,169,5,174
1106205,8,57,63,18,5,151,3,154
1106206,7,59,47,28,5,146,6,152
1106207,10,35,31,15,3,94,3,97
1106208,10,41,28,7,6,92,0,92
1106209,9,32,40,10,10,101,9,110
1106210,13,49,45,18,3,128,6,134
1106211,18,52,36,12,6,124,14,138
1106212,11,22,28,5,3,69,5,74
1106213,0,32,57,27,21,137,0,137
1106214,4,19,31,22,15,91,5,96
1106215,0,7,31,23,9,70,15,85
1106216,0,3,19,9,4,35,0,35
1106217,0,15,56,29,17,117,3,120
1106218,4,13,43,21,14,95,6,101
1106219,0,26,61,36,19,142,4,146
1106220,3,25,42,38,20,128,4,132
1106221,0,3,30,17,5,55,0,55
1106222,11,61,46,13,10,141,6,147
1106223,0,0,3,0,0,3,0,3
1106224,3,8,0,0,0,11,0,11
1106225,0,0,0,0,0,0,0,0
1106301,0,0,0,0,0,0,0,0
1106302,0,0,0,0,0,0,0,0
1106303,11,82,56,16,0,165,6,171
1106304,4,71,102,32,14,223,3,226
1106305,0,24,57,14,0,95,0,95
1106306,22,45,25,4,0,96,10,106
1106307,0,0,0,0,3,3,0,3
1106308,15,29,42,26,15,127,3,130
1106309,28,89,37,17,12,183,13,196
1106310,19,74,45,9,5,152,13,165
1106311,40,73,50,9,4,176,13,189
1106312,23,74,44,6,0,147,7,154
1106313,12,38,31,12,0,93,6,99
1106314,17,31,38,3,3,92,3,95
1106315,17,80,59,17,7,180,9,189
1106316,23,75,35,12,4,149,9,158
1106317,25,65,33,7,3,133,16,149
1106318,13,38,23,6,0,80,9,89
1106319,21,46,30,5,0,102,16,118
1106320,5,25,13,0,0,43,12,55
1106321,19,62,40,8,3,132,8,140
1106322,14,45,25,10,3,97,0,97
1106323,7,100,60,14,7,188,9,197
1106324,3,54,39,12,3,111,3,114
1106325,6,47,70,31,8,162,4,166
1106326,0,16,35,23,6,80,0,80
1106327,3,5,34,15,9,66,0,66
1106328,3,38,80,30,13,164,4,168
1106329,0,16,38,9,11,74,0,74
1106401,4,24,28,15,3,74,0,74
1106402,18,42,40,9,6,115,5,120
1106403,5,41,47,17,6,116,5,121
1106404,27,68,49,13,4,161,4,165
1106405,6,66,37,18,3,130,3,133
1106406,17,51,50,10,3,131,5,136
1106407,3,25,64,24,25,141,0,141
1106408,3,41,68,39,23,174,0,174
1106409,7,47,49,13,12,128,0,128
1106410,0,16,52,17,9,94,4,98
1106411,0,15,40,14,13,82,3,85
1106412,0,19,46,13,20,98,3,101
1106413,4,26,39,28,15,112,3,115
1106414,3,22,59,24,12,120,3,123
1106415,3,31,36,16,4,90,7,97
1106416,3,23,28,18,13,85,3,88
1106417,5,25,47,19,16,112,6,118
1106418,3,19,46,14,7,89,3,92
1106501,12,68,62,9,3,154,7,161
1106502,28,54,36,9,0,127,11,138
1106503,18,53,35,9,0,115,4,119
1106504,3,57,54,16,7,137,17,154
1106505,25,71,46,9,5,156,7,163
1106506,14,62,69,13,4,162,6,168
1106507,13,76,62,10,3,164,10,174
1106508,11,90,85,11,7,204,4,208
1106509,6,77,87,17,6,193,7,200
1106510,7,31,60,16,3,117,3,120
1106511,4,64,75,28,12,183,7,190
1106512,19,53,53,5,5,135,10,145
1106513,14,64,36,6,3,123,7,130
1106514,9,45,40,11,8,113,6,119
1106515,7,67,76,24,21,195,8,203
1106516,0,26,31,19,9,85,3,88
1106517,0,7,28,11,13,59,3,62
1106518,0,24,37,22,17,100,3,103
1106519,3,13,35,25,13,89,3,92
1106520,0,19,41,27,11,98,4,102
1106521,3,22,47,16,7,95,5,100
1106522,0,24,25,15,8,72,6,78
1106523,0,10,45,24,14,93,0,93
1106524,0,6,34,21,4,65,3,68
1106525,3,15,30,15,9,72,6,78
1106526,16,66,73,15,8,178,9,187
1106527,29,53,33,4,0,119,6,125
1106528,6,80,61,7,6,160,6,166
1106529,3,17,31,13,7,71,0,71
1106601,22,47,25,3,0,97,11,108
1106602,0,19,25,16,13,73,3,76
1106603,0,11,36,21,13,81,7,88
1106604,14,74,56,16,6,166,5,171
1106605,14,65,53,17,4,153,5,158
1106606,11,36,36,12,7,102,0,102
1106607,14,69,59,20,4,166,7,173
1106608,3,25,29,6,0,63,0,63
1106609,11,60,31,6,4,112,5,117
1106610,3,42,43,9,17,114,6,120
1106611,0,19,38,28,23,108,4,112
1106612,3,29,52,24,24,132,3,135
1106613,3,14,28,20,10,75,4,79
1106701,25,73,41,14,5,158,8,166
1106702,3,31,51,28,21,134,0,134
1106703,3,45,50,24,9,131,0,131
1106704,7,18,20,15,6,66,0,66
1106705,0,19,31,20,18,88,0,88
1106706,7,16,42,15,14,94,0,94
1106707,0,11,39,13,14,77,0,77
1106708,17,79,68,14,4,182,5,187
1106709,32,52,42,16,6,148,6,154
1106710,7,70,86,24,8,195,6,201
1106711,22,55,33,0,3,113,12,125
1106712,35,93,60,11,3,202,7,209
1106713,4,45,54,12,4,119,3,122
1106714,21,68,42,11,0,142,3,145
1106715,26,87,81,11,6,211,6,217
1106716,3,53,54,17,8,135,3,138
1106717,13,44,25,4,3,89,7,96
1106718,10,55,48,12,8,133,3,136
1106719,27,62,42,12,6,149,16,165
1106720,18,51,40,17,3,129,6,135
1106721,9,41,33,3,0,86,5,91
1106722,18,47,31,5,5,106,6,112
1106723,8,58,67,20,14,167,8,175
1106724,7,63,57,14,9,150,3,153
1106725,0,16,32,28,5,81,0,81
1106726,7,53,61,18,3,142,3,145
1106727,28,81,39,7,6,161,13,174
1106728,15,40,25,5,0,85,12,97
1106729,14,86,78,8,9,195,11,206
1106801,3,21,36,12,5,77,3,80
1106802,20,46,33,4,0,103,4,107
1106803,21,60,24,10,3,118,4,122
1106804,10,47,26,7,0,90,0,90
1106805,24,74,57,12,7,174,3,177
1106806,3,18,36,20,13,90,0,90
1106807,4,30,37,23,17,111,0,111
1106808,0,20,57,21,27,125,0,125
1106809,7,33,54,24,23,141,0,141
1106810,5,31,34,21,20,111,3,114
1106811,3,20,45,22,20,110,0,110
1106901,5,41,33,10,0,89,3,92
1106902,3,59,90,26,12,190,3,193
1106903,0,14,23,17,11,65,0,65
1106904,3,33,52,33,16,137,3,140
1106905,4,8,19,13,12,56,0,56
1106906,3,16,39,33,21,112,4,116
1106907,0,17,51,24,21,113,3,116
1106908,3,15,33,16,16,83,3,86
1106909,0,16,17,19,9,61,4,65
1106910,0,21,53,13,19,106,4,110
1106911,7,34,32,5,3,81,10,91
1106912,14,66,44,7,4,135,5,140
1106913,10,27,49,12,0,98,3,101
1106914,16,79,59,15,4,173,7,180
1106915,17,58,57,13,7,152,7,159
1106916,28,70,53,15,3,169,9,178
1106917,15,57,34,10,3,119,4,123
1106918,7,34,24,13,5,83,3,86
1106919,12,63,54,11,12,152,6,158
1107001,0,20,71,23,18,132,0,132
1107002,0,3,14,8,5,30,3,33
1107003,47,128,61,20,11,267,9,276
1107004,0,10,19,6,11,46,0,46
1107005,43,90,58,22,8,221,13,234
1107006,57,107,49,8,3,224,11,235
1107007,23,45,34,3,0,105,4,109
1107008,0,7,24,3,3,37,0,37
1107009,0,0,0,0,0,0,0,0
1107010,19,71,63,17,5,175,7,182
1107011,34,81,53,14,8,190,8,198
1107012,12,62,56,10,12,152,4,156
1107013,17,57,38,10,13,135,6,141
1107014,24,68,55,17,3,167,3,170
1107015,15,80,49,18,14,176,6,182
1107016,34,67,42,9,4,156,3,159
1107017,0,15,48,19,15,97,0,97
1107018,21,81,72,26,7,207,9,216
1107019,37,48,70,14,9,178,38,216
1107020,32,86,57,17,3,195,10,205
1107021,47,100,32,8,7,194,16,210
1107022,15,44,29,8,3,99,7,106
1107023,61,102,48,7,4,222,19,241
1107024,9,39,33,9,4,94,3,97
1107025,7,52,33,9,7,108,3,111
1107026,8,37,31,17,3,96,5,101
1107027,13,88,86,24,16,227,9,236
1107028,32,72,65,21,6,196,8,204
1107029,25,79,59,6,3,172,8,180
1107030,3,16,38,22,19,98,0,98
1107031,0,0,0,0,0,0,0,0
1107032,47,99,66,12,8,232,11,243
1107101,15,44,24,9,0,92,7,99
1107102,6,31,41,17,8,103,4,107
1107103,9,40,49,16,5,119,7,126
1107104,3,26,28,9,8,74,3,77
1107105,0,18,35,20,12,85,3,88
1107106,3,63,85,23,17,191,4,195
1107107,37,49,72,24,4,186,10,196
1107108,5,39,33,10,5,92,0,92
1107109,0,15,37,13,14,79,4,83
1107110,3,24,46,21,11,105,9,114
1107111,0,18,35,17,11,81,3,84
1107112,3,28,47,15,14,107,3,110
1107113,0,42,53,14,5,114,11,125
1107114,3,21,36,7,10,77,0,77
1107115,3,14,40,12,17,86,0,86
1107116,0,22,48,28,15,113,4,117
1107117,0,32,60,29,17,138,5,143
1107118,0,0,0,0,0,0,0,0
1107119,8,20,46,20,6,100,0,100
1107120,0,18,44,30,11,103,0,103
1107121,3,9,24,11,14,61,5,66
1107122,13,62,53,16,3,147,9,156
1107123,5,16,29,10,6,66,3,69
1107124,11,52,60,22,3,148,4,152
1107125,8,21,22,5,12,68,0,68
1107126,0,17,20,0,3,40,3,43
1107127,0,29,42,19,14,104,5,109
1107128,9,35,49,30,19,142,4,146
1107201,12,52,34,15,3,116,5,121
1107202,26,71,41,13,4,155,7,162
1107203,16,38,35,7,4,100,5,105
1107204,41,64,39,8,3,155,5,160
1107205,23,84,58,16,6,187,6,193
1107206,0,23,53,13,10,99,3,102
1107207,3,12,23,11,5,54,0,54
1107208,38,106,65,14,6,229,16,245
1107209,14,60,53,9,3,139,3,142
1107210,26,52,31,3,4,116,27,143
1107211,6,52,80,34,15,187,7,194
1107212,3,23,47,14,6,93,0,93
1107213,0,55,156,37,16,264,7,271
1107214,9,21,60,17,3,110,0,110
1107215,7,49,61,13,7,137,3,140
1107216,18,86,61,9,5,179,5,184
1107217,17,78,81,19,8,203,4,207
1107218,3,53,55,24,12,147,4,151
1107219,23,86,88,26,3,226,5,231
1107220,25,91,61,9,8,194,8,202
1107221,17,62,54,8,5,146,10,156
1107222,0,13,32,10,9,64,0,64
1107223,5,74,97,31,21,228,11,239
1107224,27,77,61,14,4,183,11,194
1107301,0,0,0,0,0,0,0,0
1107302,4,17,51,20,6,98,3,101
1107303,10,67,47,19,11,154,8,162
1107304,7,42,33,10,8,100,3,103
1107305,9,42,23,4,3,81,3,84
1107306,6,46,31,9,0,92,3,95
1107307,20,92,42,8,3,165,3,168
1107308,18,68,24,11,5,126,6,132
1107309,4,40,20,7,3,74,3,77
1107310,3,24,49,22,13,111,5,116
1107311,4,28,31,15,7,85,0,85
1107312,5,32,36,9,3,85,7,92
1107313,0,16,17,10,5,48,4,52
1107314,0,39,46,21,10,116,3,119
1107401,0,20,26,10,15,71,0,71
1107402,0,22,48,22,10,102,7,109
1107403,21,66,64,28,0,179,8,187
1107404,3,29,72,27,28,159,5,164
1107405,13,72,50,28,6,169,13,182
1107406,3,31,20,6,10,70,0,70
1107407,0,21,55,20,22,118,0,118
1107408,0,27,33,19,12,91,0,91
1107409,4,59,69,31,13,176,4,180
1107410,0,35,25,16,11,87,4,91
1107411,0,25,70,19,17,131,3,134
1107412,9,77,64,17,4,171,5,176
1107413,20,89,48,14,8,179,4,183
1107414,8,71,60,23,7,169,5,174
1107415,9,45,87,21,7,169,9,178
1107416,3,44,62,35,16,160,3,163
1107417,0,20,37,15,13,85,7,92
1107418,3,21,53,21,17,115,0,115
1107419,0,32,49,21,11,113,0,113
1107420,0,33,71,27,18,149,6,155
1107421,3,33,59,31,18,144,5,149
1107422,0,49,59,18,10,136,10,146
1107423,0,59,49,24,11,143,3,146
1107424,3,42,65,33,26,169,0,169
1107425,3,62,74,23,16,178,5,183
1107426,3,48,38,11,8,108,3,111
1107501,0,0,0,0,0,0,0,0
1107601,0,16,35,25,17,93,0,93
1107602,5,18,24,21,4,72,4,76
1107603,5,62,59,27,8,161,3,164
1107604,18,45,31,21,3,118,3,121
1107605,3,46,58,16,7,130,5,135
1107606,14,78,61,19,9,181,4,185
1107607,29,65,25,8,3,130,10,140
1107608,9,72,58,17,7,163,7,170
1107609,9,28,53,13,4,107,4,111
1107610,3,43,44,12,11,113,9,122
1107611,4,35,27,9,4,79,3,82
1107612,6,41,31,7,12,97,0,97
1107613,0,29,32,10,9,80,0,80
1107614,3,27,54,22,13,119,3,122
1107615,0,29,74,31,19,153,0,153
1107616,0,26,71,29,29,155,4,159
1107617,4,61,73,30,14,182,9,191
1107618,3,19,27,15,8,72,6,78
1107619,3,21,38,10,21,93,3,96
1107620,3,16,36,13,4,72,4,76
1107621,0,9,49,29,15,102,0,102
1107701,4,45,60,7,3,119,9,128
1107702,18,70,40,12,0,140,5,145
1107703,19,74,42,8,4,147,4,151
1107704,25,65,28,10,4,132,5,137
1107705,16,17,10,3,0,46,6,52
1107706,21,53,29,4,6,113,11,124
1107707,34,101,62,16,4,217,11,228
1107708,3,48,86,23,9,169,6,175
1107709,6,44,58,11,4,123,4,127
1107710,6,43,33,4,8,94,4,98
1107711,59,82,53,9,4,207,9,216
1107712,8,40,30,11,4,93,0,93
1107713,41,122,48,15,7,233,12,245
1107714,30,90,30,4,5,159,8,167
1107715,4,64,63,13,7,151,3,154
1107716,0,43,76,22,12,153,8,161
1107717,4,44,56,22,3,129,0,129
1107718,12,108,58,12,6,196,7,203
1107719,17,96,50,13,5,181,6,187
1107720,6,56,45,9,6,122,6,128
1107721,9,42,48,14,11,124,9,133
1107722,8,47,31,5,5,96,7,103
1107723,13,53,69,23,9,167,11,178
1107724,15,30,33,5,4,87,3,90
1107725,0,20,42,5,5,72,4,76
1107726,26,108,53,14,8,209,11,220
1107727,14,76,55,11,3,159,5,164
1107728,8,86,46,22,3,165,5,170
1107729,6,48,60,19,8,141,3,144
1107730,5,58,51,15,13,142,11,153
1107731,18,77,78,23,9,205,4,209
1107732,0,19,38,12,6,75,5,80
1107733,34,85,42,15,3,179,6,185
1107734,9,53,31,9,3,105,3,108
1107735,0,0,0,0,0,0,0,0
1107736,4,16,20,4,0,44,0,44
1107737,0,8,25,20,14,67,0,67
1107738,3,5,23,16,12,59,0,59
1107739,0,0,5,4,0,9,0,9
1107740,12,95,79,33,7,226,10,236
1107741,31,48,21,10,3,113,16,129
1107742,11,70,49,11,3,144,4,148
1107743,43,48,20,5,3,119,9,128
1107744,31,78,38,10,4,161,9,170
1107745,15,69,43,9,4,140,5,145
1107746,9,69,63,20,5,166,10,176
1107747,24,49,30,3,3,109,9,118
1107748,16,53,41,9,4,123,4,127
1107749,25,46,24,5,0,100,4,104
1107750,41,76,39,8,3,167,10,177
1107751,22,79,34,8,3,146,14,160
1107752,60,52,31,12,3,158,35,193
1107753,11,66,40,9,5,131,8,139
1107754,6,60,79,15,8,168,4,172
1107801,11,55,53,11,0,130,8,138
1107802,8,66,29,6,3,112,6,118
1107803,3,66,105,21,8,203,4,207
1107804,17,55,56,12,11,151,3,154
1107805,28,64,45,10,10,157,9,166
1107806,11,101,70,25,10,217,13,230
1107807,3,24,52,10,11,100,3,103
1107808,45,79,29,5,0,158,23,181
1107809,0,3,29,12,7,51,0,51
1107810,4,10,43,11,13,81,3,84
1107811,5,34,43,10,4,96,3,99
1107812,3,30,59,12,6,110,3,113
1107813,3,19,29,6,3,60,0,60
1107814,8,32,52,28,5,125,0,125
1107815,25,50,58,14,6,153,6,159
1107816,4,28,60,14,4,110,0,110
1107817,4,79,102,19,12,216,4,220
1107818,8,38,87,24,7,164,0,164
1107819,12,39,43,13,4,111,4,115
1107820,0,16,46,13,10,85,0,85
1107821,4,30,27,7,4,72,0,72
1107822,4,69,70,33,7,183,4,187
1107823,0,11,59,20,12,102,0,102
1107824,0,27,76,31,10,144,5,149
1107825,3,33,52,15,3,106,0,106
1107826,0,46,72,20,10,148,7,155
1107827,5,55,92,26,6,184,4,188
1107828,15,75,74,21,7,192,11,203
1107829,25,94,41,15,6,181,12,193
1107830,24,89,75,16,3,207,11,218
1107831,0,16,56,31,21,124,3,127
1107832,3,83,195,72,42,395,10,405
1107833,3,36,79,29,9,156,0,156
1107834,3,24,108,36,13,184,0,184
1107835,0,23,71,34,14,142,0,142
1107836,3,35,68,11,3,120,0,120
1107837,25,70,32,4,3,134,7,141
1107838,9,50,32,11,4,106,0,106
1107839,11,60,38,7,8,124,4,128
1107901,11,34,36,14,3,98,9,107
1107902,10,38,52,26,6,132,8,140
1107903,7,44,42,16,3,112,3,115
1107904,13,77,53,17,0,160,6,166
1107905,10,54,37,10,5,116,3,119
1107906,10,24,28,3,3,68,0,68
1107907,0,28,45,19,15,107,6,113
1107908,0,23,51,24,13,111,3,114
1107909,0,23,38,22,10,93,0,93
1107910,0,15,30,14,10,69,5,74
1107911,0,13,50,20,13,96,0,96
1107912,0,9,35,17,12,73,3,76
1107913,3,21,66,39,21,150,4,154
1107914,0,27,36,25,13,101,4,105
1107915,3,23,43,23,16,108,3,111
1107916,0,17,36,14,3,70,3,73
1107917,4,24,37,9,6,80,0,80
1107918,4,23,43,12,8,90,4,94
1107919,3,47,51,12,4,117,3,120
1107920,13,36,33,11,3,96,0,96
1107921,0,32,58,13,6,109,0,109
1107922,0,23,55,30,17,125,3,128
1107923,0,15,22,13,6,56,0,56
1107924,3,18,83,33,33,170,4,174
1107925,7,29,82,37,26,181,5,186
1107926,0,11,18,10,11,50,0,50
1107927,0,21,72,20,16,129,4,133
1107928,0,7,69,23,4,103,0,103
1107929,0,18,72,39,26,155,0,155
1107930,0,20,74,36,17,147,3,150
1107931,0,6,31,11,4,52,3,55
1107932,0,20,30,22,9,81,4,85
1107933,0,9,17,8,3,37,0,37
1107934,0,27,48,24,17,116,0,116
1107935,0,12,41,19,9,81,3,84
1107936,4,28,56,34,17,139,3,142
1108001,5,71,57,4,5,142,4,146
1108002,0,3,3,4,5,15,3,18
1108003,4,33,34,11,5,87,3,90
1108004,5,8,3,3,3,22,0,22
1108005,18,62,22,9,4,115,0,115
1108006,7,49,48,9,7,120,3,123
1108007,26,89,54,9,3,181,15,196
1108008,27,62,22,10,0,121,15,136
1108009,15,79,36,3,0,133,8,141
1108010,22,82,64,13,4,185,8,193
1108011,21,77,40,14,3,155,5,160
1108012,42,104,54,14,8,222,15,237
1108013,0,15,12,3,5,35,7,42
1108014,16,77,34,4,0,131,8,139
1108015,3,46,90,29,6,174,6,180
1108016,9,38,46,15,10,118,0,118
1108017,13,66,80,15,12,186,8,194
1108018,49,56,31,10,0,146,7,153
1108019,10,88,59,16,11,184,0,184
1108020,30,89,37,7,4,167,8,175
1108021,15,43,28,17,7,110,5,115
1108022,6,61,30,9,3,109,7,116
1108023,29,101,31,7,0,168,9,177
1108024,10,49,31,9,0,99,3,102
1108025,3,71,84,9,3,170,8,178
1108026,0,0,0,0,0,0,0,0
1108027,4,58,60,17,4,143,3,146
1108028,4,56,53,14,8,135,4,139
1108029,14,63,68,12,10,167,3,170
1108030,13,58,68,19,11,169,5,174
1108031,49,107,31,10,4,201,8,209
1108032,30,69,31,6,4,140,6,146
1108033,6,47,76,19,3,151,0,151
1108034,4,42,66,13,3,128,4,132
1108035,0,41,50,30,8,129,5,134
1108036,3,17,24,14,3,61,4,65
1108037,22,80,39,9,0,150,8,158
1108038,14,58,29,11,5,117,3,120
1108039,13,73,56,14,6,162,5,167
1108040,10,77,84,16,6,193,0,193
1108041,10,66,43,12,6,137,3,140
1108042,16,55,42,11,5,129,5,134
1108043,5,71,70,8,7,161,10,171
1108044,11,90,69,24,7,201,3,204
1108045,40,135,54,26,11,266,14,280
1108046,27,57,21,7,3,115,6,121
1108047,16,42,24,8,3,93,3,96
1108048,11,72,44,17,0,144,6,150
1108049,20,33,19,4,5,81,6,87
1108050,27,74,46,15,3,165,3,168
1108051,0,0,0,0,0,0,0,0
1108101,6,41,33,10,5,95,3,98
1108102,14,73,59,10,7,163,3,166
1108103,16,40,28,8,8,100,4,104
1108104,4,21,20,11,4,60,0,60
1108105,0,33,48,16,9,106,7,113
1108106,3,55,46,15,3,122,3,125
1108107,3,20,38,14,10,85,0,85
1108108,5,35,53,20,11,124,6,130
1108109,3,31,45,19,7,105,5,110
1108110,0,30,47,13,7,97,3,100
1108111,0,0,0,0,0,0,0,0
1108112,4,43,44,10,8,109,3,112
1108113,4,26,62,24,3,119,3,122
1108114,13,79,56,15,5,168,0,168
1108115,0,22,42,20,7,91,4,95
1108116,0,15,41,9,6,71,0,71
1108117,4,24,55,21,9,113,3,116
1108118,0,22,51,18,5,96,5,101
1108119,4,39,29,8,0,80,5,85
1108120,8,66,63,12,6,155,6,161
1108121,8,57,63,10,8,146,3,149
1108122,0,35,34,25,0,94,7,101
1108123,0,35,46,14,9,104,8,112
1108124,0,40,57,22,10,129,0,129
1108125,3,19,28,6,8,64,0,64
1108126,4,14,31,9,4,62,3,65
1108127,4,14,26,12,10,66,0,66
1108128,3,34,54,22,4,117,5,122
1108129,0,36,56,13,7,112,0,112
1108130,5,46,70,10,4,135,0,135
1108131,0,31,63,20,12,126,4,130
1108132,4,52,48,16,12,132,3,135
1108133,0,20,51,17,7,95,3,98
1108134,3,42,81,38,19,183,4,187
1108135,5,68,85,21,11,190,7,197
1108136,0,40,69,23,9,141,8,149
1108137,3,35,35,16,3,92,3,95
1108138,3,25,25,19,9,81,3,84
1108139,0,39,45,18,6,108,5,113
1108140,0,28,30,19,9,86,0,86
1108141,0,19,35,10,6,70,0,70
1108142,0,19,37,33,19,108,4,112
1108143,6,35,40,29,8,118,5,123
1108144,4,37,47,14,11,113,12,125
1108145,11,35,45,17,7,115,5,120
1108146,7,51,47,31,15,151,5,156
1108147,13,90,48,4,3,158,10,168
1108148,9,35,11,8,0,63,3,66
1108149,5,41,28,9,0,83,0,83
1108150,6,29,41,8,5,89,0,89
1108201,11,0,0,0,0,11,0,11
1108202,10,86,38,3,0,137,4,141
1108203,17,137,64,12,3,233,5,238
1108204,23,131,80,19,6,259,15,274
1108205,4,64,59,14,0,141,5,146
1108206,0,7,6,0,0,13,0,13
1108207,0,56,102,33,11,202,3,205
1108208,3,36,25,6,3,73,3,76
1108209,11,38,26,10,0,85,3,88
1108210,0,0,0,0,0,0,0,0
1108211,14,53,78,14,6,165,4,169
1108212,3,54,58,17,4,136,3,139
1108213,3,39,64,19,8,133,0,133
1108214,4,32,52,27,11,126,6,132
1108215,32,91,48,10,7,188,6,194
1108216,11,63,49,9,5,137,3,140
1108217,14,43,25,7,0,89,3,92
1108218,18,46,34,4,3,105,4,109
1108219,8,58,49,6,3,124,5,129
1108220,5,56,25,3,0,89,3,92
1108221,14,110,69,9,3,205,9,214
1108222,28,126,41,16,5,216,24,240
1108223,4,13,27,10,9,63,3,66
1108224,5,49,48,24,9,135,6,141
1108225,3,25,33,10,3,74,3,77
1108226,22,67,37,10,0,136,4,140
1108227,9,91,37,3,0,140,5,145
1108228,20,68,40,7,4,139,9,148
1108229,9,72,41,10,0,132,5,137
1108230,22,69,36,13,0,140,6,146
1108231,5,50,48,10,12,125,3,128
1108232,7,83,79,20,0,189,7,196
1108233,26,110,81,23,7,247,12,259
1108234,11,84,71,9,4,179,8,187
1108235,0,19,54,14,10,97,3,100
1108236,3,3,3,0,0,9,0,9
1108237,15,119,54,12,3,203,6,209
1108238,5,105,62,15,4,191,4,195
1108239,0,17,36,20,4,77,0,77
1108240,9,59,72,23,8,171,7,178
1108241,11,95,71,11,3,191,6,197
1108242,14,58,47,6,3,128,0,128
1108243,49,108,39,3,3,202,15,217
1108244,3,166,53,8,8,238,4,242
1108245,4,63,65,15,3,150,3,153
1108301,9,94,71,9,3,186,11,197
1108302,3,46,32,6,0,87,3,90
1108303,5,77,62,11,3,158,4,162
1108304,9,56,27,5,0,97,4,101
1108305,19,89,60,0,0,168,6,174
1108306,3,42,20,3,0,68,3,71
1108307,4,59,38,17,6,124,4,128
1108308,4,49,44,12,4,113,5,118
1108309,3,36,52,16,11,118,3,121
1108310,3,38,70,16,11,138,3,141
1108311,11,52,31,4,3,101,3,104
1108312,0,29,44,23,8,104,0,104
1108313,3,48,39,7,6,103,6,109
1108314,3,58,61,17,14,153,3,156
1108315,0,44,56,26,4,130,4,134
1108316,19,66,41,3,0,129,3,132
1108317,3,49,61,12,6,131,3,134
1108401,0,24,43,9,5,81,0,81
1108402,0,0,0,0,0,0,0,0
1108403,62,117,32,5,3,219,18,237
1108404,10,67,59,12,7,155,5,160
1108405,16,22,30,7,0,75,8,83
1108406,3,39,41,19,3,105,4,109
1108407,9,80,52,14,5,160,5,165
1108408,8,62,34,12,4,120,4,124
1108409,9,68,73,22,17,189,0,189
1108410,7,47,50,19,5,128,3,131
1108411,13,31,23,7,0,74,7,81
1108412,4,30,38,5,3,80,3,83
1108413,20,75,62,14,4,175,4,179
1108414,18,85,66,20,3,192,14,206
1108415,4,49,84,23,5,165,4,169
1108416,12,69,39,15,4,139,9,148
1108417,4,36,53,13,5,111,0,111
1108418,24,60,43,11,9,147,6,153
1108419,10,31,52,18,16,127,4,131
1108420,4,15,32,4,6,61,0,61
1108421,8,66,49,12,14,149,6,155
1108422,3,42,25,4,0,74,4,78
1108423,0,33,35,8,4,80,5,85
1108424,23,52,20,9,3,107,3,110
1108425,4,35,42,15,5,101,0,101
1108426,8,65,65,12,4,154,8,162
1108427,4,63,84,17,6,174,3,177
1108428,7,35,33,0,0,75,3,78
1108429,42,64,25,5,3,139,9,148
1108430,3,50,74,24,3,154,3,157
1108431,30,123,43,9,3,208,9,217
1108432,8,41,35,11,7,102,8,110
1108433,52,150,66,5,4,277,15,292
1108434,24,59,22,6,3,114,5,119
1108435,51,102,13,3,0,169,14,183
1108436,78,139,29,7,3,256,18,274
1108437,64,169,69,11,5,318,20,338
1108438,5,66,66,13,4,154,5,159
1108439,3,61,97,17,4,182,4,186
1108440,11,74,50,14,6,155,8,163
1108441,17,41,33,8,3,102,9,111
1108442,5,36,33,16,7,97,0,97
1108443,7,69,68,16,9,169,3,172
1108444,12,81,66,17,12,188,7,195
1108501,0,0,0,0,0,0,0,0
1108502,8,43,54,12,3,120,3,123
1108503,0,3,3,0,0,6,0,6
1108504,8,72,45,9,8,142,5,147
1108505,3,53,46,16,5,123,6,129
1108506,6,55,41,17,3,122,3,125
1108507,32,82,33,6,7,160,7,167
1108508,45,57,17,3,3,125,16,141
1108509,10,36,18,8,7,79,4,83
1108510,18,106,54,14,3,195,11,206
1108511,11,30,30,5,0,76,3,79
1108512,18,105,42,11,4,180,3,183
1108513,0,42,48,13,5,108,0,108
1108514,12,73,38,8,8,139,5,144
1108515,8,57,37,5,3,110,3,113
1108516,4,56,38,12,0,110,0,110
1108517,6,55,82,20,12,175,0,175
1108518,32,61,42,9,7,151,7,158
1108519,3,37,50,21,6,117,3,120
1108520,3,6,3,3,3,18,0,18
1108521,0,0,0,3,0,3,0,3
1108522,5,0,0,0,0,5,0,5
1108523,12,55,27,7,4,105,6,111
1108524,27,58,32,3,3,123,10,133
1108525,14,90,60,13,3,180,3,183
1108526,7,26,40,11,4,88,3,91
1108527,16,115,95,11,3,240,12,252
1108528,60,96,42,4,0,202,19,221
1108529,33,110,51,7,5,206,8,214
1108530,54,64,23,12,0,153,11,164
1108531,28,76,43,11,9,167,13,180
1108601,4,41,59,25,7,136,3,139
1108602,4,24,42,9,4,83,0,83
1108603,0,25,36,12,9,82,8,90
1108604,5,23,35,14,14,91,4,95
1108605,0,20,41,7,12,80,5,85
1108606,4,26,24,9,3,66,0,66
1108607,0,13,32,10,7,62,3,65
1108608,0,31,47,28,5,111,3,114
1108609,3,39,62,24,10,138,6,144
1108610,0,16,35,12,10,73,0,73
1108611,3,31,47,22,6,109,0,109
1108612,0,26,34,18,3,81,4,85
1108613,0,32,54,16,8,110,5,115
1108701,7,38,27,6,3,81,3,84
1108702,5,36,35,8,5,89,4,93
1108703,7,54,49,10,3,123,4,127
1108704,4,33,32,11,3,83,0,83
1108705,4,35,25,7,0,71,7,78
1108706,20,45,20,11,3,99,0,99
1108707,6,57,28,3,0,94,6,100
1108708,5,40,23,10,4,82,0,82
1108709,0,61,62,32,9,164,3,167
1108710,3,37,39,14,8,101,9,110
1108711,3,19,33,24,13,92,0,92
1108712,6,35,26,8,4,79,3,82
1108713,0,39,55,15,6,115,9,124
1108801,0,0,0,0,0,0,0,0
1108802,9,75,100,30,14,228,3,231
1108803,0,48,61,14,9,132,4,136
1108804,3,18,52,15,6,94,3,97
1108805,0,31,25,8,4,68,0,68
1108806,0,47,59,20,0,126,5,131
1108807,0,0,0,0,0,0,0,0
1108808,0,57,78,14,3,152,0,152
1108809,0,64,44,7,5,120,6,126
1108810,3,62,49,4,5,123,6,129
1108811,12,76,86,22,4,200,7,207
1108812,6,65,75,29,7,182,3,185
1108813,0,33,67,26,9,135,11,146
1108814,5,56,52,15,4,132,4,136
1108815,0,36,71,21,21,149,4,153
1108816,0,30,69,12,13,124,5,129
1108817,0,28,71,26,17,142,3,145
1108818,3,36,84,28,16,167,0,167
1108819,3,41,48,21,9,122,3,125
1108820,6,75,89,30,20,220,4,224
1108901,3,38,44,16,4,105,7,112
1108902,11,84,89,21,5,210,7,217
1108903,0,47,31,12,3,93,0,93
1108904,42,125,40,6,4,217,15,232
1108905,3,37,71,32,19,162,5,167
1108906,0,21,50,17,12,100,0,100
1108907,4,33,19,0,5,61,5,66
1108908,14,118,106,22,7,267,6,273
1108909,47,97,17,3,0,164,15,179
1108910,9,66,31,15,0,121,3,124
1108911,9,83,79,20,7,198,9,207
1108912,6,56,63,20,0,145,0,145
1108913,0,3,0,0,0,3,0,3
1108914,10,80,85,12,3,190,4,194
1108915,9,56,55,17,6,143,3,146
1108916,0,41,55,17,3,116,0,116
1108917,10,86,47,7,3,153,4,157
1108918,5,29,43,9,3,89,3,92
1108919,6,62,44,14,3,129,3,132
1108920,3,38,29,6,3,79,0,79
1108921,3,41,61,8,0,113,3,116
1108922,4,27,45,15,9,100,3,103
1108923,46,94,38,12,3,193,11,204
1108924,5,64,83,26,0,178,4,182
1108925,19,54,18,4,0,95,4,99
1108926,37,116,45,5,3,206,4,210
1108927,0,0,0,0,0,0,0,0
1108928,9,74,55,3,0,141,8,149
1108929,3,55,57,17,9,141,5,146
1108930,16,84,37,9,8,154,4,158
1108931,8,42,29,8,3,90,3,93
1108932,10,68,57,17,5,157,9,166
1108933,10,58,61,17,5,151,4,155
1108934,0,18,72,28,15,133,3,136
1108935,12,64,65,17,0,158,3,161
1108936,0,23,7,0,0,30,5,35
1108937,25,53,12,3,0,93,3,96
1108938,0,4,3,4,0,11,0,11
1108939,10,60,40,12,0,122,9,131
1108940,27,79,47,6,3,162,8,170
1108941,22,60,36,7,0,125,5,130
1108942,3,5,0,0,0,8,0,8
1108943,6,47,62,18,5,138,3,141
1108944,11,69,54,18,0,152,4,156
1108945,8,32,54,23,6,123,3,126
1108946,20,109,78,8,5,220,16,236
1108947,7,48,61,15,3,134,3,137
1108948,3,44,57,34,19,157,4,161
1108949,0,30,61,26,5,122,4,126
1108950,8,42,35,33,17,135,7,142
1108951,3,43,66,10,3,125,0,125
1108952,5,41,13,6,0,65,0,65
1108953,0,0,0,0,0,0,0,0
1108954,3,28,42,21,8,102,3,105
1108955,3,23,48,19,9,102,0,102
1108956,9,35,51,6,8,109,3,112
1109001,6,69,38,15,9,137,10,147
1109002,0,0,0,0,0,0,0,0
1109003,5,43,45,9,6,108,3,111
1109004,3,29,43,16,9,100,3,103
1109005,3,10,23,13,0,49,3,52
1109006,20,83,45,16,4,168,13,181
1109007,21,72,55,14,0,162,4,166
1109008,52,94,43,14,10,213,12,225
1109009,0,32,64,17,7,120,0,120
1109010,16,63,51,9,3,142,6,148
1109011,3,48,45,19,4,119,4,123
1109012,0,13,36,7,11,67,0,67
1109013,14,96,67,12,0,189,3,192
1109014,3,42,52,12,6,115,0,115
1109015,0,42,71,23,17,153,4,157
1109101,14,79,87,22,9,211,4,215
1109102,11,56,53,21,4,145,8,153
1109103,3,33,43,22,6,107,4,111
1109104,7,108,61,23,7,206,12,218
1109105,3,46,68,23,13,153,0,153
1109106,3,43,65,11,7,129,0,129
1109107,0,59,83,19,3,164,3,167
1109108,3,30,40,19,11,103,0,103
1109109,5,54,53,12,6,130,5,135
1109110,8,47,54,9,5,123,3,126
1109111,8,59,73,16,7,163,4,167
1109112,6,80,98,28,10,222,3,225
1109113,7,40,35,12,10,104,3,107
1109114,12,71,24,4,0,111,5,116
1109115,0,26,32,12,9,79,0,79
1109116,0,25,43,13,6,87,0,87
1109117,0,0,0,0,0,0,0,0
1109118,3,70,37,7,4,121,4,125
1109119,5,105,141,31,14,296,7,303
1109120,54,157,53,6,7,277,22,299
1109121,14,44,43,12,0,113,6,119
1109122,10,166,58,10,0,244,8,252
1109123,3,65,77,19,3,167,6,173
1109124,3,61,91,19,9,183,3,186
1109125,11,58,35,11,5,120,4,124
1109126,26,79,31,9,4,149,7,156
1109127,25,62,49,19,6,161,8,169
1109128,15,55,46,12,0,128,4,132
1109201,28,82,50,9,7,176,13,189
1109202,38,62,53,8,3,164,11,175
1109203,4,21,20,11,6,62,3,65
1109204,4,38,45,19,19,125,10,135
1109205,11,19,20,17,4,71,3,74
1109206,14,0,0,0,0,14,4,18
1109207,37,67,30,11,6,151,0,151
1109208,43,51,24,5,0,123,4,127
1109209,15,40,34,9,13,111,3,114
1109210,11,9,15,5,9,49,0,49
1109211,18,24,20,9,3,74,9,83
1109212,9,44,41,6,3,103,8,111
1109213,15,39,31,9,6,100,7,107
1109301,12,10,0,0,0,22,3,25
1109302,0,40,59,15,5,119,4,123
1109303,5,49,47,14,7,122,4,126
1109304,15,83,71,15,10,194,8,202
1109305,19,69,35,8,10,141,8,149
1109306,4,39,36,6,4,89,7,96
1109307,17,42,45,19,3,126,0,126
1109308,6,44,33,7,3,93,0,93
1109309,14,72,53,14,4,157,4,161
1109310,11,66,61,7,4,149,7,156
1109311,6,51,46,11,4,118,4,122
1109312,8,21,14,7,4,54,3,57
1109313,6,42,56,22,14,140,14,154
1109314,0,26,49,37,20,132,6,138
1109401,12,39,32,14,9,106,6,112
1109402,11,30,25,8,0,74,8,82
1109403,39,59,30,7,4,139,3,142
1109404,0,13,52,17,10,92,3,95
1109405,3,19,20,19,14,75,0,75
1109406,0,13,45,33,16,107,4,111
1109407,7,23,32,15,9,86,4,90
1109408,3,16,34,21,14,88,7,95
1109409,3,19,38,12,14,86,4,90
1109410,25,57,38,10,8,138,4,142
1109411,17,51,57,5,9,139,11,150
1109412,22,59,50,17,0,148,7,155
1109413,22,32,39,6,8,107,8,115
1109414,34,82,37,9,3,165,3,168
1109501,10,40,45,10,0,105,11,116
1109502,3,18,24,16,12,73,4,77
1109503,18,86,83,12,12,211,13,224
1109504,3,14,35,26,21,99,5,104
1109505,3,38,79,55,30,205,9,214
1109506,3,20,25,12,13,73,0,73
1109507,0,24,26,23,13,86,4,90
1109508,21,84,68,20,7,200,17,217
1109509,11,27,41,12,5,96,3,99
1109510,22,56,27,10,4,119,7,126
1109511,31,82,50,9,7,179,17,196
1109512,13,44,39,15,5,116,0,116
1109513,30,80,72,14,3,199,19,218
1109514,18,49,29,6,0,102,6,108
1109515,0,0,0,0,0,0,0,0
1109601,21,91,28,9,7,156,10,166
1109602,13,27,50,26,21,137,5,142
1109603,3,16,12,8,4,43,3,46
1109604,4,24,21,15,4,68,9,77
1109605,0,9,18,7,13,47,0,47
1109606,12,11,15,6,4,48,7,55
1109607,12,18,17,3,0,50,7,57
1109608,7,3,0,0,0,10,5,15
1109609,10,7,4,0,0,21,4,25
1109610,7,31,38,5,3,84,3,87
1109611,29,42,22,8,3,104,5,109
1109612,31,23,30,11,9,104,8,112
1109613,13,32,25,10,5,85,8,93
1109614,4,30,36,19,22,111,5,116
1109615,5,28,54,39,34,160,8,168
1109616,5,31,21,12,7,76,4,80
1109617,16,25,15,3,0,59,6,65
1109618,36,84,41,6,3,170,21,191
1109619,20,78,32,4,3,137,14,151
1109620,15,49,28,10,4,106,6,112
1109621,22,51,43,10,3,129,16,145
1109622,29,127,70,11,3,240,18,258
1109623,13,67,51,10,4,145,7,152
1109624,40,54,38,5,7,144,3,147
1109701,15,55,26,8,5,109,8,117
1109702,12,37,28,12,0,89,3,92
1109703,22,55,36,7,10,130,7,137
1109704,9,36,17,4,3,69,3,72
1109705,34,60,31,4,3,132,9,141
1109706,37,89,38,11,3,178,10,188
1109707,21,50,38,10,4,123,4,127
1109708,16,53,28,11,0,108,10,118
1109709,10,49,36,11,0,106,10,116
1109710,0,3,8,3,3,17,0,17
1109711,9,27,28,16,8,88,0,88
1109712,25,64,45,10,4,148,13,161
1109713,9,57,80,20,8,174,4,178
1109714,18,83,54,25,0,180,10,190
1109715,8,62,53,20,3,146,3,149
1109716,11,37,18,3,4,73,4,77
1109717,5,56,55,21,9,146,6,152
1109718,13,52,42,19,7,133,6,139
1109719,11,66,67,27,14,185,5,190
1109720,12,72,45,10,3,142,6,148
1109721,28,74,49,12,4,167,10,177
1109722,17,76,42,5,0,140,11,151
1109723,18,78,56,5,6,163,10,173
1109724,10,74,82,22,5,193,5,198
1109725,21,80,56,14,3,174,7,181
1109726,12,38,30,6,5,91,3,94
1109727,16,37,23,5,4,85,7,92
1109728,16,81,44,16,5,162,7,169
1109729,32,78,45,9,3,167,8,175
1109730,6,57,70,25,10,168,0,168
1109731,3,44,23,11,5,86,7,93
1109732,26,25,26,7,3,87,9,96
1109733,10,58,49,9,4,130,10,140
1109734,37,88,58,10,3,196,10,206
1109735,26,64,38,4,3,135,20,155
1109736,4,40,22,7,4,77,3,80
1109737,22,73,50,10,3,158,14,172
1109738,19,92,51,19,0,181,13,194
1109739,19,66,33,8,4,130,14,144
1109740,17,83,64,11,4,179,7,186
1109741,16,65,53,5,0,139,4,143
1109742,25,72,57,16,6,176,17,193
1109743,14,70,41,13,3,141,9,150
1109744,7,66,39,10,0,122,11,133
1109745,17,80,60,15,3,175,6,181
1109746,13,79,55,8,0,155,3,158
1109747,19,94,65,19,4,201,9,210
1109748,21,63,45,10,3,142,8,150
1109749,14,56,45,17,3,135,8,143
1109750,10,64,49,16,4,143,3,146
1109751,14,68,54,13,3,152,8,160
1109752,0,4,8,12,4,28,4,32
1109801,5,24,12,6,0,47,5,52
1109802,30,74,46,11,3,164,24,188
1109803,3,11,28,16,18,76,4,80
1109804,7,25,38,21,13,104,7,111
1109805,0,14,16,14,12,56,0,56
1109806,4,14,24,20,20,82,3,85
1109807,4,50,50,27,19,150,5,155
1109808,15,25,12,0,3,55,0,55
1109809,8,39,24,7,0,78,3,81
1109810,13,29,18,6,3,69,3,72
1109811,28,18,3,3,0,52,0,52
1109901,14,29,42,17,5,107,8,115
1109902,13,78,66,18,3,178,13,191
1109903,18,88,50,19,4,179,17,196
1109904,19,83,40,10,0,152,9,161
1109905,15,51,25,9,5,105,9,114
1109906,15,55,18,7,0,95,3,98
1109907,12,68,35,11,0,126,4,130
1109908,6,35,34,8,3,86,3,89
1109909,13,31,15,6,0,65,0,65
1109910,13,68,39,7,0,127,6,133
1109911,3,25,19,10,5,62,3,65
1109912,8,48,25,11,9,101,0,101
1109913,6,43,38,5,6,98,5,103
1109914,23,47,28,6,4,108,3,111
1109915,3,36,30,9,21,99,3,102
1109916,5,58,93,38,15,209,5,214
1109917,0,9,16,9,9,43,3,46
1109918,0,28,18,10,4,60,0,60
1109919,0,21,37,9,11,78,4,82
1109920,4,31,62,26,16,139,7,146
1109921,5,21,47,17,17,107,0,107
1109922,0,6,25,9,9,49,0,49
1109923,4,29,51,21,13,118,3,121
1109924,0,17,46,18,14,95,0,95
1109925,0,13,30,15,3,61,4,65
1109926,7,55,45,14,5,126,3,129
1109927,0,15,16,11,0,42,3,45
1109928,21,55,48,9,5,138,5,143
1109929,3,15,21,12,8,59,3,62
1110001,0,46,67,28,14,155,0,155
1110002,4,48,40,10,3,105,4,109
1110003,6,27,47,14,4,98,3,101
1110004,0,53,76,21,7,157,3,160
1110005,3,50,80,21,9,163,0,163
1110006,7,82,92,24,0,205,6,211
1110007,3,60,72,14,3,152,3,155
1110008,10,46,33,5,5,99,7,106
1110009,45,49,20,4,3,121,4,125
1110010,23,37,8,0,0,68,0,68
1110011,32,97,35,10,0,174,15,189
1110012,9,52,37,10,3,111,7,118
1110013,13,51,49,10,4,127,9,136
1110014,40,41,25,11,10,127,7,134
1110015,5,46,56,24,12,143,7,150
1110016,0,13,59,24,23,119,3,122
1110017,0,21,81,43,18,163,0,163
1110018,32,84,60,10,5,191,13,204
1110019,14,48,35,5,3,105,5,110
1110020,0,16,60,18,14,108,3,111
1110021,0,12,25,12,5,54,0,54
1110022,10,70,59,21,10,170,8,178
1110023,3,34,44,15,3,99,6,105
1110024,26,99,57,10,3,195,4,199
1110025,8,61,51,12,8,140,6,146
1110026,0,23,59,36,19,137,3,140
1110027,0,17,59,39,14,129,0,129
1110101,45,98,16,11,4,174,8,182
1110102,11,70,72,25,11,189,8,197
1110103,4,61,75,27,7,174,0,174
1110104,3,34,43,23,7,110,3,113
1110105,0,38,99,40,9,186,0,186
1110106,5,45,40,4,7,101,0,101
1110107,15,92,82,22,9,220,7,227
1110108,27,87,44,14,0,172,14,186
1110109,12,62,57,9,5,145,5,150
1110110,21,81,41,11,5,159,5,164
1110111,21,55,48,8,0,132,6,138
1110112,12,51,52,12,3,130,0,130
1110113,12,51,45,6,4,118,3,121
1110114,14,53,55,7,0,129,3,132
1110115,39,91,59,14,5,208,9,217
1110116,3,27,41,3,3,77,3,80
1110117,31,28,34,14,6,113,5,118
1110118,54,86,67,17,10,234,14,248
1110119,9,97,82,15,11,214,5,219
1110120,12,94,78,13,11,208,0,208
1110121,11,79,82,12,7,191,3,194
1110122,6,54,28,8,4,100,11,111
1110123,7,75,66,13,3,164,8,172
1110124,3,25,46,11,7,92,0,92
1110125,10,74,43,14,4,145,8,153
1110126,0,45,40,10,4,99,3,102
1110127,22,71,61,13,8,175,4,179
1110128,10,84,69,16,7,186,13,199
1110129,10,80,75,23,3,191,5,196
1110130,17,83,65,17,4,186,3,189
1110131,0,42,123,39,14,218,4,222
1110132,3,64,60,17,4,148,4,152
1110133,11,40,41,17,5,114,4,118
1110134,13,65,90,33,12,213,6,219
1110135,26,90,35,11,3,165,5,170
1110136,54,99,39,7,4,203,7,210
1110137,19,23,14,0,0,56,10,66
1110201,9,76,49,11,0,145,16,161
1110202,20,54,41,14,7,136,13,149
1110203,18,60,28,9,3,118,7,125
1110204,30,74,39,14,0,157,9,166
1110205,28,70,56,13,10,177,4,181
1110206,15,61,39,4,4,123,5,128
1110207,7,72,42,19,0,140,8,148
1110208,18,47,31,16,10,122,9,131
1110209,14,55,34,11,0,114,9,123
1110210,8,32,19,7,3,69,6,75
1110211,8,45,45,20,6,124,11,135
1110212,14,74,99,18,15,220,5,225
1110213,9,79,73,21,8,190,5,195
1110214,3,52,70,20,8,153,0,153
1110215,3,43,133,38,7,224,7,231
1110216,0,67,140,34,16,257,0,257
1110217,0,9,23,12,12,56,0,56
1110218,0,3,6,4,3,16,3,19
1110301,0,16,35,19,11,81,0,81
1110302,4,7,33,17,15,76,0,76
1110303,0,22,60,26,15,123,3,126
1110304,0,18,48,21,19,106,3,109
1110305,0,16,46,15,10,87,0,87
1110306,0,18,31,29,16,94,6,100
1110307,0,21,59,33,16,129,3,132
1110308,0,3,21,6,10,40,0,40
1110309,0,13,39,13,10,75,0,75
1110310,3,9,39,18,8,77,3,80
1110311,5,34,76,28,11,154,0,154
1110312,0,10,27,9,16,62,0,62
1110313,0,16,37,10,16,79,0,79
1110314,3,23,32,16,13,87,5,92
1110315,0,14,27,10,8,59,3,62
1110316,3,47,49,27,19,145,4,149
1110317,0,49,67,24,25,165,3,168
1110318,3,12,24,19,10,68,3,71
1110401,19,94,51,11,6,181,7,188
1110402,9,64,85,25,9,192,4,196
1110403,0,7,34,19,15,75,7,82
1110404,3,12,29,12,11,67,0,67
1110405,0,21,47,24,10,102,4,106
1110406,6,29,54,26,20,135,5,140
1110407,0,17,45,21,10,93,3,96
1110408,3,3,11,15,5,37,4,41
1110409,15,69,40,13,8,145,5,150
1110410,19,52,24,7,3,105,10,115
1110411,15,63,29,3,14,124,5,129
1110412,15,44,45,6,3,113,3,116
1110413,18,45,36,9,3,111,3,114
1110414,0,0,0,0,0,0,0,0
1110415,3,11,13,7,3,37,5,42
1110416,4,15,44,21,13,97,3,100
1110501,7,32,44,10,6,99,12,111
1110502,0,29,47,17,23,116,6,122
1110503,10,60,36,10,4,120,7,127
1110504,30,84,55,17,12,198,14,212
1110505,6,54,77,18,13,168,0,168
1110506,7,44,52,13,5,121,4,125
1110507,5,37,38,13,4,97,0,97
1110508,24,45,39,13,6,127,13,140
1110509,38,85,65,26,6,220,9,229
1110510,6,43,34,10,6,99,3,102
1110511,6,30,18,9,0,63,5,68
1110512,23,66,57,24,11,181,7,188
1110513,22,70,56,20,11,179,9,188
1110514,5,7,16,11,12,51,3,54
1110515,0,40,99,48,27,214,8,222
1110516,0,36,43,27,23,129,3,132
1110517,0,30,51,30,29,140,7,147
1110518,0,11,28,9,6,54,3,57
1110601,5,10,3,3,0,21,0,21
1110602,3,14,16,3,0,36,0,36
1110603,0,0,9,4,3,16,0,16
1110604,5,42,23,0,3,73,7,80
1110605,46,62,32,7,3,150,8,158
1110606,29,62,46,22,8,167,7,174
1110607,39,88,43,11,3,184,8,192
1110608,30,56,26,4,5,121,4,125
1110609,8,63,76,28,11,186,8,194
1110610,0,28,35,9,5,77,5,82
1110611,0,20,59,24,18,121,6,127
1110612,18,46,32,7,7,110,5,115
1110613,6,8,16,14,0,44,0,44
1110614,4,43,86,38,20,191,7,198
1110615,4,31,69,35,13,152,3,155
1110616,0,19,59,18,18,114,6,120
1110617,7,47,73,18,11,156,3,159
1110618,5,66,82,19,13,185,7,192
1110619,36,64,54,17,0,171,9,180
1110620,16,54,40,14,0,124,4,128
1110621,17,65,38,14,5,139,4,143
1110622,18,47,22,7,3,97,5,102
1110623,35,103,45,14,3,200,11,211
1110624,20,69,48,9,8,154,9,163
1110701,5,50,84,16,17,172,4,176
1110702,13,56,69,24,13,175,4,179
1110703,5,31,58,16,14,124,6,130
1110704,0,18,45,31,28,122,0,122
1110705,0,12,46,26,13,97,0,97
1110706,0,23,50,23,18,114,5,119
1110707,0,45,55,16,10,126,5,131
1110708,3,16,48,23,18,108,0,108
1110709,11,40,41,15,9,116,3,119
1110710,4,21,45,12,8,90,0,90
1110711,0,15,53,17,17,102,4,106
1110712,11,52,65,13,6,147,4,151
1110713,4,27,35,7,17,90,7,97
1110714,0,55,93,18,16,182,0,182
1110715,4,40,91,21,11,167,4,171
1110716,3,26,86,44,19,178,3,181
1110717,0,21,21,20,10,72,4,76
1110718,0,12,33,22,8,75,0,75
1110719,0,26,33,14,5,78,3,81
1110720,5,45,68,28,4,150,0,150
1110721,7,57,153,33,8,258,8,266
1110722,3,51,58,20,11,143,3,146
1110723,9,54,89,38,19,209,4,213
1110801,38,111,55,15,6,225,12,237
1110802,3,59,120,38,17,237,3,240
1110803,3,19,18,4,0,44,3,47
1110804,0,0,0,0,0,0,0,0
1110805,6,31,72,34,28,171,4,175
1110806,16,68,36,7,3,130,8,138
1110807,9,75,52,18,3,157,4,161
1110808,11,61,58,12,4,146,19,165
1110809,10,34,29,9,4,86,4,90
1110810,13,60,54,14,6,147,8,155
1110811,6,43,57,18,17,141,8,149
1110812,14,76,50,8,10,158,6,164
1110813,17,63,45,10,3,138,6,144
1110814,11,30,24,6,0,71,3,74
1110815,6,41,40,7,8,102,0,102
1110816,9,70,68,9,5,161,10,171
1110817,10,55,59,17,14,155,3,158
1110818,0,0,3,3,0,6,3,9
1110819,13,80,65,15,3,176,10,186
1110820,16,83,54,10,6,169,3,172
1110821,13,59,47,14,9,142,3,145
1110822,9,49,68,31,13,170,10,180
1110823,0,14,29,10,4,57,0,57
1110824,8,32,17,9,6,72,3,75
1110825,39,88,36,9,3,175,11,186
1110826,0,16,30,11,6,63,0,63
1110827,0,11,3,5,0,19,0,19
1110828,0,0,0,0,0,0,0,0
1110829,12,51,57,13,4,137,8,145
1110830,10,107,107,19,15,258,7,265
1110831,5,32,25,13,4,79,0,79
1110832,18,64,35,9,8,134,6,140
1110833,11,45,44,11,4,115,8,123
1110834,30,54,53,21,10,168,10,178
1110835,5,39,21,6,4,75,0,75
1110836,14,77,80,24,12,207,5,212
1110837,39,132,69,19,7,266,14,280
1110838,6,52,47,13,7,125,3,128
1110839,13,49,42,11,0,115,7,122
1110840,3,46,42,13,9,113,3,116
1110841,3,39,60,16,6,124,4,128
1110842,7,21,42,17,15,102,0,102
1110843,11,63,57,18,4,153,0,153
1110844,9,60,54,11,4,138,3,141
1110845,56,104,40,9,4,213,15,228
1110846,0,45,31,16,9,101,4,105
1110847,11,67,82,42,9,211,10,221
1110848,4,22,27,9,6,68,4,72
1110849,7,68,67,20,14,176,11,187
1110850,4,52,58,21,9,144,4,148
1110851,10,48,55,12,10,135,3,138
1110852,3,39,34,8,4,88,3,91
1110853,15,56,58,21,4,154,12,166
1110901,4,29,45,16,7,101,3,104
1110902,0,28,40,15,5,88,0,88
1110903,4,27,46,23,8,108,4,112
1110904,0,23,26,8,9,66,4,70
1110905,3,23,56,23,17,122,0,122
1110906,3,28,39,25,16,111,4,115
1110907,0,25,31,19,0,75,6,81
1110908,3,41,47,18,8,117,3,120
1110909,15,72,61,20,8,176,11,187
1110910,0,29,50,23,9,111,3,114
1110911,3,24,39,11,7,84,0,84
1110912,0,12,44,24,23,103,3,106
1110913,0,9,33,16,26,84,0,84
1110914,3,25,65,24,14,131,6,137
1110915,3,23,40,25,9,100,3,103
1110916,0,24,61,30,21,136,3,139
1110917,3,24,32,18,11,88,0,88
1110918,0,15,36,12,11,74,0,74
1110919,0,24,41,16,10,91,0,91
1110920,8,46,56,15,9,134,6,140
1110921,0,36,25,3,3,67,4,71
1110922,5,51,67,21,13,157,5,162
1110923,0,15,28,15,9,67,0,67
1111001,0,15,28,10,12,65,3,68
1111002,5,56,84,35,14,194,4,198
1111003,10,28,53,10,11,112,3,115
1111004,4,30,22,4,4,64,4,68
1111005,11,35,45,12,4,107,3,110
1111006,3,48,47,10,7,115,3,118
1111007,32,105,54,20,6,217,10,227
1111008,20,34,35,11,3,103,3,106
1111009,15,55,48,16,3,137,8,145
1111010,11,53,29,11,5,109,0,109
1111011,0,27,62,29,20,138,3,141
1111012,5,31,44,22,18,120,5,125
1111013,0,19,24,17,6,66,4,70
1111014,3,18,55,18,15,109,6,115
1111015,3,27,38,16,5,89,8,97
1111016,4,22,33,14,9,82,4,86
1111017,3,28,42,10,6,89,5,94
1111018,0,26,41,14,7,88,4,92
1111019,3,35,50,19,9,116,3,119
1111020,0,24,49,27,12,112,0,112
1111021,0,18,62,18,9,107,4,111
1111022,10,36,45,21,8,120,6,126
1111023,4,37,50,28,10,129,0,129
1111024,0,10,41,19,13,83,0,83
1111025,0,29,32,21,6,88,0,88
1111026,0,18,29,25,10,82,0,82
1111027,3,44,62,35,29,173,7,180
1111101,8,61,82,19,8,178,12,190
1111102,5,28,30,19,11,93,3,96
1111103,23,43,15,3,3,87,5,92
1111104,11,49,16,5,5,86,6,92
1111105,17,52,60,13,12,154,6,160
1111106,3,55,31,19,4,112,3,115
1111107,15,35,30,8,3,91,5,96
1111108,16,75,50,9,11,161,12,173
1111109,17,46,35,11,7,116,7,123
1111110,23,50,62,12,3,150,6,156
1111111,14,80,58,13,15,180,10,190
1111112,0,10,40,19,14,83,0,83
1111113,18,69,78,28,19,212,3,215
1111114,25,79,59,21,5,189,6,195
1111115,10,67,89,24,9,199,3,202
1111116,8,64,65,18,11,166,8,174
1111117,3,27,46,20,14,110,6,116
1111118,3,17,30,17,6,73,3,76
1111119,0,27,77,26,18,148,0,148
1111120,4,24,92,28,7,155,0,155
1111121,8,41,46,13,8,116,0,116
1111122,9,28,43,12,3,95,3,98
1111123,8,50,51,20,14,143,5,148
1111124,8,47,62,20,19,156,5,161
1111125,20,81,45,18,9,173,3,176
1111126,4,59,89,25,16,193,3,196
1111127,19,71,68,28,3,189,12,201
1111128,21,90,62,11,3,187,9,196
1111129,15,65,55,8,8,151,9,160
1111130,9,65,81,16,14,185,4,189
1111131,8,50,45,9,9,121,4,125
1111132,9,70,38,9,5,131,6,137
1111133,14,47,38,13,7,119,11,130
1111134,8,45,47,13,7,120,5,125
1111135,6,27,39,21,8,101,3,104
1111136,14,50,45,16,7,132,8,140
1111137,0,0,0,0,0,0,0,0
1111138,0,18,33,17,4,72,3,75
1111139,0,0,0,0,0,0,0,0
1111140,6,52,55,22,5,140,6,146
1111141,0,13,45,20,13,91,3,94
1111142,5,0,5,0,0,10,5,15
1111143,3,32,30,7,7,79,3,82
1111144,18,38,33,4,3,96,7,103
1111145,0,24,26,7,9,66,0,66
1111146,0,0,0,0,0,0,0,0
1111147,3,43,59,31,32,168,8,176
1111201,0,26,58,16,12,112,4,116
1111202,4,22,55,22,4,107,3,110
1111203,22,73,67,24,14,200,10,210
1111204,0,28,54,33,3,118,0,118
1111205,6,43,49,21,4,123,0,123
1111206,9,30,29,17,11,96,9,105
1111207,18,53,40,10,4,125,3,128
1111208,14,43,24,9,0,90,4,94
1111209,11,48,71,25,15,170,7,177
1111210,3,22,55,26,14,120,3,123
1111211,0,9,28,15,3,55,3,58
1111212,3,17,57,28,8,113,3,116
1111213,19,80,54,19,4,176,8,184
1111214,9,64,65,15,11,164,4,168
1111215,20,36,42,12,0,110,4,114
1111216,13,49,40,13,3,118,4,122
1111217,3,18,59,15,7,102,6,108
1111218,14,63,36,11,8,132,9,141
1111219,12,53,65,19,11,160,9,169
1111220,0,4,19,9,5,37,3,40
1111221,5,27,40,15,9,96,0,96
1111222,19,68,38,7,0,132,10,142
1111223,3,31,31,10,5,80,4,84
1111224,0,16,65,19,12,112,0,112
1111225,3,12,27,20,11,73,0,73
1111226,3,3,49,17,14,86,0,86
1111227,6,41,79,20,10,156,3,159
1111228,0,22,41,14,0,77,3,80
1111229,3,30,47,19,6,105,3,108
1111230,19,86,57,16,6,184,13,197
1111231,6,34,66,27,20,153,3,156
1111232,6,32,37,13,4,92,0,92
1111233,11,59,80,29,12,191,3,194
1111234,7,43,52,14,8,124,3,127
1111235,4,35,85,36,7,167,4,171
1111236,0,34,110,30,10,184,0,184
1111237,0,26,55,13,7,101,3,104
1111238,3,18,58,22,3,104,0,104
1111239,0,38,103,31,22,194,0,194
1111240,4,50,32,10,8,104,0,104
1111241,9,33,19,9,3,73,3,76
1111242,13,58,72,12,9,164,3,167
1111243,0,73,127,38,16,254,4,258
1111301,0,20,39,13,10,82,0,82
1111302,4,31,57,20,20,132,0,132
1111303,3,16,17,8,11,55,5,60
1111304,4,31,50,19,6,110,0,110
1111305,3,12,55,25,14,109,3,112
1111306,3,29,64,25,12,133,3,136
1111307,3,4,28,7,10,52,0,52
1111308,0,17,22,18,13,70,4,74
1111309,0,28,62,29,24,143,3,146
1111310,3,13,36,18,9,79,3,82
1111311,0,17,51,35,25,128,0,128
1111312,3,30,52,39,25,149,9,158
1111313,0,13,51,25,10,99,3,102
1111314,0,23,75,27,21,146,0,146
1111315,3,10,40,23,12,88,0,88
1111401,16,60,36,7,3,122,6,128
1111402,42,74,61,20,10,207,14,221
1111403,3,28,30,7,5,73,4,77
1111404,3,13,80,32,17,145,0,145
1111405,23,121,70,23,8,245,15,260
1111406,0,3,23,4,11,41,3,44
1111407,0,44,98,35,18,195,5,200
1111408,21,61,44,12,6,144,9,153
1111409,24,41,33,10,3,111,8,119
1111410,37,82,58,15,5,197,14,211
1111411,19,53,34,11,3,120,6,126
1111412,13,36,44,9,8,110,3,113
1111501,0,11,66,17,21,115,5,120
1111502,43,75,37,6,5,166,11,177
1111503,51,53,29,7,0,140,21,161
1111504,10,49,25,9,9,102,3,105
1111505,46,123,57,16,6,248,9,257
1111506,41,98,66,15,6,226,10,236
1111507,20,74,36,14,3,147,3,150
1111508,7,86,72,25,9,199,5,204
1111509,27,81,84,18,7,217,8,225
1111510,6,37,46,10,11,110,4,114
1111511,0,51,58,22,11,142,4,146
1111512,0,47,52,17,11,127,0,127
1111513,36,60,29,3,0,128,15,143
1111514,10,68,87,22,10,197,0,197
1111515,14,76,84,23,6,203,6,209
1111516,4,42,61,27,8,142,7,149
1111517,0,48,86,13,7,154,3,157
1111518,11,42,49,5,4,111,5,116
1111519,13,92,55,17,3,180,6,186
1111520,5,38,81,23,5,152,3,155
1111521,0,25,25,14,3,67,0,67
1111522,8,82,109,25,17,241,3,244
1111523,0,35,81,24,12,152,5,157
1111524,0,15,36,19,7,77,3,80
1111525,0,3,19,9,0,31,0,31
1111526,5,46,104,29,22,206,0,206
1111527,3,37,64,15,9,128,0,128
1111528,10,63,48,19,8,148,5,153
1111529,27,95,90,22,6,240,9,249
1111530,7,53,57,19,11,147,0,147
1111531,17,73,39,6,4,139,4,143
1111532,27,83,37,12,3,162,5,167
1111533,10,73,75,29,11,198,4,202
1111534,0,70,51,19,4,144,3,147
1111535,10,60,65,28,6,169,5,174
1111536,21,54,31,6,0,112,9,121
1111537,3,15,48,4,3,73,0,73
1111538,5,57,98,25,4,189,0,189
1111539,0,22,67,22,11,122,3,125
1111540,38,104,63,19,8,232,7,239
1111541,10,75,77,41,10,213,5,218
1111542,17,49,46,12,7,131,8,139
1111543,29,88,80,18,12,227,4,231
1111544,24,63,44,12,9,152,3,155
1111545,39,59,34,19,3,154,10,164
1111546,17,82,60,17,8,184,0,184
1111547,21,73,69,27,8,198,10,208
1111548,6,27,43,18,11,105,5,110
1111549,0,24,33,6,6,69,0,69
1111550,5,48,48,16,13,130,3,133
1111551,0,29,55,17,5,106,3,109
1111552,4,64,66,12,11,157,3,160
1111553,3,25,65,14,13,120,0,120
1111554,17,76,84,22,9,208,4,212
1111555,0,24,75,21,7,127,4,131
1111556,0,16,88,27,8,139,3,142
1111557,0,14,55,14,7,90,0,90
1111558,0,16,51,14,14,95,0,95
1111559,0,29,48,26,7,110,4,114
1111560,6,39,53,10,13,121,3,124
1111561,0,24,60,21,9,114,5,119
1111562,0,0,0,0,0,0,0,0
1111563,4,32,22,7,10,75,0,75
1111564,0,9,3,0,4,16,0,16
1111565,0,31,72,18,12,133,3,136
1111601,0,34,84,19,19,156,4,160
1111602,4,17,66,35,28,150,0,150
1111603,0,27,41,14,6,88,0,88
1111604,0,41,95,31,13,180,3,183
1111605,3,48,81,22,9,163,0,163
1111606,3,31,123,27,20,204,0,204
1111607,13,35,25,0,3,76,4,80
1111608,14,42,62,20,11,149,0,149
1111609,3,38,39,9,7,96,4,100
1111610,10,54,64,20,8,156,6,162
1111611,7,33,40,12,4,96,4,100
1111612,9,36,98,25,17,185,0,185
1111613,4,34,50,22,10,120,3,123
1111614,11,44,58,32,18,163,3,166
1111615,4,32,57,26,20,139,3,142
1111616,3,15,46,11,19,94,4,98
1111701,44,41,23,9,5,122,8,130
1111702,14,56,63,16,9,158,4,162
1111703,3,28,105,31,17,184,5,189
1111704,0,18,61,22,10,111,3,114
1111705,0,20,63,18,8,109,3,112
1111706,0,8,40,21,17,86,5,91
1111707,0,10,28,16,10,64,0,64
1111708,0,26,60,43,23,152,5,157
1111709,7,36,36,13,5,97,0,97
1111710,4,40,55,13,9,121,0,121
1111711,16,89,60,20,8,193,7,200
1111712,3,41,110,29,16,199,3,202
1111713,0,34,71,34,27,166,3,169
1111714,3,41,106,29,9,188,3,191
1111715,12,46,30,8,9,105,0,105
1111716,10,38,81,20,8,157,4,161
1111717,3,27,74,29,9,142,0,142
1111718,0,24,75,25,15,139,0,139
1111719,19,77,58,20,12,186,6,192
1111720,11,61,50,8,3,133,7,140
1111721,39,68,30,0,5,142,10,152
1111722,15,72,50,20,6,163,9,172
1111723,5,46,102,32,8,193,0,193
1111724,6,58,70,20,7,161,6,167
1111725,27,84,44,11,7,173,7,180
1111726,4,8,30,21,14,77,3,80
1111727,0,16,23,11,21,71,5,76
1111728,11,31,30,7,5,84,0,84
1111729,20,64,98,25,10,217,5,222
1111730,11,48,23,7,3,92,4,96
1111731,3,42,67,26,20,158,3,161
1111732,0,15,88,48,28,179,3,182
1111733,17,78,57,18,8,178,7,185
1111734,15,57,49,13,5,139,0,139
1111735,25,41,39,9,4,118,3,121
1111736,28,79,60,21,4,192,8,200
1111737,12,81,55,18,8,174,8,182
1111738,31,80,50,22,6,189,12,201
1111739,16,130,103,24,4,277,10,287
1111740,3,24,49,23,9,108,0,108
1111741,3,27,72,12,6,120,4,124
1111742,3,27,47,10,3,90,3,93
1111743,18,76,58,9,7,168,4,172
1111744,0,3,0,0,0,3,0,3
1111801,3,52,89,31,15,190,0,190
1111802,6,39,53,23,4,125,3,128
1111803,0,6,45,14,18,83,0,83
1111804,0,21,89,26,12,148,5,153
1111805,4,60,87,27,6,184,0,184
1111806,0,39,64,24,17,144,0,144
1111807,0,20,65,28,8,121,3,124
1111808,0,31,75,20,14,140,3,143
1111809,3,20,46,15,18,102,3,105
1111810,3,39,81,23,15,161,4,165
1111811,4,36,47,18,8,113,0,113
1111812,0,44,100,22,12,178,0,178
1111813,0,10,32,15,9,66,0,66
1111814,0,7,29,14,11,61,3,64
1111815,0,0,0,0,0,0,0,0
1111816,0,20,94,27,22,163,0,163
1111817,3,16,35,29,23,106,3,109
1111818,3,11,44,22,25,105,6,111
1111819,13,71,70,23,5,182,7,189
1111820,13,30,32,11,4,90,9,99
1111821,17,71,70,16,7,181,3,184
1111822,0,24,95,17,8,144,4,148
1111901,4,30,44,11,4,93,3,96
1111902,0,37,52,25,9,123,5,128
1111903,3,60,72,31,10,176,4,180
1111904,0,33,56,22,6,117,5,122
1111905,19,133,40,29,18,239,15,254
1111906,3,20,24,16,16,79,7,86
1111907,0,9,12,7,6,34,3,37
1111908,0,0,0,0,0,0,0,0
1111909,13,72,13,0,0,98,0,98
1111910,3,27,33,15,8,86,3,89
1111911,8,45,39,9,3,104,0,104
1111912,3,36,39,10,6,94,4,98
1111913,3,48,61,19,3,134,3,137
1111914,8,30,55,16,3,112,7,119
1111915,15,81,74,16,4,190,3,193
1111916,7,45,58,14,9,133,3,136
1111917,0,0,0,0,0,0,0,0
1111918,0,15,39,21,3,78,5,83
1112001,0,3,3,0,0,6,0,6
1112002,7,74,57,12,3,153,4,157
1112003,3,54,50,11,3,121,3,124
1112004,5,87,48,31,7,178,8,186
1112005,0,0,0,0,0,0,0,0
1112006,20,123,85,9,8,245,10,255
1112007,0,28,43,11,8,90,0,90
1112008,9,109,70,15,8,211,16,227
1112009,4,62,84,18,3,171,4,175
1112010,9,102,83,22,16,232,10,242
1112011,11,43,30,12,4,100,3,103
1112012,7,38,58,13,3,119,5,124
1112013,6,69,61,23,0,159,3,162
1112014,9,80,88,17,4,198,4,202
1112015,9,24,34,12,0,79,3,82
1112016,3,80,78,24,13,198,8,206
1112017,0,0,0,0,0,0,0,0
1112018,16,95,56,19,6,192,7,199
1112101,3,66,80,18,15,182,7,189
1112102,11,93,73,18,3,198,4,202
1112103,3,45,45,12,9,114,9,123
1112104,8,42,46,4,7,107,0,107
1112105,3,40,52,11,3,109,4,113
1112106,26,126,49,11,3,215,8,223
1112107,9,37,26,13,4,89,7,96
1112108,23,136,48,13,3,223,8,231
1112109,6,62,55,10,5,138,3,141
1112110,3,32,48,3,0,86,0,86
1112111,0,0,0,0,0,0,0,0
1112112,0,0,0,0,0,0,0,0
1112113,0,0,0,0,3,3,0,3
1112114,3,3,0,0,3,9,0,9
1112115,28,89,63,8,0,188,11,199
1112116,9,72,54,14,4,153,3,156
1112117,0,0,3,0,0,3,0,3
1112118,6,71,62,14,0,153,5,158
1112119,15,88,58,7,5,173,14,187
1112120,0,32,44,9,5,90,3,93
1112121,3,5,19,0,3,30,3,33
1112122,5,45,26,5,3,84,4,88
1112123,25,149,39,8,4,225,6,231
1112124,5,82,59,4,6,156,3,159
1112125,5,55,45,15,11,131,6,137
1112126,0,19,33,14,5,71,0,71
1112127,4,47,88,14,5,158,5,163
1112128,13,62,50,17,0,142,0,142
1112129,5,39,49,7,0,100,0,100
1112130,0,42,71,14,4,131,6,137
1112131,23,134,62,5,0,224,7,231
1112132,35,160,94,13,6,308,6,314
1112133,3,54,59,16,3,135,3,138
1112134,5,65,88,15,4,177,5,182
1112135,0,4,10,0,0,14,0,14
1112136,3,62,71,13,3,152,0,152
1112137,4,36,71,19,3,133,3,136
1112138,3,92,112,16,11,234,4,238
1112139,0,39,64,15,3,121,8,129
1112140,9,55,40,12,0,116,0,116
1112141,8,70,67,18,5,168,8,176
1112142,8,50,50,14,9,131,0,131
1112143,17,105,59,9,3,193,11,204
1112144,3,58,40,9,3,113,3,116
1112145,18,96,66,13,3,196,5,201
1112146,52,119,16,3,0,190,15,205
1112147,5,55,38,12,4,114,0,114
1112148,12,86,60,12,3,173,5,178
1112149,15,93,52,18,4,182,5,187
1112150,3,44,56,10,3,116,0,116
1112151,27,103,53,7,3,193,10,203
1112152,9,41,48,18,6,122,0,122
1112153,6,53,52,11,7,129,4,133
1112154,4,50,72,18,5,149,0,149
1112155,5,40,50,16,6,117,4,121
1112156,5,59,53,11,3,131,4,135
1112201,15,105,92,28,7,247,8,255
1112202,13,63,28,13,14,131,7,138
1112203,0,0,0,0,0,0,0,0
1112204,13,81,42,9,9,154,4,158
1112205,5,50,58,20,9,142,4,146
1112206,13,56,57,16,7,149,3,152
1112207,48,95,27,10,4,184,14,198
1112208,35,68,25,14,9,151,11,162
1112209,32,91,35,17,6,181,13,194
1112210,19,120,76,23,7,245,9,254
1112211,15,49,18,9,6,97,4,101
1112212,31,98,49,14,7,199,8,207
1112213,3,32,41,12,3,91,0,91
1112214,14,57,30,17,3,121,3,124
1112215,22,77,46,8,3,156,11,167
1112216,7,41,57,17,3,125,4,129
1112217,3,40,85,21,3,152,0,152
1112218,8,30,51,17,10,116,0,116
1112219,11,84,64,13,7,179,7,186
1112220,7,64,48,6,11,136,3,139
1112221,3,82,72,24,7,188,9,197
1112222,27,71,30,14,3,145,15,160
1112223,26,68,41,16,3,154,14,168
1112224,14,58,37,7,4,120,11,131
1112225,4,44,63,25,11,147,4,151
1112226,15,73,88,19,5,200,3,203
1112227,0,43,100,30,25,198,0,198
1112228,0,46,78,23,19,166,6,172
1112229,0,46,90,42,7,185,9,194
1112230,19,123,54,16,14,226,12,238
1112231,0,15,33,10,11,69,4,73
1112232,0,0,0,0,0,0,0,0
1112233,0,10,21,19,13,63,0,63
1112234,9,45,27,7,4,92,4,96
1112301,3,8,26,17,8,62,0,62
1112302,0,8,40,27,18,93,0,93
1112303,3,19,52,27,20,121,0,121
1112304,0,20,47,28,19,114,0,114
1112305,0,21,78,33,22,154,0,154
1112306,0,3,28,13,10,54,0,54
1112307,0,13,29,19,15,76,0,76
1112308,0,13,45,45,27,130,3,133
1112309,0,28,46,20,3,97,0,97
1112310,0,23,85,50,30,188,0,188
1112311,0,27,38,26,21,112,3,115
1112312,0,8,48,18,16,90,0,90
1112313,0,15,59,38,13,125,3,128
1112314,0,16,46,19,17,98,0,98
1112315,0,15,32,16,11,74,3,77
1112401,3,35,40,13,3,94,0,94
1112402,8,28,45,11,5,97,3,100
1112403,3,58,62,12,3,138,3,141
1112404,5,80,49,15,4,153,3,156
1112405,6,172,68,11,4,261,4,265
1112406,4,58,46,9,5,122,0,122
1112407,12,46,33,5,0,96,0,96
1112408,11,68,47,6,3,135,3,138
1112409,9,43,39,6,0,97,10,107
1112410,14,100,56,11,4,185,13,198
1112411,21,97,55,14,4,191,10,201
1112412,9,43,34,12,6,104,0,104
1112413,7,77,67,19,0,170,8,178
1112414,0,10,14,8,3,35,0,35
1112415,0,0,0,0,0,0,0,0
1112416,0,0,0,0,0,0,0,0
1112501,3,28,27,10,3,71,3,74
1112502,17,71,63,13,0,164,10,174
1112503,3,23,35,24,14,99,4,103
1112504,0,24,55,7,5,91,3,94
1112505,0,0,0,0,0,0,0,0
1112506,3,42,73,34,24,176,6,182
1112507,5,32,82,33,32,184,3,187
1112508,0,0,0,0,0,0,0,0
1112509,0,0,0,0,0,0,0,0
1112510,5,27,40,18,3,93,4,97
1112511,0,32,52,32,19,135,3,138
1112512,3,29,39,14,14,99,3,102
1112513,0,28,78,40,16,162,0,162
1112514,10,4,10,3,3,30,0,30
1112515,11,77,45,16,4,153,13,166
1112516,3,20,51,22,29,125,4,129
1112517,23,117,22,15,5,182,20,202
1112518,3,26,65,40,20,154,0,154
1112519,0,23,58,21,17,119,4,123
1112520,4,32,42,20,9,107,3,110
1112521,0,20,80,30,20,150,0,150
1112522,0,43,54,16,5,118,0,118
1112523,0,33,63,18,3,117,0,117
1112524,3,42,87,26,8,166,3,169
1112525,3,63,65,30,7,168,5,173
1112526,4,28,57,18,4,111,0,111
1112527,8,80,84,28,9,209,0,209
1112528,6,46,75,25,8,160,3,163
1112529,4,50,54,15,7,130,0,130
1112530,0,56,99,19,3,177,0,177
1112531,0,20,47,14,15,96,0,96
1112532,0,9,40,14,5,68,3,71
1112533,0,0,0,0,0,0,0,0
1112534,4,17,24,10,6,61,3,64
1112535,4,17,66,12,5,104,0,104
1112536,0,10,32,22,9,73,0,73
1112537,0,17,53,33,15,118,4,122
1112601,3,26,13,13,5,60,0,60
1112602,0,11,11,9,4,35,4,39
1112603,22,66,56,12,6,162,10,172
1112604,18,49,63,21,5,156,5,161
1112605,3,26,57,17,0,103,0,103
1112606,6,45,28,8,5,92,3,95
1112607,19,49,30,11,7,116,14,130
1112608,3,36,16,7,3,65,7,72
1112609,0,44,73,29,6,152,0,152
1112610,3,31,73,22,11,140,8,148
1112611,0,30,39,7,3,79,3,82
1112612,5,40,43,12,9,109,5,114
1112613,3,40,74,30,10,157,0,157
1112614,14,74,53,22,9,172,7,179
1112615,6,18,11,4,4,43,3,46
1112616,0,19,43,16,6,84,4,88
1112617,22,62,57,8,9,158,13,171
1112618,5,30,55,17,5,112,0,112
1112619,3,13,21,21,4,62,0,62
1112620,3,29,69,25,9,135,0,135
1112621,35,69,18,12,0,134,4,138
1112622,36,83,52,7,8,186,7,193
1112623,9,56,64,23,8,160,5,165
1112624,20,63,45,16,3,147,3,150
1112625,16,66,47,10,3,142,6,148
1112626,8,17,32,18,8,83,0,83
1112627,0,18,62,19,12,111,5,116
1112628,5,38,25,7,0,75,5,80
1112629,13,49,47,17,4,130,3,133
1112630,0,50,97,24,12,183,0,183
1112631,34,78,81,21,13,227,8,235
1112632,16,39,21,7,3,86,3,89
1112633,10,34,42,11,3,100,3,103
1112634,7,32,34,11,3,87,4,91
1112635,0,0,0,0,0,0,0,0
1112701,14,57,54,17,4,146,13,159
1112702,0,7,24,14,10,55,0,55
1112703,0,20,62,21,19,122,7,129
1112704,0,0,0,0,0,0,0,0
1112705,0,17,34,5,4,60,0,60
1112706,4,56,68,27,12,167,3,170
1112707,4,30,39,7,5,85,3,88
1112708,3,22,43,23,13,104,0,104
1112709,7,34,62,26,11,140,3,143
1112710,0,16,77,37,23,153,0,153
1112711,3,41,38,9,6,97,3,100
1112712,14,76,62,27,7,186,3,189
1112801,24,68,60,5,7,164,5,169
1112802,22,78,74,12,6,192,11,203
1112803,32,76,34,13,4,159,4,163
1112804,30,119,59,14,9,231,5,236
1112805,3,22,65,31,15,136,4,140
1112806,3,21,57,22,14,117,4,121
1112807,0,14,47,18,8,87,0,87
1112808,0,32,62,26,12,132,4,136
1112809,7,58,101,27,10,203,5,208
1112810,3,38,98,28,7,174,4,178
1112811,18,94,80,20,8,220,12,232
1112812,18,75,57,16,4,170,6,176
1112813,22,77,60,16,4,179,10,189
1112901,14,85,60,13,7,179,0,179
1112902,7,52,98,23,5,185,7,192
1112903,3,45,97,18,11,174,5,179
1112904,13,54,54,22,7,150,5,155
1112905,3,19,37,15,4,78,0,78
1112906,0,35,55,17,8,115,3,118
1112907,3,15,34,22,20,94,0,94
1112908,3,32,53,26,6,120,3,123
1112909,0,28,35,18,10,91,0,91
1112910,0,31,37,25,11,104,4,108
1112911,0,22,34,16,3,75,0,75
1112912,4,28,47,24,10,113,7,120
1112913,6,43,60,30,8,147,3,150
1112914,7,37,33,3,3,83,5,88
1112915,13,38,36,12,3,102,3,105
1112916,14,79,61,15,3,172,9,181
1112917,8,28,52,19,11,118,5,123
1112918,4,16,33,23,16,92,0,92
1112919,3,25,33,10,10,81,0,81
1112920,0,19,48,23,11,101,0,101
1112921,15,63,51,13,8,150,12,162
1112922,28,78,57,21,5,189,11,200
1112923,5,55,75,33,21,189,4,193
1113001,17,36,33,13,0,99,6,105
1113002,5,38,64,30,23,160,8,168
1113003,7,33,41,7,5,93,7,100
1113004,30,72,56,16,9,183,9,192
1113005,12,105,75,23,6,221,6,227
1113006,35,83,80,20,5,223,13,236
1113007,23,73,52,21,8,177,5,182
1113008,24,97,70,15,6,212,7,219
1113009,18,63,36,16,0,133,0,133
1113010,96,75,49,18,5,243,16,259
1113011,37,56,20,8,6,127,11,138
1113012,34,77,26,6,0,143,11,154
1113013,3,30,73,26,9,141,3,144
1113014,24,58,40,15,8,145,9,154
1113015,44,75,38,8,6,171,14,185
1113016,25,86,36,11,10,168,8,176
1113017,20,81,44,14,3,162,10,172
1113018,0,4,0,0,5,9,0,9
1113019,49,70,38,7,6,170,3,173
1113020,18,37,30,10,3,98,5,103
1113021,47,73,59,24,8,211,13,224
1113022,26,63,41,18,8,156,7,163
1113023,6,44,50,25,4,129,4,133
1113024,18,58,58,23,3,160,8,168
1113025,22,58,50,23,8,161,8,169
1113026,37,55,37,14,4,147,4,151
1113027,13,70,35,21,3,142,4,146
1113028,20,57,44,15,6,142,3,145
1113029,30,54,38,5,4,131,9,140
1113030,23,51,37,16,8,135,9,144
1113031,16,59,54,13,10,152,7,159
1113032,18,32,23,8,0,81,4,85
1113033,15,53,38,25,7,138,9,147
1113034,22,48,39,12,8,129,14,143
1113035,0,0,0,0,3,3,0,3
1113036,43,61,18,12,8,142,11,153
1113037,0,0,0,0,0,0,0,0
1113038,67,87,27,10,7,198,12,210
1113039,0,3,0,0,0,3,0,3
1113040,10,30,34,12,3,89,3,92
1113041,4,40,77,44,18,183,3,186
1113042,39,70,32,14,4,159,8,167
1113043,63,71,25,3,3,165,14,179
1113044,28,78,37,22,4,169,13,182
1113045,7,41,28,18,9,103,3,106
1113046,18,71,59,21,11,180,3,183
1113047,56,51,9,3,0,119,12,131
1113048,55,99,41,15,5,215,6,221
1113049,30,102,67,21,4,224,12,236
1113050,17,66,45,16,7,151,4,155
1113051,0,0,0,0,0,0,0,0
1113052,23,52,22,7,7,111,4,115
1113053,48,93,50,8,5,204,11,215
1113054,3,23,32,14,3,75,0,75
1113055,17,80,54,16,17,184,8,192
1113056,10,59,8,0,0,77,12,89
1113057,70,281,83,14,5,453,29,482
1113058,15,31,27,7,6,86,6,92
1113059,22,73,61,10,8,174,9,183
1113060,15,61,34,11,3,124,7,131
1113061,62,71,43,12,5,193,13,206
1113062,27,63,57,17,3,167,4,171
1113063,11,103,81,17,11,223,10,233
1113064,21,45,36,4,3,109,12,121
1113065,3,46,52,24,11,136,6,142
1113066,31,62,29,18,6,146,3,149
1113067,4,21,20,11,4,60,6,66
1113101,10,40,41,14,3,108,3,111
1113102,14,35,44,10,10,113,5,118
1113103,11,56,36,6,3,112,3,115
1113104,6,42,36,9,4,97,5,102
1113105,10,71,69,18,10,178,10,188
1113106,12,41,53,14,4,124,3,127
1113107,38,47,46,13,9,153,10,163
1113108,0,41,47,10,9,107,3,110
1113109,3,64,86,37,12,202,7,209
1113110,0,25,41,8,3,77,0,77
1113111,0,27,45,28,11,111,0,111
1113112,0,0,0,0,0,0,0,0
1113113,3,28,49,20,26,126,3,129
1113114,3,36,115,36,19,209,0,209
1113115,0,26,67,29,5,127,0,127
1113116,10,31,31,7,0,79,3,82
1113117,28,85,76,19,3,211,15,226
1113118,21,76,51,18,9,175,0,175
1113119,0,48,62,15,15,140,3,143
1113120,6,47,68,13,7,141,9,150
1113121,3,26,38,7,3,77,3,80
1113122,15,35,25,12,3,90,3,93
1113123,11,37,37,19,6,110,3,113
1113124,27,59,53,6,8,153,10,163
1113125,6,26,29,6,6,73,6,79
1113126,23,84,41,17,7,172,10,182
1113127,0,26,65,25,14,130,3,133
1113128,25,107,69,10,13,224,7,231
1113129,0,61,66,19,8,154,3,157
1113130,3,39,46,18,4,110,4,114
1113131,4,50,69,15,8,146,3,149
1113132,10,37,43,18,9,117,0,117
1113133,9,35,36,12,7,99,0,99
1113134,20,64,42,11,11,148,0,148
1113135,6,45,42,9,7,109,4,113
1113136,0,18,48,8,9,83,0,83
1113137,3,71,88,23,12,197,7,204
1113138,32,80,53,13,15,193,11,204
1113139,10,175,74,13,3,275,9,284
1113140,10,45,41,17,12,125,4,129
1113141,15,31,25,11,4,86,3,89
1113142,3,27,29,11,4,74,3,77
1113143,4,47,79,35,8,173,3,176
1113144,9,59,57,20,0,145,3,148
1113145,19,44,33,11,4,111,8,119
1113146,3,64,68,16,12,163,3,166
1113147,4,44,51,18,16,133,0,133
1113148,10,41,63,26,12,152,0,152
1113149,12,55,43,7,6,123,3,126
1113150,17,83,74,14,10,198,12,210
1113151,6,49,33,14,7,109,0,109
1113152,14,92,59,20,5,190,5,195
1113153,4,36,30,8,0,78,5,83
1113154,51,68,49,14,5,187,12,199
1113155,32,87,44,6,9,178,9,187
1113156,18,42,27,4,3,94,4,98
1113157,32,104,63,14,18,231,7,238
1113158,10,64,58,22,12,166,7,173
1113201,0,28,48,17,15,108,0,108
1113202,8,42,54,12,5,121,0,121
1113203,5,25,42,18,6,96,3,99
1113204,3,46,82,27,15,173,4,177
1113205,3,42,46,15,11,117,0,117
1113206,0,37,55,17,8,117,3,120
1113207,0,21,54,22,3,100,4,104
1113208,3,14,19,13,11,60,0,60
1113209,0,12,28,11,13,64,0,64
1113210,3,30,48,18,7,106,3,109
1113211,3,42,92,29,11,177,0,177
1113212,0,15,38,17,10,80,0,80
1113213,4,31,76,11,9,131,4,135
1113214,0,28,72,18,24,142,3,145
1113215,3,52,94,18,5,172,3,175
1113216,5,41,45,23,15,129,4,133
1113217,3,74,84,25,6,192,0,192
1113218,3,25,49,14,0,91,3,94
1113219,3,32,56,21,8,120,0,120
1113301,0,0,0,0,0,0,0,0
1113401,0,0,0,0,0,0,0,0
1113402,0,32,71,15,14,132,0,132
1113403,0,33,65,25,8,131,4,135
1113404,4,45,79,21,6,155,6,161
1113405,3,22,27,15,3,70,0,70
1113406,45,108,41,23,4,221,9,230
1113407,9,39,40,14,4,106,4,110
1113408,0,23,48,20,10,101,0,101
1113409,0,6,28,18,13,65,0,65
1113410,0,5,46,18,10,79,3,82
1113411,0,8,48,23,6,85,0,85
1113412,0,10,41,12,10,73,5,78
1113413,0,16,32,14,9,71,3,74
1113414,8,40,51,15,6,120,0,120
1113415,8,57,82,20,3,170,8,178
1113416,4,22,45,13,14,98,3,101
1113417,38,82,23,3,4,150,10,160
1113418,11,29,44,10,7,101,5,106
1113419,7,57,64,15,12,155,7,162
1113420,40,86,52,13,5,196,12,208
1113421,14,65,54,13,3,149,3,152
1113422,3,26,73,26,24,152,3,155
1113423,0,41,63,21,8,133,4,137
1113424,0,13,77,41,19,150,0,150
1113425,3,25,30,13,4,75,0,75
1113426,0,26,46,21,12,105,0,105
1113427,0,7,30,5,10,52,0,52
1113428,3,22,34,7,5,71,4,75
1113429,35,64,49,4,6,158,7,165
1113430,35,65,27,14,3,144,11,155
1113431,3,19,42,15,15,94,0,94
1113432,0,11,48,25,8,92,0,92
1113433,3,40,46,14,4,107,3,110
1113434,5,53,69,19,8,154,0,154
1113435,7,30,51,16,10,114,0,114
1113436,0,38,56,7,8,109,0,109
1113437,24,32,16,4,0,76,8,84
1113438,27,61,35,9,8,140,7,147
1113439,35,69,31,8,6,149,12,161
1113440,9,54,42,11,4,120,6,126
1113441,0,3,0,0,3,6,0,6
1113442,0,33,89,26,12,160,3,163
1113443,3,15,48,14,8,88,3,91
1113444,0,20,45,11,4,80,0,80
1113445,0,9,23,18,13,63,0,63
1113501,0,3,0,0,0,3,0,3
1113601,5,61,51,28,9,154,12,166
1113602,6,24,43,26,14,113,3,116
1113603,10,80,65,27,7,189,6,195
1113604,14,45,57,17,10,143,3,146
1113605,17,47,45,25,4,138,3,141
1113606,0,14,19,9,12,54,0,54
1113607,0,17,45,20,35,117,6,123
1113608,3,13,30,8,0,54,0,54
1113609,0,26,58,28,11,123,0,123
1113610,3,26,95,25,10,159,4,163
1113611,0,17,55,10,5,87,3,90
1113612,0,36,61,13,12,122,3,125
1113613,8,53,78,26,11,176,8,184
1113614,0,29,71,20,15,135,0,135
1113615,3,43,120,35,10,211,0,211
1113616,0,0,0,0,0,0,0,0
1113617,6,64,54,27,8,159,0,159
1113618,3,36,59,23,13,134,0,134
1113619,5,43,75,18,8,149,4,153
1113620,3,19,53,18,12,105,0,105
1113621,17,57,56,16,13,159,4,163
1113622,5,37,71,25,15,153,3,156
1113623,0,31,51,26,11,119,3,122
1113624,0,22,53,16,6,97,0,97
1113625,5,45,79,18,21,168,4,172
1113626,0,22,34,13,0,69,0,69
1113627,0,39,30,15,0,84,3,87
1113628,3,15,35,20,9,82,4,86
1113629,9,40,44,21,11,125,0,125
1113630,0,24,53,20,12,109,0,109
1113631,0,16,30,19,7,72,5,77
1113632,0,23,47,20,8,98,3,101
1113633,0,33,87,11,11,142,4,146
1113634,0,25,47,18,5,95,3,98
1113635,3,35,74,29,17,158,0,158
1113701,3,41,32,10,4,90,3,93
1113702,6,71,72,34,10,193,3,196
1113703,0,0,0,0,0,0,0,0
1113704,4,30,39,9,6,88,3,91
1113705,3,33,45,22,3,106,0,106
1113706,6,43,72,24,5,150,6,156
1113707,0,28,44,16,5,93,4,97
1113708,5,25,33,14,11,88,3,91
1113709,4,33,49,13,5,104,3,107
1113710,24,79,39,17,3,162,3,165
1113711,13,60,52,22,11,158,7,165
1113712,5,41,46,19,17,128,3,131
1113713,15,62,57,27,15,176,9,185
1113714,25,117,44,19,3,208,9,217
1113715,9,51,47,28,11,146,7,153
1113716,9,68,51,15,13,156,6,162
1113717,5,43,42,12,11,113,0,113
1113718,3,43,36,18,15,115,6,121
1113719,0,0,0,0,0,0,0,0
1113720,0,0,0,0,0,0,0,0
1113721,0,0,0,3,3,6,0,6
1113722,14,38,33,14,4,103,0,103
1113801,6,55,59,8,3,131,5,136
1113802,17,74,34,8,3,136,7,143
1113803,17,46,38,8,6,115,3,118
1113804,0,25,59,17,11,112,0,112
1113805,74,136,23,5,4,242,17,259
1113806,7,46,53,13,8,127,0,127
1113807,4,69,57,8,3,141,6,147
1113808,18,48,42,7,4,119,5,124
1113809,20,101,76,23,8,228,9,237
1113810,4,64,44,9,4,125,4,129
1113811,0,68,82,18,10,178,3,181
1113812,0,52,83,15,0,150,0,150
1113813,4,55,62,17,3,141,0,141
1113814,21,69,43,6,3,142,3,145
1113815,0,63,81,14,5,163,3,166
1113816,0,38,42,15,4,99,5,104
1113817,0,20,45,10,3,78,3,81
1113818,5,24,26,6,0,61,0,61
1113819,0,6,15,4,0,25,0,25
1113820,3,72,52,17,9,153,3,156
1113821,3,37,71,24,16,151,0,151
1113901,0,7,3,3,0,13,0,13
1113902,0,0,0,0,0,0,0,0
1113903,3,20,36,7,6,72,3,75
1113904,0,37,77,33,9,156,5,161
1113905,0,31,81,27,8,147,4,151
1113906,0,27,46,20,5,98,0,98
1113907,7,48,56,16,6,133,3,136
1113908,8,56,82,26,15,187,10,197
1113909,4,41,66,22,10,143,4,147
1113910,5,29,53,14,8,109,0,109
1113911,0,0,0,0,0,0,0,0
1113912,9,61,79,27,3,179,5,184
1113913,6,33,43,10,6,98,5,103
1113914,6,31,48,11,7,103,4,107
1113915,3,39,46,22,14,124,3,127
1113916,6,40,59,19,7,131,7,138
1113917,3,17,39,9,3,71,0,71
1113918,0,0,0,0,0,0,0,0
1113919,9,71,68,28,9,185,6,191
1114001,0,49,93,13,3,158,7,165
1114002,0,16,22,7,4,49,4,53
1114003,0,41,44,17,19,121,4,125
1114004,0,33,37,29,7,106,4,110
1114005,6,32,33,5,6,82,3,85
1114006,3,67,84,19,12,185,4,189
1114007,5,60,83,35,15,198,5,203
1114008,0,22,41,7,3,73,3,76
1114009,3,82,93,25,7,210,3,213
1114010,3,30,36,14,11,94,0,94
1114011,12,57,56,15,10,150,4,154
1114012,6,95,63,18,5,187,7,194
1114013,8,47,53,20,3,131,0,131
1114014,33,59,17,3,4,116,8,124
1114015,0,14,31,16,13,74,7,81
1114016,0,18,29,12,3,62,3,65
1114017,3,33,67,29,21,153,0,153
1114018,0,21,40,21,11,93,4,97
1114019,0,15,34,17,13,79,4,83
1114020,0,19,37,19,3,78,4,82
1114101,4,26,85,22,11,148,0,148
1114102,0,0,0,0,0,0,0,0
1114103,0,4,28,10,0,42,0,42
1114104,15,51,53,15,7,141,7,148
1114105,3,30,38,5,3,79,0,79
1114106,0,19,62,13,10,104,3,107
1114107,0,22,54,22,9,107,0,107
1114108,0,32,67,10,15,124,4,128
1114109,5,62,134,40,18,259,3,262
1114110,0,31,70,13,4,118,3,121
1114111,0,0,0,0,0,0,0,0
1114112,15,85,84,33,6,223,6,229
1114113,3,46,45,20,9,123,5,128
1114114,5,44,59,17,8,133,3,136
1114115,3,37,43,16,9,108,0,108
1114116,5,43,68,28,21,165,3,168
1114117,21,52,62,16,3,154,10,164
1114118,0,27,36,21,5,89,0,89
1114119,5,41,58,30,21,155,4,159
1114120,8,46,58,28,7,147,7,154
1114121,16,77,65,18,7,183,3,186
1114122,26,129,71,19,7,252,10,262
1114123,3,24,108,24,10,169,3,172
1114124,3,18,40,16,11,88,6,94
1114125,3,50,117,36,15,221,6,227
1114126,4,33,30,4,3,74,3,77
1114127,0,31,58,17,6,112,0,112
1114128,6,52,106,20,9,193,5,198
1114129,14,62,69,24,13,182,4,186
1114130,3,42,103,26,14,188,3,191
1114131,3,38,65,22,9,137,0,137
1114132,0,35,93,27,7,162,5,167
1114201,3,57,68,19,21,168,7,175
1114202,7,41,45,26,12,131,7,138
1114203,0,6,4,0,0,10,0,10
1114204,12,49,47,19,6,133,12,145
1114205,3,41,64,20,10,138,4,142
1114206,10,40,47,28,5,130,4,134
1114207,15,57,46,17,10,145,4,149
1114208,14,83,51,18,11,177,3,180
1114209,13,46,47,10,4,120,7,127
1114210,5,37,40,3,3,88,4,92
1114211,16,82,53,18,8,177,6,183
1114212,4,24,46,23,17,114,5,119
1114213,3,19,40,21,14,97,4,101
1114214,13,58,50,15,6,142,5,147
1114215,26,55,33,12,9,135,9,144
1114216,6,40,47,22,12,127,4,131
1114217,14,47,58,29,8,156,3,159
1114218,14,67,75,23,12,191,6,197
1114219,11,60,38,5,5,119,4,123
1114220,5,56,44,16,11,132,4,136
1114221,0,5,0,0,4,9,0,9
1114222,17,79,62,24,11,193,12,205
1114223,3,38,47,11,10,109,3,112
1114224,12,58,48,13,9,140,6,146
1114225,9,43,60,26,17,155,5,160
1114226,6,51,53,18,12,140,5,145
1114301,20,56,21,5,3,105,9,114
1114302,33,81,79,13,7,213,9,222
1114303,7,48,51,13,8,127,10,137
1114304,18,68,46,9,0,141,5,146
1114305,5,24,42,17,5,93,3,96
1114306,8,52,54,17,8,139,3,142
1114307,15,47,47,22,10,141,4,145
1114308,12,50,37,10,3,112,3,115
1114309,8,44,38,13,4,107,3,110
1114310,22,55,54,25,0,156,3,159
1114311,37,68,37,5,4,151,12,163
1114312,0,0,0,0,0,0,0,0
1114313,6,49,47,19,9,130,5,135
1114314,48,141,22,4,0,215,19,234
1114315,28,70,43,6,4,151,13,164
1114316,5,40,42,20,5,112,3,115
1114317,14,81,92,29,13,229,9,238
1114318,3,44,45,22,18,132,4,136
1114319,8,56,63,25,8,160,3,163
1114320,12,41,50,13,7,123,8,131
1114321,40,90,71,25,5,231,11,242
1114322,3,27,53,19,3,105,0,105
1114323,0,52,65,18,7,142,3,145
1114324,10,36,30,10,3,89,3,92
1114325,42,80,49,6,3,180,12,192
1114326,25,81,67,15,8,196,7,203
1114327,25,35,22,18,0,100,5,105
1114328,16,60,33,3,8,120,8,128
1114329,13,32,26,6,3,80,5,85
1114330,5,43,39,14,8,109,3,112
1114331,20,63,42,11,4,140,7,147
1114332,23,90,30,10,4,157,11,168
1114333,57,136,43,3,3,242,18,260
1114334,24,96,61,25,9,215,3,218
1114335,25,71,56,10,7,169,11,180
1114336,14,70,56,14,5,159,4,163
1114337,28,51,45,11,3,138,3,141
1114338,20,39,39,10,3,111,7,118
1114339,27,68,48,12,5,160,6,166
1114340,12,45,26,11,4,98,8,106
1114341,18,56,21,7,3,105,11,116
1114342,23,60,37,15,3,138,15,153
1114343,27,71,41,8,3,150,16,166
1114344,11,64,91,22,9,197,4,201
1114345,12,73,54,26,4,169,7,176
1114346,5,63,83,30,19,200,4,204
1114347,16,65,57,19,8,165,12,177
1114348,0,41,65,24,5,135,4,139
1114349,27,85,58,24,9,203,8,211
1114350,8,68,78,33,5,192,6,198
1114401,12,41,61,21,5,140,4,144
1114402,0,53,94,36,17,200,0,200
1114403,24,31,14,3,0,72,3,75
1114404,11,48,63,22,4,148,0,148
1114405,29,63,53,10,5,160,5,165
1114406,0,37,49,20,12,118,3,121
1114407,14,66,83,20,3,186,6,192
1114408,18,56,40,12,3,129,4,133
1114409,6,27,38,18,3,92,0,92
1114410,42,66,29,6,3,146,7,153
1114411,5,32,65,21,8,131,3,134
1114412,15,75,16,3,3,112,21,133
1114413,14,61,44,11,3,133,5,138
1114414,31,54,47,25,6,163,8,171
1114415,16,56,10,5,0,87,5,92
1114416,8,52,33,8,3,104,0,104
1114417,45,93,83,19,4,244,9,253
1114418,0,0,0,0,0,0,0,0
1114419,15,34,32,6,3,90,11,101
1114420,6,18,12,0,10,46,4,50
1114421,34,55,43,26,10,168,6,174
1114422,17,74,61,22,5,179,9,188
1114423,16,66,93,33,16,224,6,230
1114424,5,49,75,21,11,161,4,165
1114425,22,83,64,21,3,193,12,205
1114426,27,86,78,17,6,214,6,220
1114427,53,104,41,12,3,213,22,235
1114428,36,76,65,27,7,211,5,216
1114429,15,57,59,13,7,151,0,151
1114430,10,94,57,14,6,181,3,184
1114431,17,70,79,25,6,197,11,208
1114432,4,18,72,28,8,130,4,134
1114433,31,91,74,25,6,227,7,234
1114434,22,57,52,16,10,157,9,166
1114435,46,128,51,7,3,235,6,241
1114436,49,144,44,12,4,253,16,269
1114437,27,75,43,11,6,162,10,172
1114438,0,13,41,21,6,81,0,81
1114439,0,42,55,11,11,119,0,119
1114440,4,26,76,23,13,142,3,145
1114441,15,43,50,9,3,120,5,125
1114442,46,45,49,18,3,161,11,172
1114443,14,57,64,15,7,157,0,157
1114444,35,105,68,24,11,243,10,253
1114445,9,63,77,23,15,187,9,196
1114446,33,74,33,5,4,149,4,153
1114447,0,36,57,19,8,120,0,120
1114448,0,33,33,7,6,79,5,84
1114501,18,48,41,6,6,119,5,124
1114502,48,78,54,19,5,204,14,218
1114503,7,48,65,8,7,135,3,138
1114504,0,26,71,17,7,121,0,121
1114505,9,52,72,19,7,159,3,162
1114506,0,3,0,0,0,3,0,3
1114507,25,42,49,14,3,133,0,133
1114508,0,18,47,19,11,95,0,95
1114509,10,57,44,16,11,138,0,138
1114510,36,67,56,24,12,195,6,201
1114511,29,45,39,8,3,124,9,133
1114512,14,58,44,18,4,138,8,146
1114513,18,36,30,4,0,88,4,92
1114514,3,39,42,16,7,107,0,107
1114515,18,85,50,12,3,168,3,171
1114516,31,131,94,19,6,281,8,289
1114517,37,110,45,4,4,200,6,206
1114518,22,107,79,15,0,223,6,229
1114519,16,62,42,14,4,138,0,138
1114520,29,80,51,14,7,181,10,191
1114521,13,48,36,8,6,111,6,117
1114522,38,69,41,9,5,162,10,172
1114523,39,136,57,8,10,250,10,260
1114524,7,34,45,13,6,105,3,108
1114525,11,48,41,10,3,113,3,116
1114526,10,53,50,17,13,143,12,155
1114527,26,92,36,7,3,164,3,167
1114528,48,88,27,5,4,172,15,187
1114529,88,69,23,6,3,189,17,206
1114530,11,24,3,0,0,38,4,42
1114531,20,68,49,16,4,157,5,162
1114532,25,52,36,9,3,125,6,131
1114533,21,80,68,17,7,193,4,197
1114534,21,65,69,13,5,173,5,178
1114535,34,134,74,18,0,260,11,271
1114536,14,35,35,4,0,88,3,91
1114537,15,46,46,13,4,124,3,127
1114538,32,93,48,7,7,187,9,196
1114539,11,82,62,20,9,184,0,184
1114601,15,44,39,9,3,110,3,113
1114602,61,84,30,4,0,179,10,189
1114603,40,79,44,26,14,203,6,209
1114604,32,82,29,15,4,162,5,167
1114605,19,80,61,18,9,187,13,200
1114606,3,42,79,22,3,149,0,149
1114607,0,29,54,22,7,112,5,117
1114608,4,29,56,19,3,111,5,116
1114609,7,73,81,27,11,199,6,205
1114610,17,43,74,30,11,175,3,178
1114611,11,72,64,22,9,178,4,182
1114612,32,83,35,11,6,167,6,173
1114613,21,52,26,4,6,109,4,113
1114614,11,94,81,34,14,234,4,238
1114615,26,82,36,14,5,163,13,176
1114616,14,51,62,18,13,158,5,163
1114617,5,54,60,17,7,143,3,146
1114618,17,43,37,18,13,128,10,138
1114619,0,13,32,12,8,65,0,65
1114620,3,38,47,10,0,98,3,101
1114621,6,30,28,7,4,75,3,78
1114622,10,77,72,20,6,185,0,185
1114623,3,41,58,11,7,120,3,123
1114624,6,56,54,12,13,141,4,145
1114625,5,36,74,23,4,142,8,150
1114626,5,26,99,30,26,186,3,189
1114627,12,56,112,22,9,211,4,215
1114628,4,30,71,18,8,131,4,135
1114629,3,38,72,27,6,146,3,149
1114630,0,35,83,40,10,168,4,172
1114631,5,38,64,20,5,132,0,132
1114632,3,44,47,15,9,118,0,118
1114633,0,27,28,8,7,70,0,70
1114634,6,60,72,15,13,166,0,166
1114635,12,81,85,24,9,211,6,217
1114636,11,64,53,14,8,150,4,154
1114637,0,45,92,28,14,179,3,182
1114638,0,0,10,3,0,13,0,13
1114639,41,83,27,8,0,159,14,173
1114640,15,96,55,27,6,199,8,207
1114641,15,60,39,14,6,134,5,139
1114642,17,66,58,12,0,153,3,156
1114643,7,77,62,7,6,159,3,162
1114644,10,49,48,13,9,129,0,129
1114645,16,86,79,27,6,214,4,218
1114646,28,81,70,21,6,206,8,214
1114701,6,48,91,22,6,173,4,177
1114702,0,56,72,27,13,168,6,174
1114703,6,31,35,10,5,87,6,93
1114704,7,48,62,24,10,151,3,154
1114705,11,85,79,12,3,190,8,198
1114706,4,41,35,13,3,96,0,96
1114707,0,0,0,0,0,0,0,0
1114708,3,36,66,15,16,136,3,139
1114709,3,36,38,12,11,100,0,100
1114710,0,0,0,0,3,3,0,3
1114711,12,34,68,19,11,144,3,147
1114712,0,43,59,20,12,134,0,134
1114713,6,49,82,24,23,184,6,190
1114714,4,15,21,13,3,56,4,60
1114715,3,23,30,7,3,66,0,66
1114716,0,18,17,7,7,49,4,53
1114717,0,0,7,4,4,15,0,15
1114718,0,22,35,20,6,83,4,87
1114719,6,36,38,11,5,96,3,99
1114720,3,29,60,13,8,113,0,113
1114721,9,36,70,15,6,136,3,139
1114722,0,33,69,23,18,143,7,150
1114723,0,27,75,13,7,122,0,122
1114724,4,52,79,19,6,160,4,164
1114801,5,53,63,14,9,144,3,147
1114802,4,35,58,20,13,130,0,130
1114803,3,24,41,14,3,85,4,89
1114804,10,70,72,20,6,178,4,182
1114805,6,38,48,10,3,105,0,105
1114806,0,0,0,0,0,0,0,0
1114807,4,53,52,16,3,128,3,131
1114808,7,50,78,10,3,148,4,152
1114809,7,36,46,11,5,105,4,109
1114810,13,61,75,10,6,165,0,165
1114811,5,47,75,25,3,155,3,158
1114812,0,0,0,0,0,0,0,0
1114813,8,44,59,21,3,135,0,135
1114814,3,32,29,9,3,76,3,79
1114815,11,36,36,12,0,95,3,98
1114816,4,30,44,15,4,97,8,105
1114817,0,0,0,0,0,0,0,0
1114818,4,17,21,15,3,60,0,60
1114819,5,25,36,14,5,85,0,85
1114820,3,29,46,10,7,95,4,99
1114821,8,45,70,17,5,145,0,145
1114822,28,88,65,14,4,199,6,205
1114823,4,26,43,13,6,92,4,96
1114824,15,52,69,21,8,165,6,171
1114825,39,76,55,18,5,193,13,206
1114826,11,58,105,22,12,208,3,211
1114827,11,67,68,16,9,171,0,171
1114828,12,57,42,11,0,122,5,127
1114829,20,60,31,8,4,123,3,126
1114830,6,46,52,8,4,116,0,116
1114831,3,48,72,20,3,146,3,149
1114901,0,0,0,0,0,0,0,0
1114902,6,72,80,23,3,184,3,187
1114903,29,48,25,0,4,106,8,114
1114904,27,37,20,3,3,90,3,93
1114905,49,97,47,13,7,213,8,221
1114906,11,35,24,3,3,76,5,81
1114907,6,68,67,13,0,154,6,160
1114908,38,139,83,14,12,286,13,299
1114909,20,69,65,13,4,171,10,181
1114910,24,51,26,7,4,112,14,126
1114911,48,94,63,18,5,228,9,237
1114912,5,62,49,9,7,132,5,137
1114913,30,60,38,7,3,138,3,141
1114914,15,47,45,15,4,126,3,129
1114915,15,80,45,6,6,152,4,156
1114916,40,92,67,6,4,209,7,216
1114917,63,133,87,20,8,311,11,322
1114918,44,72,32,0,0,148,4,152
1114919,53,150,53,11,7,274,12,286
1114920,54,89,24,0,4,171,8,179
1114921,74,180,73,16,3,346,18,364
1114922,29,89,50,13,7,188,7,195
1114923,49,130,61,6,5,251,13,264
1114924,38,100,50,11,4,203,10,213
1114925,45,115,55,12,4,231,13,244
1114926,61,152,46,13,4,276,7,283
1114927,88,114,28,3,3,236,13,249
1114928,40,83,64,13,7,207,5,212
1114929,124,125,47,6,7,309,34,343
1114930,49,105,51,12,3,220,10,230
1114931,27,59,34,7,3,130,3,133
1114932,49,149,77,13,3,291,4,295
1114933,8,39,48,22,6,123,3,126
1114934,32,109,65,14,9,229,7,236
1114935,22,65,44,17,3,151,3,154
1114936,11,48,45,14,3,121,5,126
1114937,99,82,30,7,8,226,17,243
1114938,44,92,65,13,7,221,11,232
1114939,21,62,80,21,13,197,0,197
1114940,0,0,0,0,0,0,0,0
1114941,13,62,47,9,5,136,3,139
1114942,6,38,51,9,5,109,4,113
1114943,5,53,69,16,3,146,3,149
1114944,3,12,30,12,7,64,3,67
1114945,49,110,74,9,3,245,5,250
1114946,27,92,60,24,7,210,3,213
1114947,33,85,44,10,6,178,10,188
1114948,38,88,63,16,3,208,12,220
1114949,49,82,46,7,8,192,11,203
1114950,29,109,55,8,5,206,9,215
1114951,32,97,63,14,4,210,9,219
1114952,25,115,65,16,5,226,7,233
1114953,63,144,81,17,7,312,11,323
1114954,44,105,55,12,10,226,14,240
1114955,39,65,42,8,3,157,7,164
1114956,69,175,96,20,6,366,14,380
1114957,11,70,54,7,5,147,3,150
1114958,6,38,36,10,0,90,5,95
1114959,21,42,53,7,0,123,3,126
1114960,17,54,45,6,3,125,5,130
1114961,31,69,47,10,3,160,9,169
1115001,20,45,46,13,7,131,4,135
1115002,26,71,78,20,3,198,7,205
1115003,11,82,79,36,8,216,0,216
1115004,15,78,86,14,5,198,4,202
1115005,43,54,58,14,4,173,3,176
1115006,4,45,109,28,13,199,3,202
1115007,3,44,65,14,7,133,4,137
1115008,65,91,37,7,7,207,15,222
1115009,20,64,35,7,4,130,3,133
1115010,13,65,54,8,7,147,3,150
1115011,7,40,68,18,10,143,4,147
1115012,0,23,32,11,5,71,5,76
1115013,0,27,33,12,3,75,3,78
1115014,10,107,78,23,4,222,3,225
1115015,12,52,73,19,10,166,5,171
1115016,8,48,27,18,0,101,0,101
1115017,6,62,73,35,15,191,0,191
1115018,0,17,59,13,3,92,0,92
1115019,8,68,95,12,6,189,0,189
1115020,22,61,46,7,3,139,3,142
1115021,32,98,66,12,4,212,8,220
1115022,7,127,102,18,6,260,4,264
1115023,3,39,74,19,0,135,3,138
1115024,27,69,46,10,0,152,17,169
1115025,4,24,46,6,4,84,0,84
1115026,34,51,40,12,8,145,8,153
1115027,40,127,84,13,11,275,11,286
1115028,19,33,21,0,3,76,8,84
1115029,24,56,60,21,3,164,8,172
1115030,12,85,65,21,13,196,8,204
1115031,8,40,94,25,3,170,3,173
1115032,6,27,44,17,9,103,0,103
1115033,28,63,71,29,14,205,7,212
1115034,4,36,41,11,6,98,0,98
1115035,0,31,60,20,10,121,3,124
1115036,25,66,98,21,12,222,3,225
1115037,4,22,41,10,6,83,0,83
1115038,17,43,39,14,7,120,3,123
1115039,14,30,45,14,8,111,0,111
1115040,29,104,80,17,7,237,8,245
1115041,3,29,89,21,3,145,3,148
1115042,10,41,72,18,3,144,3,147
1115043,0,0,0,0,3,3,0,3
1115044,14,41,28,15,5,103,3,106
1115101,16,116,73,21,9,235,16,251
1115102,0,34,29,5,5,73,7,80
1115103,0,27,45,20,8,100,3,103
1115104,0,22,54,19,20,115,7,122
1115105,7,35,61,17,14,134,9,143
1115106,3,20,26,9,9,67,0,67
1115107,0,23,32,12,3,70,3,73
1115108,5,47,70,19,7,148,3,151
1115109,4,33,42,16,6,101,6,107
1115110,3,41,54,21,14,133,5,138
1115111,10,89,104,38,7,248,5,253
1115112,13,78,57,20,8,176,6,182
1115113,0,0,0,0,0,0,0,0
1115114,3,25,47,19,7,101,0,101
1115201,3,78,90,15,4,190,0,190
1115202,10,66,49,12,4,141,0,141
1115203,6,68,43,15,9,141,3,144
1115204,43,143,40,3,4,233,19,252
1115205,46,115,33,10,6,210,6,216
1115206,18,102,48,6,4,178,12,190
1115207,3,46,39,11,0,99,5,104
1115208,7,89,90,17,5,208,6,214
1115209,5,41,47,12,3,108,4,112
1115210,3,75,74,12,5,169,3,172
1115211,3,80,60,22,6,171,3,174
1115212,32,145,30,0,0,207,17,224
1115213,15,110,31,8,4,168,7,175
1115214,5,89,78,21,4,197,7,204
1115215,0,0,0,0,0,0,0,0
1115216,7,53,66,15,3,144,6,150
1115217,13,84,36,10,0,143,4,147
1115218,70,162,45,7,4,288,13,301
1115219,42,126,38,3,0,209,13,222
1115220,18,57,21,7,3,106,3,109
1115221,15,157,67,10,4,253,7,260
1115222,22,83,22,5,0,132,9,141
1115223,0,0,0,0,0,0,0,0
1115224,15,17,3,0,0,35,3,38
1115225,0,55,63,10,8,136,4,140
1115226,3,57,42,8,3,113,5,118
1115227,36,89,13,3,0,141,10,151
1115228,12,98,61,15,0,186,3,189
1115229,3,60,57,14,0,134,3,137
1115230,7,76,59,13,6,161,3,164
1115231,8,94,71,19,3,195,14,209
1115232,9,78,53,12,0,152,3,155
1115233,4,94,88,25,7,218,6,224
1115234,0,45,22,8,0,75,7,82
1115235,4,100,41,12,0,157,11,168
1115236,0,17,39,17,6,79,0,79
1115301,5,41,50,18,10,124,6,130
1115302,4,40,24,5,3,76,3,79
1115303,14,92,83,19,12,220,8,228
1115304,3,63,83,23,16,188,11,199
1115305,3,45,27,3,3,81,3,84
1115306,3,55,33,8,0,99,5,104
1115307,5,101,64,17,3,190,11,201
1115308,3,44,42,11,3,103,3,106
1115309,5,28,33,11,5,82,0,82
1115310,3,32,33,12,4,84,0,84
1115311,9,43,54,27,8,141,7,148
1115312,3,33,53,16,3,108,7,115
1115313,3,51,63,23,4,144,5,149
1115314,3,31,38,9,0,81,3,84
1115315,11,82,66,7,4,170,3,173
1115316,7,85,84,23,5,204,9,213
1115401,36,115,40,6,3,200,15,215
1115402,0,0,0,0,0,0,0,0
1115403,0,0,0,0,0,0,0,0
1115404,16,72,18,6,3,115,3,118
1115405,5,119,89,16,0,229,9,238
1115406,25,104,30,3,3,165,12,177
1115407,26,64,20,3,0,113,6,119
1115408,12,90,80,9,3,194,4,198
1115409,14,69,21,10,0,114,4,118
1115410,12,97,42,5,0,156,3,159
1115411,21,87,35,11,3,157,7,164
1115412,9,86,52,3,9,159,7,166
1115413,29,179,65,8,3,284,22,306
1115414,18,91,45,8,5,167,8,175
1115415,26,96,30,5,9,166,7,173
1115416,30,96,29,4,6,165,6,171
1115417,0,3,0,0,3,6,0,6
1115418,14,73,17,5,5,114,7,121
1115419,0,16,36,11,7,70,3,73
1115501,11,41,73,28,16,169,14,183
1115502,8,43,54,10,3,118,3,121
1115503,0,12,25,18,3,58,3,61
1115504,3,44,72,18,16,153,0,153
1115505,18,55,26,6,3,108,7,115
1115506,27,48,18,9,3,105,3,108
1115507,15,28,25,12,4,84,3,87
1115508,18,55,24,17,5,119,3,122
1115509,3,7,65,19,5,99,4,103
1115510,3,37,59,25,11,135,3,138
1115511,36,103,50,11,3,203,10,213
1115512,24,97,74,14,3,212,9,221
1115513,9,38,37,3,3,90,3,93
1115514,33,88,45,8,3,177,9,186
1115515,10,79,42,10,0,141,3,144
1115516,8,47,22,8,3,88,0,88
1115517,58,58,20,0,3,139,4,143
1115518,16,58,24,6,3,107,0,107
1115519,26,85,36,13,4,164,3,167
1115520,30,54,27,4,3,118,14,132
1115521,40,97,64,9,6,216,8,224
1115522,12,67,65,18,8,170,8,178
1115523,12,51,28,13,5,109,0,109
1115524,15,69,39,10,6,139,0,139
1115525,12,42,33,10,4,101,4,105
1115526,21,76,47,12,8,164,4,168
1115527,3,46,46,13,3,111,3,114
1115528,10,40,43,13,7,113,0,113
1115529,13,55,43,17,4,132,4,136
1115530,3,22,51,23,17,116,3,119
1115531,8,27,32,13,5,85,6,91
1115532,5,62,85,34,12,198,8,206
1115533,0,21,24,16,7,68,3,71
1115534,0,25,42,13,10,90,0,90
1115535,0,0,0,0,0,0,0,0
1115536,3,26,34,11,6,80,6,86
1115537,15,8,6,0,0,29,0,29
1115538,36,68,36,7,3,150,14,164
1115539,5,10,6,0,3,24,0,24
1115540,28,86,60,15,4,193,3,196
1115601,15,59,34,9,4,121,3,124
1115602,0,50,62,28,3,143,4,147
1115603,11,58,51,10,3,133,4,137
1115604,5,39,40,23,11,118,3,121
1115605,11,46,40,11,11,119,6,125
1115606,7,49,43,12,4,115,5,120
1115607,3,23,40,15,9,90,0,90
1115608,3,44,37,12,3,99,4,103
1115609,5,48,58,23,6,140,0,140
1115610,3,41,37,11,4,96,3,99
1115611,7,53,64,10,0,134,8,142
1115612,6,31,55,23,18,133,6,139
1115613,0,26,42,10,3,81,0,81
1115614,13,65,61,13,0,152,0,152
1115615,5,85,66,23,3,182,6,188
1115616,12,46,29,6,0,93,8,101
1115617,11,44,24,6,4,89,3,92
1115618,6,55,18,8,0,87,3,90
1115619,6,50,42,13,4,115,0,115
1115620,3,49,65,38,7,162,5,167
1115621,0,19,30,13,15,77,5,82
1115622,4,49,60,23,7,143,3,146
1115623,4,33,45,22,9,113,6,119
1115624,5,49,76,35,23,188,0,188
1115625,3,41,44,12,7,107,4,111
1115626,0,20,32,25,12,89,4,93
1115627,8,46,54,12,9,129,4,133
1115628,13,60,46,7,7,133,0,133
1115701,39,110,43,12,3,207,9,216
1115702,3,57,25,5,7,97,3,100
1115703,0,24,39,12,7,82,4,86
1115704,6,73,48,16,4,147,10,157
1115705,6,40,38,12,0,96,5,101
1115706,8,58,34,7,3,110,3,113
1115707,4,37,35,4,0,80,5,85
1115708,4,40,32,13,0,89,3,92
1115709,7,81,50,10,4,152,4,156
1115710,26,54,11,4,4,99,4,103
1115711,30,73,33,12,6,154,13,167
1115712,6,43,37,5,3,94,3,97
1115713,7,27,52,10,7,103,0,103
1115714,0,54,68,25,9,156,3,159
1115715,4,22,29,11,7,73,4,77
1115801,36,106,43,7,0,192,11,203
1115802,39,163,44,9,0,255,15,270
1115803,12,77,44,3,3,139,10,149
1115804,11,95,80,12,8,206,12,218
1115805,56,170,43,6,0,275,12,287
1115806,22,86,32,3,0,143,32,175
1115807,0,0,0,0,0,0,0,0
1115808,0,0,0,0,0,0,0,0
1115809,35,76,13,0,0,124,12,136
1115810,5,31,47,13,6,102,20,122
1115811,3,70,63,18,0,154,7,161
1115812,0,0,0,0,0,0,0,0
1115813,14,66,32,4,3,119,4,123
1115814,24,134,52,15,3,228,11,239
1115815,7,65,34,12,0,118,6,124
1115816,39,134,47,12,6,238,14,252
1115817,22,67,51,10,0,150,3,153
1115818,21,84,73,10,3,191,4,195
1115819,48,71,22,13,3,157,15,172
1115901,21,83,41,18,3,166,5,171
1115902,3,35,43,10,3,94,3,97
1115903,4,100,62,14,3,183,6,189
1115904,0,19,16,10,0,45,0,45
1115905,6,76,134,42,28,286,10,296
1115906,3,43,66,20,9,141,0,141
1115907,0,29,32,8,7,76,4,80
1115908,0,28,61,27,8,124,3,127
1115909,3,50,86,41,10,190,3,193
1115910,0,30,32,18,14,94,5,99
1115911,0,49,62,22,4,137,4,141
1115912,6,42,39,18,0,105,4,109
1115913,3,9,29,8,3,52,0,52
1115914,0,44,50,16,11,121,0,121
1115915,8,68,49,13,3,141,6,147
1115916,3,67,57,24,10,161,5,166
1115917,4,56,43,12,3,118,5,123
1115918,12,62,29,7,3,113,5,118
1115919,12,7,0,3,0,22,4,26
1115920,4,129,71,7,3,214,6,220
1115921,9,52,36,5,0,102,0,102
1115922,0,13,37,10,7,67,0,67
1116001,23,123,66,11,3,226,8,234
1116002,19,85,35,5,3,147,5,152
1116003,4,65,23,9,0,101,5,106
1116004,9,63,30,15,0,117,0,117
1116005,3,56,43,13,0,115,5,120
1116006,10,68,53,15,3,149,5,154
1116007,16,79,56,4,0,155,6,161
1116008,3,38,26,7,3,77,0,77
1116009,0,32,57,22,4,115,0,115
1116010,0,0,0,0,0,0,0,0
1116011,0,19,16,5,8,48,3,51
1116012,0,0,0,0,0,0,0,0
1116013,3,50,96,13,5,167,4,171
1116014,10,69,42,8,5,134,4,138
1116015,22,99,38,6,4,169,12,181
1116016,10,69,27,9,3,118,7,125
1116017,5,65,88,22,3,183,0,183
1116101,22,85,24,4,0,135,0,135
1116201,0,50,76,15,3,144,5,149
1116202,0,17,34,10,3,64,3,67
1116203,4,18,52,22,8,104,3,107
1116204,3,67,110,18,8,206,3,209
1116205,7,40,40,7,0,94,3,97
1116206,10,78,68,8,10,174,4,178
1116207,14,53,44,7,3,121,6,127
1116208,6,92,30,10,0,138,0,138
1116209,3,24,29,6,7,69,3,72
1116210,3,66,100,24,3,196,6,202
1116211,3,51,48,19,6,127,5,132
1116212,6,38,30,3,7,84,0,84
1116213,38,66,13,5,0,122,13,135
1116214,0,38,30,13,7,88,3,91
1116215,0,36,44,18,11,109,3,112
1116216,4,4,19,9,4,40,0,40
1116217,0,28,67,20,10,125,4,129
1116218,11,41,62,23,18,155,3,158
1116219,0,22,54,17,9,102,4,106
1116220,3,34,58,25,5,125,0,125
1116221,3,23,30,14,5,75,0,75
1116222,3,33,38,11,3,88,3,91
1116223,8,68,32,17,0,125,5,130
1116224,3,88,46,3,3,143,3,146
1116225,7,75,33,10,0,125,3,128
1116226,0,0,4,0,0,4,0,4
1116227,3,29,43,8,3,86,3,89
1116228,17,56,30,10,8,121,3,124
1116229,9,75,76,25,3,188,5,193
1116230,3,67,65,12,12,159,0,159
1116231,8,87,34,4,4,137,0,137
1116232,37,113,47,23,4,224,14,238
1116233,0,0,0,0,0,0,0,0
1116234,6,51,41,10,0,108,9,117
1116235,3,45,36,8,0,92,0,92
1116236,8,36,49,8,7,108,3,111
1116237,9,82,78,25,4,198,3,201
1116238,6,44,9,6,0,65,0,65
1116239,9,68,61,16,3,157,7,164
1116240,0,0,0,0,0,0,0,0
1116241,12,57,39,7,0,115,6,121
1116242,37,110,45,9,3,204,6,210
1116243,22,83,60,15,7,187,6,193
1116244,14,78,52,9,3,156,6,162
1116245,0,30,36,10,7,83,0,83
1116246,3,41,46,12,8,110,0,110
1116247,17,135,49,6,3,210,16,226
1116248,0,82,66,6,6,160,5,165
1116249,63,173,55,14,3,308,14,322
1116250,0,0,0,0,0,0,0,0
1116251,3,33,26,3,3,68,0,68
1116301,12,48,66,9,6,141,3,144
1116302,9,56,58,11,3,137,0,137
1116303,48,158,69,9,4,288,17,305
1116304,37,140,33,11,3,224,7,231
1116305,24,116,40,13,4,197,6,203
1116306,12,53,32,15,0,112,3,115
1116307,7,124,107,13,0,251,3,254
1116308,4,73,83,20,9,189,6,195
1116309,3,83,62,19,3,170,6,176
1116310,4,74,45,13,3,139,5,144
1116311,12,95,83,23,4,217,4,221
1116312,5,54,80,19,0,158,4,162
1116313,4,64,52,6,5,131,4,135
1116314,3,42,43,10,3,101,3,104
1116315,37,129,53,3,3,225,8,233
1116316,57,96,24,6,3,186,14,200
1116317,9,65,40,3,0,117,3,120
1116318,20,96,45,13,3,177,5,182
1116319,0,0,0,0,0,0,0,0
1116320,61,171,21,4,0,257,11,268
1116321,8,46,53,15,4,126,4,130
1116322,4,48,46,17,7,122,3,125
1116323,19,66,29,8,0,122,36,158
1116324,4,52,50,6,4,116,0,116
1116325,0,0,0,0,0,0,0,0
1116326,3,52,92,17,5,169,5,174
1116327,5,54,67,16,4,146,0,146
1116328,0,17,47,24,9,97,3,100
1116329,0,27,44,20,0,91,0,91
1116330,3,45,48,6,3,105,3,108
1116331,3,39,45,5,6,98,3,101
1116332,6,44,53,15,9,127,6,133
1116333,3,39,40,16,5,103,3,106
1116334,13,76,43,8,4,144,9,153
1116335,36,133,35,0,0,204,10,214
1116336,28,112,19,3,3,165,3,168
1116337,5,44,55,19,4,127,0,127
1116338,3,65,59,13,5,145,7,152
1116339,3,64,80,24,6,177,3,180
1116340,6,47,46,3,3,105,4,109
1116341,3,85,118,25,9,240,5,245
1116342,4,54,98,25,3,184,3,187
1116343,3,54,66,9,8,140,3,143
1116344,3,28,32,9,3,75,0,75
1116345,6,51,63,8,5,133,0,133
1116346,23,114,76,14,4,231,10,241
1116347,3,48,40,7,0,98,4,102
1116348,3,39,37,19,6,104,4,108
1116349,17,67,67,20,8,179,3,182
1116350,0,62,118,10,11,201,8,209
1116351,3,61,54,18,9,145,5,150
1116352,3,49,76,19,3,150,0,150
1116353,0,33,57,13,6,109,0,109
1116354,0,70,87,15,3,175,7,182
1116355,19,75,37,17,9,157,9,166
1116356,46,75,21,0,0,142,3,145
1116357,38,96,59,4,3,200,5,205
1116358,0,52,87,23,6,168,0,168
1116359,12,93,91,15,9,220,0,220
1116360,4,73,64,18,3,162,5,167
1116361,0,56,74,32,7,169,7,176
1116362,37,69,18,8,0,132,5,137
1116363,4,75,106,27,3,215,6,221
1116364,3,59,86,17,9,174,3,177
1116365,0,39,62,13,8,122,5,127
1116366,4,51,67,20,4,146,3,149
1116367,10,216,63,12,9,310,15,325
1116401,29,46,32,10,3,120,0,120
1116402,8,86,90,13,7,204,7,211
1116403,0,10,0,5,0,15,0,15
1116404,13,60,35,4,3,115,3,118
1116405,4,64,80,16,0,164,0,164
1116406,92,120,20,3,7,242,21,263
1116407,21,98,64,17,6,206,7,213
1116408,22,96,52,17,0,187,5,192
1116409,3,46,52,9,5,115,6,121
1116410,22,150,94,14,3,283,10,293
1116411,83,158,34,6,10,291,21,312
1116412,42,100,33,7,3,185,5,190
1116413,45,141,40,11,0,237,15,252
1116414,31,114,24,9,3,181,9,190
1116415,4,38,39,7,5,93,6,99
1116416,9,58,61,17,4,149,0,149
1116417,0,13,27,23,7,70,3,73
1116418,3,61,70,17,3,154,3,157
1116419,24,132,56,18,0,230,10,240
1116420,18,87,51,14,4,174,13,187
1116421,14,97,49,14,5,179,8,187
1116422,20,137,76,12,3,248,8,256
1116423,3,62,85,17,5,172,13,185
1116424,3,69,82,26,5,185,3,188
1116425,3,98,96,10,3,210,8,218
1116426,7,48,42,13,6,116,4,120
1116427,47,124,25,9,4,209,21,230
1116428,39,87,47,7,4,184,14,198
1116429,23,94,23,3,3,146,8,154
1116430,42,62,36,8,0,148,4,152
1116431,20,57,22,9,0,108,5,113
1116432,51,68,13,5,0,137,19,156
1116433,4,53,69,12,3,141,0,141
1116434,42,181,34,0,0,257,10,267
1116435,0,0,0,0,0,0,0,0
1116436,0,16,30,13,9,68,0,68
1116437,0,0,0,3,0,3,0,3
1116438,9,58,47,14,3,131,3,134
1116501,7,48,59,17,3,134,9,143
1116502,0,31,40,9,11,91,3,94
1116503,4,12,42,14,4,76,4,80
1116504,4,28,36,19,6,93,9,102
1116505,0,36,50,28,22,136,3,139
1116506,0,35,65,21,14,135,4,139
1116507,0,37,65,18,10,130,6,136
1116508,0,14,27,5,3,49,0,49
1116509,0,33,58,36,11,138,8,146
1116510,7,21,28,7,8,71,3,74
1116511,4,35,29,20,4,92,0,92
1116512,4,27,45,17,12,105,4,109
1116513,4,38,53,28,17,140,6,146
1116514,0,31,52,23,8,114,0,114
1116515,0,47,40,21,8,116,8,124
1116516,3,71,71,26,16,187,4,191
1116601,13,40,21,8,3,85,3,88
1116602,16,60,42,5,7,130,3,133
1116603,11,59,42,9,7,128,4,132
1116604,9,69,64,20,3,165,5,170
1116605,19,67,40,11,3,140,6,146
1116606,3,65,66,14,3,151,7,158
1116607,7,66,68,19,6,166,3,169
1116608,19,82,48,5,0,154,7,161
1116609,30,90,30,10,3,163,12,175
1116610,3,44,45,8,3,103,3,106
1116611,10,62,68,28,6,174,0,174
1116612,0,28,40,27,20,115,3,118
1116613,3,6,23,11,3,46,0,46
1116614,6,70,97,27,8,208,6,214
1116615,0,29,62,25,12,128,3,131
1116616,3,15,31,16,12,77,3,80
1116617,0,0,3,0,0,3,0,3
1116618,5,52,58,29,5,149,0,149
1116619,0,45,90,34,17,186,4,190
1116620,0,23,65,24,23,135,3,138
1116621,0,13,55,25,13,106,0,106
1116622,3,27,59,37,9,135,3,138
1116623,0,13,40,18,6,77,3,80
1116624,6,42,45,11,0,104,6,110
1116625,10,72,18,5,7,112,3,115
1116626,24,66,41,21,4,156,7,163
1116627,0,8,46,18,18,90,0,90
1116628,9,44,24,3,3,83,6,89
1116629,16,66,45,18,4,149,5,154
1116701,16,54,38,10,3,121,8,129
1116702,43,93,44,13,9,202,16,218
1116703,4,55,34,12,6,111,3,114
1116704,10,68,34,8,4,124,4,128
1116705,14,51,35,13,4,117,4,121
1116706,11,54,37,15,3,120,3,123
1116707,0,8,0,3,0,11,3,14
1116708,0,50,85,24,19,178,6,184
1116709,9,37,38,17,3,104,3,107
1116710,0,32,43,12,4,91,0,91
1116711,3,39,60,25,9,136,4,140
1116712,5,29,24,20,0,78,0,78
1116713,7,70,78,30,11,196,6,202
1116714,18,86,60,11,0,175,3,178
1116715,0,46,84,28,8,166,5,171
1116801,0,88,84,20,8,200,4,204
1116802,13,51,25,0,0,89,5,94
1116803,0,42,77,28,15,162,0,162
1116804,3,37,36,19,8,103,3,106
1116805,0,57,70,25,3,155,4,159
1116806,3,57,99,42,18,219,5,224
1116807,14,47,32,6,0,99,7,106
1116808,5,60,53,13,6,137,7,144
1116809,4,73,48,5,4,134,3,137
1116810,0,10,8,0,0,18,0,18
1116811,3,24,36,11,3,77,3,80
1116812,0,36,67,34,21,158,4,162
1116813,5,32,64,16,6,123,0,123
1116814,0,23,24,11,12,70,5,75
1116815,6,53,106,29,5,199,3,202
1116816,9,81,71,14,4,179,5,184
1116817,3,47,33,8,3,94,4,98
1116818,15,86,45,0,0,146,6,152
1116819,20,103,60,11,3,197,13,210
1116820,16,86,54,8,5,169,3,172
1116821,0,16,24,8,0,48,3,51
1116822,0,51,87,13,3,154,3,157
1116823,3,49,41,11,6,110,0,110
1116824,4,62,65,7,0,138,0,138
1116825,7,66,81,9,4,167,0,167
1116826,3,42,24,8,0,77,4,81
1116827,3,33,27,8,0,71,0,71
1116828,0,0,0,0,0,0,0,0
1116829,0,23,51,15,12,101,4,105
1116901,18,70,82,17,7,194,8,202
1116902,27,59,27,8,4,125,13,138
1116903,22,72,36,6,0,136,9,145
1116904,21,55,31,22,7,136,3,139
1116905,3,45,31,12,9,100,5,105
1116906,18,13,5,0,0,36,0,36
1116907,0,44,67,30,12,153,4,157
1116908,11,26,57,13,8,115,3,118
1116909,3,33,56,24,13,129,3,132
1116910,3,32,37,12,9,93,4,97
1116911,0,31,56,16,9,112,0,112
1116912,3,49,62,7,7,128,0,128
1116913,6,61,57,15,9,148,5,153
1116914,11,57,37,9,9,123,3,126
1116915,10,82,82,20,11,205,0,205
1116916,7,72,76,20,5,180,8,188
1116917,31,51,8,6,0,96,7,103
1116918,9,73,62,21,4,169,0,169
1116919,7,69,51,11,0,138,3,141
1116920,13,45,46,6,3,113,6,119
1116921,18,56,26,0,4,104,9,113
1116922,28,102,41,18,8,197,8,205
1116923,34,91,25,3,3,156,6,162
1116924,18,61,28,12,3,122,3,125
1116925,11,46,22,4,4,87,4,91
1116926,6,53,50,10,12,131,3,134
1116927,3,29,19,3,0,54,3,57
1116928,43,73,24,3,0,143,14,157
1116929,52,96,39,5,4,196,5,201
1116930,22,46,26,10,0,104,5,109
1116931,66,71,44,9,6,196,25,221
1116932,21,54,27,8,0,110,4,114
1116933,7,58,29,11,6,111,5,116
1116934,15,63,33,9,0,120,7,127
1116935,15,74,51,13,0,153,4,157
1116936,17,29,31,7,3,87,0,87
1116937,0,45,47,18,7,117,0,117
1116938,4,34,50,14,4,106,5,111
1116939,11,52,32,10,0,105,0,105
1116940,31,40,24,4,0,99,5,104
1116941,45,75,25,9,3,157,7,164
1116942,7,49,39,7,3,105,8,113
1116943,13,63,72,15,9,172,11,183
1116944,9,59,35,9,5,117,6,123
1116945,6,32,32,12,5,87,0,87
1116946,42,56,12,6,0,116,7,123
1116947,10,33,23,3,0,69,0,69
1116948,29,107,50,7,9,202,10,212
1116949,10,87,87,26,13,223,11,234
1116950,4,31,44,9,3,91,5,96
1116951,0,3,13,3,5,24,0,24
1116952,42,91,22,0,0,155,15,170
1116953,0,7,10,6,4,27,5,32
1116954,10,47,51,17,20,145,4,149
1116955,4,29,53,19,9,114,7,121
1116956,0,18,51,19,14,102,4,106
1116957,4,62,51,18,3,138,8,146
1116958,23,58,46,12,4,143,6,149
1116959,26,94,31,6,0,157,12,169
1116960,5,38,30,3,12,88,4,92
1117001,9,136,156,18,0,319,4,323
1117002,0,0,0,0,0,0,0,0
1117003,3,29,21,13,5,71,3,74
1117004,3,55,41,12,4,115,5,120
1117005,23,98,40,9,3,173,8,181
1117006,18,95,30,14,3,160,4,164
1117007,6,57,25,7,5,100,8,108
1117008,10,83,43,9,7,152,4,156
1117009,0,0,0,0,0,0,0,0
1117010,3,28,38,19,15,103,3,106
1117011,0,0,0,0,0,0,0,0
1117012,4,67,86,29,13,199,7,206
1117013,6,34,48,23,6,117,7,124
1117014,7,52,79,17,13,168,3,171
1117015,0,58,91,29,11,189,4,193
1117016,4,33,42,7,8,94,0,94
1117017,0,22,46,18,9,95,5,100
1117018,0,0,0,0,0,0,0,0
1117019,3,30,32,16,9,90,0,90
1117020,3,44,45,25,13,130,3,133
1117021,3,31,54,25,6,119,3,122
1117022,7,58,48,18,7,138,6,144
1117023,0,38,49,18,13,118,8,126
1117024,8,40,46,20,0,114,5,119
1117025,4,13,34,22,11,84,0,84
1117026,0,32,37,17,9,95,0,95
1117027,4,30,77,29,7,147,0,147
1117028,5,26,42,18,7,98,3,101
1117029,3,12,21,10,3,49,0,49
1117030,3,25,32,10,0,70,0,70
1117031,0,44,66,27,9,146,6,152
1117032,7,37,73,30,20,167,0,167
1117033,3,32,59,20,10,124,3,127
1117034,3,71,90,30,12,206,0,206
1117035,0,0,0,0,0,0,0,0
1117036,3,17,10,4,0,34,3,37
1117037,10,87,56,10,3,166,5,171
1117038,0,28,38,6,4,76,4,80
1117039,3,58,44,17,7,129,5,134
1117101,5,54,46,6,0,111,3,114
1117102,15,87,58,16,7,183,0,183
1117103,8,51,45,5,6,115,3,118
1117104,21,71,37,12,5,146,6,152
1117105,11,54,52,10,10,137,8,145
1117106,16,84,77,13,3,193,5,198
1117107,8,58,68,19,12,165,4,169
1117108,3,52,74,19,8,156,4,160
1117109,3,35,56,21,12,127,0,127
1117110,0,38,40,9,8,95,4,99
1117111,26,61,56,10,6,159,10,169
1117112,13,23,24,7,0,67,0,67
1117113,16,61,48,17,4,146,5,151
1117114,20,41,21,6,4,92,9,101
1117115,17,49,34,3,4,107,3,110
1117201,0,31,75,22,9,137,4,141
1117202,3,52,91,22,10,178,4,182
1117203,4,39,65,20,9,137,0,137
1117204,5,59,59,17,0,140,4,144
1117205,3,42,77,14,10,146,0,146
1117206,0,25,82,37,30,174,3,177
1117207,14,79,67,8,3,171,10,181
1117208,4,43,87,15,14,163,5,168
1117209,4,39,59,19,5,126,0,126
1117210,9,41,73,15,5,143,0,143
1117211,3,22,64,18,8,115,0,115
1117212,4,51,68,15,5,143,6,149
1117213,4,41,67,15,0,127,0,127
1117214,18,66,96,16,4,200,6,206
1117215,6,61,40,5,10,122,5,127
1117216,16,53,48,12,4,133,4,137
1117217,4,74,91,30,5,204,4,208
1117218,8,40,40,9,3,100,3,103
1117219,19,122,35,6,3,185,6,191
1117220,5,54,94,28,16,197,3,200
1117221,4,55,122,26,18,225,0,225
1117222,14,56,65,13,3,151,7,158
1117223,3,52,119,29,17,220,3,223
1117224,43,95,22,11,3,174,10,184
1117225,11,38,30,3,3,85,0,85
1117226,0,5,28,18,4,55,0,55
1117227,3,34,113,34,9,193,4,197
1117228,3,45,49,22,12,131,5,136
1117229,29,108,77,15,11,240,16,256
1117230,0,0,0,0,0,0,0,0
1117301,0,0,21,11,6,38,0,38
1117302,3,20,53,14,5,95,3,98
1117303,3,45,35,8,8,99,4,103
1117304,47,79,28,0,0,154,10,164
1117305,7,52,64,10,8,141,3,144
1117306,28,98,51,20,5,202,3,205
1117307,41,98,76,14,4,233,10,243
1117308,35,59,21,4,0,119,12,131
1117309,39,103,57,18,7,224,12,236
1117310,8,35,25,4,6,78,4,82
1117311,3,81,76,20,8,188,5,193
1117312,17,96,49,8,3,173,11,184
1117313,11,48,31,7,3,100,4,104
1117314,19,68,44,14,0,145,8,153
1117315,4,36,51,21,6,118,3,121
1117316,8,66,58,12,3,147,4,151
1117317,0,39,46,8,10,103,0,103
1117318,4,49,50,13,9,125,6,131
1117319,23,78,42,10,4,157,11,168
1117320,12,65,57,15,3,152,3,155
1117321,6,65,84,17,8,180,5,185
1117322,3,27,63,14,16,123,3,126
1117323,3,9,19,3,3,37,3,40
1117324,4,22,46,13,7,92,3,95
1117325,0,23,40,18,11,92,0,92
1117326,11,61,41,12,3,128,7,135
1117401,25,67,23,10,3,128,3,131
1117402,22,56,70,20,4,172,8,180
1117403,6,72,77,25,5,185,3,188
1117404,60,107,64,8,4,243,14,257
1117405,12,67,89,16,4,188,0,188
1117406,9,73,106,17,4,209,10,219
1117407,48,120,44,12,10,234,8,242
1117408,32,72,58,7,4,173,7,180
1117409,52,103,47,9,4,215,10,225
1117410,59,97,49,5,0,210,4,214
1117411,9,65,60,18,5,157,5,162
1117412,16,52,36,10,3,117,0,117
1117413,11,71,64,17,0,163,3,166
1117414,28,101,36,11,4,180,13,193
1117415,0,62,78,27,13,180,6,186
1117416,4,43,70,22,12,151,0,151
1117417,0,21,53,18,3,95,3,98
1117418,8,60,77,25,11,181,4,185
1117419,0,3,0,0,0,3,0,3
1117420,0,0,0,0,0,0,0,0
1117421,0,0,3,0,0,3,0,3
1117422,0,0,3,0,0,3,0,3
1117423,16,66,36,4,5,127,6,133
1117424,4,36,30,7,3,80,3,83
1117425,11,48,46,19,8,132,3,135
1117426,53,102,60,14,4,233,3,236
1117427,30,52,20,4,4,110,5,115
1117428,15,69,56,14,6,160,5,165
1117429,3,12,39,21,12,87,4,91
1117501,5,41,60,36,16,158,3,161
1117502,0,19,43,19,4,85,3,88
1117503,0,24,58,31,20,133,5,138
1117504,3,23,44,41,14,125,0,125
1117505,16,74,65,15,3,173,9,182
1117506,0,7,44,25,16,92,0,92
1117507,3,15,65,27,12,122,4,126
1117508,0,15,74,51,12,152,6,158
1117509,20,70,43,18,9,160,24,184
1117510,0,30,39,16,9,94,3,97
1117511,4,60,57,20,13,154,10,164
1117512,3,17,46,11,22,99,3,102
1117513,0,26,65,32,13,136,6,142
1117514,0,25,59,38,14,136,3,139
1117515,0,12,20,14,9,55,3,58
1117516,5,21,50,27,39,142,4,146
1117517,3,25,46,26,12,112,9,121
1117518,7,40,37,12,3,99,3,102
1117519,4,37,36,9,3,89,0,89
1117520,3,17,22,25,10,77,3,80
1117521,0,25,31,25,9,90,4,94
1117522,11,61,46,11,3,132,8,140
1117523,3,63,43,15,10,134,4,138
1117524,13,51,49,11,3,127,11,138
1117525,3,20,40,25,15,103,4,107
1117526,0,11,30,19,6,66,4,70
1117527,9,58,52,5,3,127,6,133
1117528,28,101,64,19,8,220,13,233
1117529,3,30,52,18,3,106,0,106
1117530,0,0,3,0,0,3,0,3
1117531,0,20,48,30,15,113,6,119
1117532,0,9,22,13,5,49,3,52
1117533,0,17,23,19,15,74,0,74
1117534,0,15,22,4,0,41,0,41
1117601,48,116,45,13,4,226,11,237
1117602,3,38,40,11,5,97,3,100
1117603,10,49,49,6,10,124,3,127
1117604,17,91,70,15,6,199,13,212
1117605,16,105,66,13,3,203,8,211
1117606,9,70,44,11,3,137,7,144
1117607,14,72,77,27,9,199,9,208
1117608,30,77,37,9,3,156,5,161
1117609,18,67,60,13,3,161,9,170
1117610,27,110,81,16,9,243,14,257
1117611,64,120,27,7,3,221,17,238
1117612,35,94,36,10,3,178,12,190
1117613,31,116,62,9,4,222,21,243
1117614,20,105,44,9,4,182,7,189
1117615,4,36,75,22,9,146,6,152
1117616,11,54,24,19,3,111,5,116
1117617,8,32,65,13,4,122,7,129
1117618,0,28,43,21,5,97,0,97
1117619,5,53,37,15,3,113,4,117
1117620,32,85,57,12,5,191,8,199
1117621,33,80,39,12,3,167,11,178
1117622,29,86,49,16,3,183,9,192
1117623,0,23,40,15,3,81,4,85
1117624,0,43,48,15,7,113,0,113
1117625,0,8,20,17,7,52,0,52
1117626,0,0,3,0,0,3,0,3
1117627,24,73,52,20,7,176,8,184
1117628,4,51,75,31,16,177,3,180
1117629,40,53,12,0,0,105,9,114
1117630,9,56,21,3,3,92,3,95
1117631,4,54,42,17,7,124,3,127
1117632,13,67,55,14,3,152,8,160
1117633,5,61,85,21,17,189,4,193
1117634,18,87,116,25,20,266,3,269
1117635,10,36,39,4,0,89,7,96
1117636,25,122,79,24,5,255,4,259
1117701,14,40,48,16,9,127,12,139
1117702,9,32,25,5,7,78,5,83
1117703,5,24,26,7,3,65,6,71
1117704,16,66,32,8,8,130,8,138
1117705,15,52,43,10,4,124,8,132
1117706,3,38,21,4,4,70,4,74
1117707,13,37,36,5,3,94,6,100
1117708,11,40,30,9,3,93,3,96
1117709,7,41,33,6,4,91,3,94
1117710,0,12,20,10,11,53,4,57
1117711,0,26,25,14,17,82,0,82
1117712,3,17,60,20,15,115,0,115
1117801,0,14,58,26,0,98,3,101
1117802,3,39,63,29,11,145,8,153
1117803,8,19,36,8,3,74,4,78
1117804,5,14,39,22,14,94,4,98
1117805,3,37,64,24,11,139,4,143
1117806,0,0,0,0,0,0,0,0
1117807,18,50,34,6,3,111,16,127
1117808,14,21,45,9,0,89,4,93
1117809,3,33,30,6,3,75,0,75
1117810,25,10,0,0,0,35,0,35
1117811,14,32,31,6,4,87,3,90
1117812,31,39,25,4,3,102,11,113
1117813,8,43,38,15,4,108,14,122
1117814,13,50,38,13,0,114,9,123
1117815,14,43,49,15,6,127,5,132
1117816,0,3,3,3,0,9,0,9
1117817,15,38,65,21,18,157,7,164
1117818,5,27,31,16,6,85,0,85
1117819,5,32,52,15,6,110,5,115
1117820,4,16,44,12,11,87,3,90
1117821,4,45,55,21,7,132,3,135
1117822,4,25,34,15,10,88,12,100
1117901,4,26,39,19,18,106,0,106
1117902,3,12,28,6,3,52,0,52
1117903,11,51,69,23,3,157,6,163
1117904,3,30,53,24,5,115,7,122
1117905,3,17,33,17,7,77,3,80
1117906,3,37,39,17,13,109,9,118
1117907,6,23,64,28,26,147,8,155
1117908,22,54,63,21,0,160,14,174
1117909,15,43,40,12,7,117,4,121
1117910,16,53,61,10,6,146,3,149
1117911,4,36,31,0,0,71,5,76
1118001,3,29,46,7,0,85,4,89
1118002,0,12,27,13,4,56,0,56
1118003,9,69,64,30,10,182,4,186
1118004,35,102,42,8,3,190,7,197
1118005,12,59,40,5,3,119,9,128
1118006,8,66,47,15,5,141,9,150
1118007,13,76,69,16,5,179,5,184
1118008,11,55,46,4,4,120,9,129
1118009,12,30,18,0,0,60,0,60
1118010,10,32,26,12,4,84,0,84
1118011,7,43,53,16,0,119,3,122
1118012,7,76,71,21,4,179,0,179
1118013,13,89,96,21,9,228,11,239
1118014,0,0,0,0,0,0,4,4
1118015,0,0,3,0,0,3,0,3
1118016,0,0,0,0,0,0,0,0
1118017,21,42,33,7,3,106,9,115
1118018,6,39,27,8,0,80,4,84
1118019,6,5,10,4,3,28,4,32
1118020,0,45,79,17,10,151,4,155
1118021,3,39,37,3,0,82,0,82
1118101,8,66,45,5,4,128,5,133
1118102,4,80,84,19,7,194,9,203
1118103,5,24,31,9,12,81,4,85
1118104,0,20,46,23,11,100,0,100
1118105,0,11,23,16,11,61,0,61
1118106,0,29,56,29,23,137,5,142
1118107,0,0,0,0,0,0,0,0
1118108,3,47,59,14,7,130,3,133
1118109,3,62,57,15,6,143,8,151
1118110,6,44,50,11,5,116,5,121
1118111,3,31,45,24,23,126,8,134
1118112,4,45,30,9,4,92,13,105
1118113,3,38,52,14,6,113,3,116
1118114,5,57,71,18,4,155,3,158
1118115,6,39,58,18,10,131,3,134
1118116,7,86,81,24,5,203,12,215
1118117,3,33,37,8,12,93,3,96
1118118,5,47,62,17,12,143,3,146
1118119,8,69,63,10,7,157,4,161
1118120,4,63,56,10,0,133,9,142
1118201,5,36,37,12,4,94,3,97
1118202,0,0,0,0,0,0,0,0
1118203,27,61,32,7,0,127,10,137
1118204,12,45,52,20,4,133,11,144
1118205,3,45,47,12,3,110,4,114
1118206,0,31,41,3,7,82,0,82
1118207,3,39,61,22,13,138,8,146
1118208,3,18,30,11,6,68,4,72
1118209,0,10,45,15,6,76,4,80
1118210,32,40,27,7,0,106,6,112
1118211,4,55,57,7,5,128,11,139
1118212,7,53,49,11,3,123,4,127
1118213,33,64,68,13,4,182,10,192
1118214,11,62,60,13,3,149,10,159
1118215,28,53,47,11,5,144,7,151
1118216,32,54,30,10,5,131,13,144
1118217,12,43,40,8,3,106,3,109
1118218,12,64,41,4,4,125,6,131
1118219,25,102,66,8,3,204,21,225
1118220,4,70,67,16,0,157,10,167
1118221,16,50,31,14,0,111,7,118
1118222,14,75,73,10,5,177,9,186
1118223,0,0,0,0,0,0,0,0
1118224,0,9,49,21,11,90,3,93
1118301,0,17,40,18,15,90,5,95
1118302,19,78,79,13,9,198,8,206
1118303,7,38,27,9,3,84,5,89
1118304,3,68,39,7,4,121,7,128
1118305,14,91,73,26,8,212,16,228
1118306,11,59,44,9,3,126,5,131
1118307,3,21,33,6,4,67,4,71
1118308,16,54,47,12,4,133,10,143
1118309,0,22,45,12,12,91,3,94
1118310,0,23,42,17,10,92,3,95
1118311,3,18,36,22,10,89,6,95
1118312,3,21,51,26,19,120,0,120
1118313,0,15,45,24,21,105,4,109
1118314,3,20,38,18,5,84,0,84
1118315,0,33,58,29,13,133,8,141
1118316,0,21,54,26,23,124,0,124
1118317,0,36,78,32,32,178,5,183
1118318,0,26,49,33,13,121,3,124
1118319,3,30,57,29,14,133,4,137
1118320,0,14,49,16,16,95,3,98
1118321,0,7,32,9,3,51,0,51
1118322,14,7,7,0,0,28,0,28
1118401,0,126,56,8,3,193,11,204
1118402,0,21,49,6,3,79,0,79
1118403,0,35,87,29,18,169,6,175
1118404,14,63,37,13,0,127,3,130
1118405,5,15,6,5,3,34,6,40
1118406,14,43,13,0,0,70,4,74
1118407,20,110,63,8,4,205,20,225
1118408,15,77,54,11,5,162,0,162
1118409,9,67,45,8,0,129,6,135
1118410,0,28,73,7,5,113,3,116
1118411,4,39,80,16,3,142,3,145
1118412,0,30,60,20,21,131,0,131
1118413,4,22,47,19,7,99,0,99
1118414,5,45,62,14,0,126,4,130
1118415,10,53,55,21,3,142,7,149
1118501,10,70,44,9,7,140,4,144
1118502,0,42,71,18,9,140,7,147
1118503,10,77,91,21,8,207,15,222
1118504,5,75,41,12,5,138,12,150
1118505,30,124,70,23,10,257,11,268
1118506,19,83,53,18,6,179,6,185
1118507,4,17,39,14,11,85,3,88
1118508,0,18,36,24,9,87,4,91
1118509,3,21,36,7,13,80,3,83
1118510,0,25,66,25,10,126,5,131
1118511,0,12,31,15,8,66,0,66
1118512,0,19,48,22,22,111,3,114
1118513,0,15,34,23,24,96,3,99
1118514,0,13,21,11,10,55,0,55
1118515,12,56,28,12,5,113,7,120
1118516,10,81,45,19,4,159,7,166
1118517,8,46,69,25,9,157,8,165
1118518,17,79,54,7,6,163,8,171
1118519,17,79,41,8,6,151,13,164
1118520,8,53,48,9,4,122,3,125
1118521,6,55,42,15,0,118,4,122
1118522,0,15,39,9,4,67,0,67
1118523,18,60,60,13,5,156,8,164
1118524,13,58,59,16,3,149,3,152
1118525,10,50,55,11,7,133,9,142
1118526,12,72,44,7,3,138,9,147
1118527,4,50,79,17,12,162,13,175
1118601,0,0,0,0,0,0,0,0
1118602,3,23,67,30,15,138,3,141
1118603,0,36,79,31,12,158,0,158
1118604,0,48,107,31,21,207,5,212
1118605,0,25,90,30,22,167,0,167
1118606,4,26,63,23,10,126,3,129
1118607,10,46,27,6,5,94,3,97
1118608,9,52,40,13,8,122,0,122
1118609,11,66,61,20,9,167,0,167
1118610,21,41,20,14,6,102,5,107
1118611,0,20,46,12,11,89,3,92
1118612,0,59,71,9,5,144,12,156
1118613,21,54,44,7,4,130,3,133
1118614,17,74,55,11,4,161,3,164
1118615,6,58,75,21,7,167,3,170
1118616,6,71,76,14,0,167,3,170
1118617,7,44,56,11,5,123,3,126
1118618,36,119,63,13,3,234,11,245
1118619,3,29,30,10,5,77,0,77
1118620,11,68,63,20,3,165,0,165
1118621,4,45,61,15,6,131,4,135
1118622,6,82,50,14,6,158,6,164
1118623,3,71,65,21,5,165,3,168
1118624,14,79,91,21,9,214,3,217
1118625,3,40,25,3,0,71,8,79
1118626,5,57,33,9,4,108,0,108
1118627,17,79,51,18,0,165,4,169
1118628,0,20,45,11,3,79,3,82
1118629,12,65,40,23,4,144,5,149
1118630,47,76,38,6,0,167,15,182
1118631,28,67,28,7,10,140,11,151
1118632,22,89,55,7,8,181,5,186
1118633,46,58,18,5,3,130,6,136
1118634,19,43,19,11,3,95,3,98
1118635,19,31,27,6,0,83,4,87
1118636,23,62,51,9,0,145,8,153
1118637,25,102,57,20,3,207,6,213
1118638,26,114,47,18,3,208,0,208
1118639,19,48,24,9,0,100,4,104
1118640,26,90,45,5,9,175,5,180
1118641,10,78,62,18,5,173,3,176
1118642,27,98,46,5,0,176,4,180
1118643,29,77,45,11,4,166,4,170
1118644,30,116,52,14,4,216,9,225
1118645,44,75,32,9,3,163,14,177
1118646,11,25,23,0,3,62,3,65
1118647,7,39,46,8,9,109,4,113
1118648,12,77,44,19,4,156,4,160
1118649,14,78,41,17,7,157,10,167
1118650,20,72,47,17,5,161,9,170
1118651,0,40,55,20,10,125,3,128
1118652,9,53,42,14,3,121,4,125
1118653,7,31,29,8,7,82,4,86
1118654,28,126,61,15,12,242,11,253
1118701,18,61,59,22,6,166,10,176
1118702,0,32,45,21,12,110,11,121
1118703,18,73,81,16,3,191,9,200
1118704,14,73,85,25,8,205,7,212
1118705,3,8,33,11,7,62,4,66
1118706,3,14,55,30,17,119,0,119
1118707,3,38,72,39,24,176,3,179
1118708,3,30,55,21,11,120,3,123
1118709,0,14,37,27,7,85,5,90
1118710,0,17,42,15,7,81,4,85
1118711,0,40,39,20,6,105,3,108
1118712,0,44,38,22,15,119,4,123
1118801,6,48,54,16,13,137,9,146
1118802,11,53,52,8,16,140,5,145
1118803,22,73,52,20,7,174,5,179
1118804,14,41,40,7,10,112,3,115
1118805,0,14,63,31,21,129,0,129
1118806,3,29,63,20,12,127,0,127
1118807,0,40,59,18,13,130,0,130
1118808,0,18,48,16,17,99,3,102
1118809,3,15,13,14,13,58,3,61
1118810,0,27,72,32,23,154,3,157
1118811,3,14,28,9,17,71,3,74
1118812,0,26,35,8,8,77,0,77
1118813,3,14,25,14,6,62,0,62
1118814,5,36,51,25,14,131,4,135
1118815,3,34,47,23,11,118,4,122
1118816,0,31,49,10,9,99,0,99
1118817,7,46,39,10,3,105,9,114
1118818,13,47,49,17,3,129,3,132
1118819,5,40,20,9,4,78,6,84
1118901,9,36,33,14,0,92,7,99
1118902,18,49,44,10,3,124,3,127
1118903,11,46,49,15,4,125,10,135
1118904,6,45,37,10,4,102,3,105
1118905,14,58,63,14,5,154,7,161
1118906,0,23,31,19,5,78,4,82
1118907,6,36,57,22,19,140,10,150
1118908,3,19,69,32,16,139,3,142
1118909,0,14,24,10,8,56,4,60
1118910,0,16,19,8,8,51,4,55
1118911,4,20,39,26,15,104,0,104
1118912,0,21,25,10,10,66,0,66
1119001,0,14,29,17,9,69,0,69
1119002,0,40,58,38,26,162,4,166
1119003,7,66,39,14,8,134,9,143
1119004,11,52,38,13,4,118,8,126
1119005,5,34,39,14,11,103,3,106
1119006,15,64,47,10,3,139,13,152
1119007,13,65,33,5,3,119,8,127
1119008,7,57,61,16,4,145,6,151
1119009,22,98,35,23,6,184,11,195
1119010,12,60,68,24,9,173,4,177
1119011,9,51,37,13,3,113,5,118
1119012,18,59,54,17,4,152,11,163
1119013,74,140,70,10,4,298,21,319
1119014,3,49,40,9,6,107,0,107
1119015,10,76,65,12,0,163,8,171
1119016,9,58,40,10,0,117,6,123
1119017,22,74,40,5,8,149,11,160
1119018,0,44,58,32,10,144,7,151
1119019,0,4,22,16,4,46,4,50
1119020,0,23,32,16,8,79,3,82
1119021,10,60,76,30,20,196,6,202
1119022,0,35,51,23,22,131,3,134
1119023,11,36,36,12,4,99,3,102
1119024,9,40,27,8,7,91,6,97
1119025,3,18,26,24,10,81,4,85
1119101,19,70,56,21,4,170,5,175
1119102,0,16,58,28,17,119,3,122
1119103,0,29,51,25,8,113,3,116
1119104,7,29,40,5,0,81,0,81
1119105,0,17,48,21,9,95,3,98
1119106,9,65,90,23,4,191,3,194
1119107,16,74,45,5,8,148,3,151
1119108,10,58,36,10,3,117,10,127
1119109,33,48,34,8,3,126,4,130
1119110,22,75,42,21,3,163,11,174
1119111,35,102,56,25,7,225,6,231
1119112,23,79,59,14,0,175,8,183
1119113,9,80,71,21,10,191,3,194
1119114,28,111,86,19,0,244,7,251
1119115,4,24,13,4,3,48,0,48
1119116,0,20,35,8,10,73,0,73
1119117,5,31,64,30,27,157,0,157
1119118,30,86,62,23,4,205,8,213
1119119,30,81,61,21,0,193,10,203
1119120,17,62,57,10,4,150,8,158
1119121,12,40,50,15,0,117,3,120
1119122,3,22,76,24,10,135,3,138
1119123,62,100,47,8,3,220,16,236
1119124,22,72,52,7,12,165,8,173
1119125,19,114,74,8,14,229,8,237
1119126,7,30,28,9,5,79,7,86
1119127,18,69,57,9,5,158,11,169
1119128,29,51,30,10,0,120,9,129
1119201,5,46,31,13,11,106,3,109
1119202,0,43,24,10,3,80,4,84
1119203,11,44,25,5,0,85,10,95
1119204,6,38,28,13,0,85,3,88
1119205,6,50,54,16,11,137,7,144
1119206,13,62,47,16,4,142,5,147
1119207,4,37,56,26,11,134,5,139
1119208,0,44,54,27,13,138,9,147
1119209,0,19,30,12,13,74,5,79
1119210,3,33,65,24,22,147,3,150
1119211,4,31,57,21,17,130,5,135
1119212,34,44,51,23,17,169,3,172
1119213,3,33,48,15,11,110,3,113
1119214,0,22,30,9,11,72,5,77
1119215,6,62,84,40,30,222,9,231
1119301,9,63,39,13,4,128,4,132
1119302,3,20,63,23,7,116,3,119
1119303,3,17,32,9,7,68,0,68
1119304,0,31,50,22,17,120,3,123
1119305,0,5,17,19,3,44,0,44
1119306,0,30,48,28,6,112,4,116
1119307,0,21,38,23,19,101,5,106
1119308,0,18,34,28,12,92,4,96
1119309,4,20,49,32,17,122,0,122
1119310,0,15,39,23,16,93,5,98
1119311,3,24,31,11,9,78,3,81
1119312,0,28,21,24,11,84,0,84
1119313,4,32,38,14,8,96,3,99
1119314,6,57,36,18,9,126,0,126
1119315,8,52,33,20,4,117,9,126
1119316,26,107,64,21,7,225,13,238
1119317,6,51,35,17,5,114,8,122
1119318,12,40,36,7,4,99,3,102
1119319,31,81,33,10,0,155,7,162
1119320,3,51,29,4,4,91,0,91
1119401,4,21,26,4,3,58,3,61
1119402,20,75,39,17,3,154,9,163
1119403,16,70,50,18,11,165,3,168
1119404,22,80,43,11,0,156,8,164
1119405,20,39,30,10,4,103,6,109
1119406,12,80,42,11,7,152,3,155
1119407,4,37,61,17,11,130,12,142
1119408,3,47,61,15,15,141,3,144
1119409,0,23,35,16,9,83,0,83
1119410,4,43,32,6,4,89,0,89
1119411,7,16,36,9,9,77,4,81
1119412,3,52,56,19,16,146,6,152
1119413,6,28,28,4,5,71,0,71
1119414,4,18,58,16,16,112,5,117
1119415,9,47,31,8,9,104,10,114
1119416,6,36,21,11,5,79,0,79
1119417,5,46,38,6,7,102,3,105
1119418,0,28,57,31,16,132,3,135
1119419,0,25,43,29,15,112,3,115
1119420,3,22,20,6,4,55,0,55
1119421,29,11,0,0,0,40,0,40
1119422,19,81,37,17,7,161,4,165
1119423,8,33,29,11,5,86,3,89
1119424,10,36,22,6,3,77,7,84
1119501,3,3,5,3,3,17,0,17
1119502,9,49,32,9,0,99,9,108
1119503,54,49,29,3,3,138,13,151
1119504,24,102,69,21,3,219,9,228
1119505,5,41,57,11,4,118,6,124
1119506,20,51,47,8,8,134,7,141
1119507,6,37,47,9,4,103,4,107
1119508,38,79,51,18,6,192,8,200
1119509,32,35,33,6,4,110,6,116
1119510,0,35,91,25,10,161,5,166
1119511,3,45,59,18,12,137,3,140
1119512,8,9,6,0,0,23,0,23
1119513,12,50,43,20,14,139,6,145
1119514,7,51,54,9,3,124,9,133
1119515,3,32,41,12,3,91,6,97
1119516,14,64,45,9,7,139,5,144
1119517,25,52,30,15,3,125,12,137
1119518,19,30,25,3,3,80,5,85
1119519,18,78,38,13,7,154,21,175
1119520,41,66,30,9,0,146,9,155
1119521,32,34,13,3,3,85,7,92
1119522,0,14,48,19,19,100,4,104
1119523,4,22,46,16,18,106,4,110
1119524,0,0,0,0,0,0,0,0
1119525,0,0,0,0,0,0,0,0
1119601,7,28,50,6,9,100,5,105
1119602,0,11,18,6,10,45,0,45
1119603,0,8,29,10,11,58,0,58
1119604,3,17,45,17,14,96,6,102
1119605,9,51,73,38,31,202,8,210
1119606,3,21,54,30,14,122,4,126
1119607,21,13,3,3,4,44,5,49
1119608,17,47,36,4,4,108,8,116
1119609,10,28,16,3,4,61,5,66
1119610,3,7,17,9,5,41,4,45
1119611,0,15,19,18,10,62,6,68
1119612,6,38,57,39,15,155,6,161
1119613,3,8,36,18,12,77,0,77
1119614,20,71,55,12,6,164,19,183
1119615,0,18,48,21,6,93,3,96
1119616,3,33,54,17,12,119,3,122
1119617,3,26,47,8,20,104,6,110
1119618,6,52,81,37,32,208,6,214
1119701,12,42,32,9,3,98,3,101
1119702,28,49,27,11,0,115,6,121
1119703,4,39,36,19,3,101,5,106
1119704,10,18,40,14,0,82,3,85
1119705,5,40,58,20,9,132,3,135
1119706,21,49,52,13,5,140,6,146
1119707,16,49,37,14,6,122,3,125
1119708,24,65,36,15,7,147,7,154
1119709,4,35,44,21,4,108,3,111
1119710,19,41,36,13,0,109,6,115
1119711,5,38,34,16,12,105,7,112
1119712,7,35,21,14,10,87,6,93
1119713,7,47,47,16,0,117,9,126
1119714,18,58,50,8,3,137,8,145
1119715,3,50,52,10,7,122,3,125
1119716,0,3,3,0,3,9,0,9
1119717,14,42,54,14,5,129,6,135
1119718,0,29,26,8,5,68,3,71
1119719,12,44,33,16,4,109,7,116
1119720,4,35,33,10,0,82,9,91
1119721,0,29,78,47,27,181,4,185
1119722,0,27,65,24,28,144,6,150
1119801,17,57,57,19,12,162,11,173
1119802,7,29,26,11,6,79,0,79
1119803,0,25,61,43,19,148,6,154
1119804,3,29,62,24,16,134,3,137
1119805,6,8,32,14,8,68,4,72
1119806,0,20,45,20,7,92,3,95
1119807,0,10,27,20,8,65,0,65
1119808,0,43,72,45,26,186,12,198
1119809,0,14,37,24,16,91,0,91
1119810,0,16,24,9,8,57,4,61
1119811,0,27,60,30,24,141,10,151
1119812,7,54,40,17,12,130,8,138
1119813,20,74,77,20,12,203,0,203
1119814,28,69,29,15,10,151,6,157
1119901,20,85,55,18,0,178,3,181
1119902,20,77,48,12,3,160,0,160
1119903,35,76,46,12,0,169,4,173
1119904,11,54,42,15,0,122,6,128
1119905,33,83,52,19,7,194,3,197
1119906,23,69,62,10,5,169,6,175
1119907,8,56,91,28,5,188,8,196
1119908,11,69,65,19,6,170,7,177
1119909,10,36,29,5,4,84,9,93
1119910,3,16,25,19,12,75,0,75
1119911,4,11,19,16,4,54,0,54
1119912,0,23,65,46,22,156,0,156
1119913,27,63,46,12,7,155,4,159
1119914,21,44,44,10,4,123,11,134
1119915,7,73,113,28,10,231,7,238
1119916,22,105,79,25,3,234,10,244
1119917,10,39,44,9,4,106,6,112
1119918,4,67,81,17,7,176,0,176
1119919,14,53,44,22,11,144,6,150
1119920,0,3,29,10,3,45,3,48
1119921,50,116,70,23,11,270,19,289
1120001,10,63,77,28,16,194,7,201
1120002,10,62,39,27,7,145,8,153
1120003,11,60,62,15,10,158,13,171
1120004,6,25,22,4,3,60,9,69
1120005,3,11,32,17,17,80,0,80
1120006,3,26,48,29,26,132,4,136
1120007,0,20,54,24,11,109,0,109
1120008,0,14,40,22,10,86,0,86
1120009,0,12,47,13,13,85,0,85
1120010,0,19,43,23,30,115,4,119
1120011,0,13,32,16,14,75,0,75
1120012,12,56,78,27,16,189,7,196
1120013,0,23,56,19,13,111,0,111
1120101,21,112,73,18,6,230,4,234
1120102,6,40,31,5,3,85,4,89
1120103,20,75,48,5,5,153,5,158
1120104,15,59,33,10,9,126,3,129
1120105,13,65,58,13,8,157,5,162
1120106,18,96,73,13,5,205,6,211
1120107,4,48,32,16,5,105,8,113
1120108,23,71,41,9,4,148,4,152
1120109,19,46,28,3,4,100,4,104
1120110,7,49,51,11,8,126,9,135
1120111,11,54,50,16,7,138,9,147
1120112,3,32,31,15,8,89,4,93
1120113,6,31,55,27,7,126,7,133
1120114,3,20,51,18,11,103,0,103
1120115,3,32,65,39,25,164,4,168
1120116,5,34,85,35,24,183,3,186
1120117,12,57,50,31,10,160,4,164
1120118,4,14,39,15,11,83,0,83
1120119,7,33,27,34,13,114,0,114
1120120,3,21,25,8,15,72,0,72
1120121,5,38,62,32,18,155,3,158
1120122,8,18,4,0,0,30,0,30
1120201,4,65,97,28,11,205,8,213
1120202,0,9,31,23,14,77,0,77
1120203,3,59,67,16,10,155,3,158
1120204,3,71,153,44,20,291,4,295
1120205,6,62,95,18,6,187,4,191
1120206,3,47,58,18,3,129,0,129
1120207,9,107,98,30,5,249,3,252
1120208,0,21,47,26,11,105,0,105
1120209,0,38,84,43,24,189,4,193
1120210,3,21,35,16,9,84,3,87
1120211,0,0,3,0,0,3,0,3
1120212,5,41,85,11,8,150,3,153
1120213,3,27,48,12,3,93,0,93
1120214,0,41,97,25,12,175,3,178
1120215,4,40,30,18,5,97,3,100
1120216,0,21,37,6,16,80,0,80
1120217,3,27,38,6,3,77,0,77
1120218,23,54,43,14,3,137,13,150
1120219,6,56,51,14,4,131,3,134
1120220,0,35,70,28,13,146,3,149
1120221,5,34,28,9,6,82,0,82
1120222,3,45,37,8,0,93,3,96
1120223,3,51,80,21,7,162,6,168
1120224,17,51,27,4,0,99,3,102
1120225,54,111,41,11,7,224,11,235
1120226,23,60,34,17,0,134,3,137
1120227,24,85,65,15,3,192,0,192
1120228,12,59,20,14,0,105,5,110
1120229,0,0,0,0,0,0,0,0
1120230,14,75,38,11,3,141,4,145
1120231,33,118,53,17,3,224,16,240
1120232,59,72,22,8,6,167,27,194
1120233,17,28,16,0,4,65,6,71
1120234,3,32,45,15,3,98,14,112
1120235,31,86,48,19,7,191,12,203
1120236,27,77,30,5,0,139,12,151
1120237,32,93,46,8,5,184,15,199
1120238,22,47,22,5,3,99,5,104
1120239,9,81,51,13,4,158,9,167
1120240,23,68,53,20,6,170,5,175
1120241,20,77,66,14,7,184,10,194
1120242,14,51,36,10,0,111,6,117
1120243,4,68,60,18,0,150,6,156
1120244,16,72,61,14,7,170,9,179
1120245,4,39,56,25,8,132,4,136
1120246,0,38,61,20,4,123,6,129
1120247,0,20,35,17,3,75,0,75
1120248,7,49,81,17,8,162,5,167
1120249,3,35,39,13,3,93,0,93
1120250,3,65,67,17,5,157,0,157
1120251,18,82,50,10,7,167,10,177
1120252,6,46,46,9,3,110,3,113
1120253,9,59,56,8,3,135,5,140
1120301,16,79,49,8,3,155,11,166
1120302,39,82,48,6,3,178,10,188
1120303,20,66,34,5,3,128,3,131
1120304,16,46,28,6,0,96,12,108
1120305,33,56,45,13,0,147,12,159
1120306,36,61,50,14,6,167,12,179
1120307,24,57,39,11,4,135,7,142
1120308,8,73,46,9,3,139,5,144
1120309,13,64,48,21,11,157,3,160
1120310,7,76,35,5,0,123,7,130
1120311,10,37,8,3,0,58,14,72
1120312,6,41,39,10,3,99,6,105
1120313,21,61,30,9,5,126,0,126
1120314,17,77,82,19,0,195,10,205
1120315,5,57,65,17,4,148,0,148
1120316,5,33,71,19,3,131,3,134
1120317,7,38,49,13,8,115,0,115
1120318,13,68,65,15,8,169,4,173
1120319,24,83,68,14,0,189,8,197
1120320,22,97,62,17,9,207,6,213
1120321,9,58,57,3,0,127,3,130
1120322,5,76,106,18,8,213,3,216
1120323,35,76,30,3,7,151,12,163
1120324,4,83,69,14,6,176,10,186
1120325,16,107,142,18,5,288,12,300
1120326,3,50,72,15,12,152,7,159
1120327,12,56,62,23,3,156,4,160
1120328,6,34,60,22,3,125,0,125
1120329,0,23,98,28,13,162,3,165
1120330,4,32,58,28,23,145,0,145
1120331,0,6,9,0,0,15,0,15
1120332,0,3,0,0,0,3,0,3
1120333,6,54,49,12,3,124,6,130
1120334,5,43,29,11,3,91,5,96
1120335,6,56,77,23,6,168,6,174
1120336,0,42,24,7,7,80,0,80
1120401,3,3,0,3,3,12,0,12
1120402,0,19,32,17,17,85,0,85
1120403,7,38,50,14,9,118,0,118
1120404,14,51,40,7,0,112,0,112
1120405,37,59,25,0,4,125,15,140
1120406,31,66,17,0,0,114,8,122
1120407,9,75,101,27,12,224,3,227
1120408,4,64,74,12,7,161,3,164
1120409,3,48,57,19,4,131,3,134
1120410,29,65,34,4,0,132,7,139
1120411,35,75,39,8,0,157,14,171
1120412,31,92,56,13,3,195,13,208
1120413,13,60,53,10,3,139,7,146
1120501,0,6,17,9,7,39,0,39
1120502,0,17,24,11,10,62,0,62
1120503,3,15,25,15,7,65,0,65
1120504,0,18,28,19,5,70,0,70
1120505,4,11,26,17,18,76,0,76
1120506,4,42,92,39,26,203,7,210
1120507,3,18,72,41,20,154,3,157
1120508,3,18,32,20,15,88,3,91
1120509,4,22,23,16,13,78,3,81
1120510,4,22,32,22,5,85,0,85
1120511,3,13,31,15,11,73,3,76
1120512,9,65,192,65,31,362,5,367
1120513,0,19,57,19,21,116,0,116
1120514,6,52,97,59,25,239,3,242
1120515,3,31,40,28,13,115,4,119
1120516,3,35,43,16,15,112,5,117
1120517,7,29,50,43,13,142,6,148
1120518,3,42,57,22,7,131,4,135
1120519,0,22,35,20,4,81,3,84
1120520,3,9,24,7,8,51,0,51
1120521,3,8,33,10,3,57,5,62
1120522,20,71,33,7,0,131,8,139
1120523,21,82,40,10,5,158,9,167
1120524,8,62,35,7,4,116,7,123
1120525,13,44,29,12,3,101,8,109
1120526,23,62,48,9,3,145,9,154
1120527,0,14,63,23,23,123,3,126
1120528,0,31,55,33,16,135,3,138
1120529,7,48,76,34,28,193,4,197
1120530,8,33,15,11,4,71,5,76
1120531,14,60,43,19,4,140,10,150
1120532,16,73,66,10,4,169,3,172
1120533,18,62,53,9,3,145,9,154
1120534,10,65,33,13,6,127,9,136
1120535,10,37,26,11,8,92,0,92
1120536,18,50,47,12,3,130,0,130
1120537,7,43,51,20,11,132,4,136
1120538,3,37,80,40,27,187,5,192
1120539,0,10,30,19,14,73,0,73
1120540,0,9,21,13,4,47,3,50
1120541,3,36,42,17,11,109,5,114
1120542,0,21,60,42,12,135,3,138
1120543,4,26,49,29,18,126,6,132
1120544,3,19,64,26,22,134,0,134
1120545,3,40,60,17,3,123,0,123
1120546,4,40,42,19,9,114,5,119
1120547,4,46,63,13,10,136,4,140
1120548,7,57,49,14,10,137,4,141
1120549,3,35,49,7,3,97,3,100
1120550,14,77,69,20,3,183,9,192
1120551,0,9,26,20,5,60,0,60
1120552,0,12,61,35,19,127,3,130
1120601,8,42,17,4,6,77,0,77
1120602,3,12,50,16,14,95,3,98
1120603,3,22,46,15,4,90,4,94
1120604,3,20,49,25,12,109,3,112
1120605,16,67,49,13,9,154,5,159
1120606,46,118,50,8,4,226,18,244
1120607,0,0,0,0,0,0,0,0
1120608,16,55,43,4,0,118,8,126
1120609,27,57,53,15,9,161,8,169
1120610,4,60,94,33,12,203,7,210
1120611,6,45,64,23,12,150,3,153
1120612,3,36,96,28,19,182,4,186
1120613,9,41,47,9,4,110,6,116
1120614,0,31,41,19,9,100,4,104
1120615,7,62,91,29,12,201,4,205
1120616,0,29,60,19,11,119,0,119
1120617,4,29,32,20,7,92,0,92
1120618,3,40,62,16,11,132,4,136
1120619,8,46,76,31,11,172,4,176
1120620,4,38,74,25,19,160,5,165
1120621,0,27,77,29,15,148,0,148
1120622,4,46,63,16,6,135,4,139
1120623,29,66,84,18,19,216,13,229
1120624,3,24,64,23,8,122,0,122
1120625,0,33,52,19,13,117,0,117
1120626,0,53,82,42,9,186,5,191
1120627,10,56,77,39,14,196,5,201
1120628,11,55,55,17,9,147,3,150
1120629,44,112,36,5,3,200,7,207
1120630,29,62,33,12,3,139,8,147
1120631,35,77,33,16,4,165,7,172
1120632,10,45,52,11,3,121,3,124
1120633,54,111,41,12,5,223,18,241
1120634,17,89,78,14,10,208,4,212
1120635,31,46,22,8,4,111,10,121
1120636,31,47,29,16,3,126,8,134
1120637,14,68,51,10,7,150,5,155
1120638,10,74,88,21,14,207,7,214
1120639,48,90,39,12,10,199,14,213
1120640,3,44,91,25,10,173,3,176
1120641,0,28,71,31,8,138,0,138
1120642,21,72,33,14,4,144,5,149
1120701,10,78,56,14,5,163,5,168
1120702,9,48,76,25,3,161,5,166
1120703,3,66,67,15,4,155,7,162
1120704,7,28,37,7,0,79,3,82
1120705,10,49,63,28,10,160,8,168
1120706,23,65,33,8,4,133,7,140
1120707,42,103,46,12,0,203,12,215
1120708,11,71,67,11,12,172,11,183
1120709,29,67,53,20,4,173,8,181
1120710,0,0,0,0,0,0,0,0
1120711,5,56,54,12,8,135,5,140
1120712,66,145,38,14,5,268,8,276
1120713,13,42,48,7,5,115,0,115
1120714,0,0,0,0,0,0,0,0
1120715,20,102,88,19,5,234,8,242
1120716,8,59,27,11,5,110,6,116
1120801,16,60,67,9,4,156,4,160
1120802,9,60,43,9,4,125,4,129
1120803,18,41,38,10,4,111,0,111
1120804,4,36,31,10,9,90,0,90
1120805,10,60,69,9,20,168,3,171
1120806,0,44,46,9,4,103,3,106
1120807,3,47,58,27,9,144,3,147
1120808,0,16,56,36,18,126,0,126
1120809,7,42,45,7,5,106,4,110
1120810,8,48,62,12,5,135,0,135
1120811,7,35,62,19,8,131,4,135
1120812,6,36,52,18,5,117,5,122
1120813,25,56,39,10,0,130,9,139
1120814,6,50,78,22,12,168,3,171
1120815,12,65,62,13,4,156,3,159
1120816,0,50,54,11,8,123,8,131
1120817,12,66,86,13,11,188,0,188
1120818,6,81,56,9,3,155,5,160
1120819,17,84,59,9,4,173,6,179
1120820,17,79,47,12,4,159,0,159
1120821,22,54,62,12,3,153,8,161
1120822,6,58,83,14,8,169,3,172
1120823,0,0,0,0,0,0,0,0
1120824,6,32,29,4,3,74,0,74
1120825,9,57,50,14,7,137,3,140
1120826,3,63,93,20,7,186,4,190
1120827,7,66,95,19,8,195,4,199
1120828,8,49,68,21,6,152,0,152
1120829,3,24,62,9,3,101,3,104
1120830,3,36,42,18,3,102,3,105
1120831,4,35,50,21,4,114,6,120
1120832,0,15,40,13,14,82,0,82
1120833,5,16,46,16,7,90,0,90
1120834,11,21,57,11,8,108,0,108
1120835,11,80,52,15,4,162,7,169
1120836,27,76,53,14,4,174,5,179
1120837,30,67,41,8,4,150,3,153
1120838,8,48,47,4,6,113,3,116
1120839,16,60,50,14,4,144,4,148
1120840,9,60,66,26,9,170,4,174
1120841,5,56,81,16,11,169,0,169
1120842,12,45,47,4,6,114,6,120
1120843,42,73,25,9,3,152,5,157
1120844,27,70,21,9,0,127,5,132
1120845,0,41,47,29,8,125,3,128
1120846,4,19,87,11,8,129,4,133
1120847,3,33,44,9,6,95,0,95
1120848,7,48,60,9,7,131,3,134
1120849,8,44,88,16,0,156,3,159
1120850,5,30,43,13,4,95,0,95
1120851,15,45,34,9,4,107,3,110
1120852,19,70,59,4,0,152,4,156
1120853,0,25,53,30,3,111,0,111
1120854,0,35,49,9,3,96,0,96
1120855,27,99,91,12,8,237,9,246
1120856,7,34,40,21,7,109,3,112
1120857,10,40,47,17,7,121,0,121
1120858,13,63,50,16,6,148,6,154
1120859,12,87,69,11,11,190,8,198
1120860,25,81,65,25,6,202,8,210
1120861,11,51,35,13,3,113,6,119
1120862,34,82,41,12,4,173,8,181
1120863,26,88,52,6,3,175,5,180
1120864,4,33,58,20,8,123,9,132
1120865,3,3,0,0,0,6,0,6
1120866,4,39,34,9,6,92,0,92
1120901,4,58,68,8,3,141,3,144
1120902,0,0,0,0,0,0,0,0
1120903,3,39,31,16,15,104,3,107
1120904,6,38,48,15,9,116,4,120
1120905,29,84,58,14,10,195,7,202
1120906,24,74,70,22,3,193,10,203
1120907,31,73,54,20,6,184,8,192
1120908,26,67,31,11,4,139,7,146
1120909,25,57,38,13,4,137,3,140
1120910,11,47,46,10,9,123,3,126
1120911,10,22,45,17,5,99,3,102
1120912,3,23,44,18,3,91,3,94
1120913,5,46,81,23,15,170,0,170
1120914,7,38,90,30,14,179,4,183
1120915,0,38,86,32,23,179,7,186
1120916,7,78,60,18,4,167,0,167
1120917,3,41,82,35,10,171,0,171
1120918,10,58,86,23,7,184,9,193
1120919,3,23,60,15,14,115,4,119
1120920,0,31,59,26,11,127,3,130
1120921,3,75,88,27,9,202,3,205
1120922,10,69,64,19,15,177,9,186
1120923,3,24,77,20,16,140,4,144
1120924,4,74,57,20,11,166,0,166
1120925,24,82,60,12,8,186,6,192
1120926,26,70,60,7,4,167,11,178
1120927,12,52,61,23,7,155,0,155
1120928,4,66,81,27,14,192,5,197
1120929,3,29,46,13,3,94,4,98
1120930,4,28,50,17,14,113,3,116
1120931,9,80,56,13,8,166,0,166
1120932,16,90,75,17,11,209,8,217
1120933,39,93,42,12,8,194,18,212
1120934,23,89,51,12,4,179,0,179
1120935,11,61,44,18,8,142,3,145
1120936,13,61,59,12,5,150,7,157
1120937,0,0,0,0,0,0,0,0
1120938,0,0,0,0,0,0,0,0
1120939,0,27,88,15,14,144,0,144
1120940,21,59,49,17,10,156,3,159
1120941,3,23,69,21,8,124,4,128
1120942,4,36,59,22,5,126,3,129
1120943,8,39,68,27,7,149,4,153
1120944,0,36,65,29,19,149,3,152
1120945,0,28,81,23,10,142,0,142
1120946,0,29,71,30,14,144,0,144
1120947,3,42,80,22,11,158,3,161
1120948,9,59,67,25,6,166,3,169
1120949,3,56,42,15,6,122,4,126
1120950,16,82,66,21,4,189,0,189
1120951,18,56,32,10,4,120,6,126
1120952,0,54,74,24,4,156,0,156
1120953,4,51,78,21,16,170,3,173
1120954,6,76,71,34,12,199,7,206
1120955,4,35,79,20,14,152,3,155
1120956,0,42,68,27,13,150,3,153
1121001,26,42,4,0,0,72,5,77
1121002,3,15,41,9,3,71,0,71
1121003,4,37,58,20,14,133,0,133
1121004,0,35,48,12,7,102,5,107
1121005,3,47,54,19,6,129,4,133
1121006,21,70,55,23,4,173,10,183
1121007,23,94,81,24,10,232,10,242
1121008,0,59,62,33,14,168,3,171
1121009,32,130,120,28,18,328,13,341
1121010,4,30,6,0,3,43,4,47
1121011,14,47,26,9,4,100,0,100
1121012,36,49,27,4,3,119,8,127
1121013,40,83,32,12,3,170,17,187
1121014,10,68,33,9,4,124,6,130
1121015,20,21,32,23,13,109,4,113
1121016,3,35,58,18,7,121,3,124
1121017,0,15,66,15,4,100,0,100
1121018,79,90,33,15,6,223,20,243
1121019,28,49,20,8,0,105,13,118
1121020,67,78,35,7,3,190,13,203
1121021,38,89,27,4,0,158,12,170
1121022,31,58,26,11,3,129,12,141
1121101,8,37,30,13,6,94,3,97
1121102,3,15,34,14,18,84,4,88
1121103,44,194,43,5,3,289,18,307
1121104,0,25,60,20,7,112,0,112
1121105,7,33,38,16,8,102,0,102
1121106,19,29,58,20,4,130,6,136
1121107,9,47,54,7,4,121,7,128
1121108,8,55,100,24,12,199,4,203
1121109,0,0,5,0,0,5,0,5
1121110,0,40,74,32,8,154,0,154
1121201,3,14,76,23,11,127,3,130
1121202,6,36,58,13,13,126,4,130
1121203,4,17,37,10,8,76,6,82
1121204,14,99,64,29,9,215,11,226
1121205,9,64,46,13,3,135,6,141
1121206,9,82,51,15,10,167,9,176
1121207,35,96,53,15,8,207,16,223
1121208,3,39,59,18,9,128,3,131
1121209,8,40,67,13,12,140,0,140
1121210,3,34,34,9,5,85,6,91
1121211,15,68,48,8,3,142,11,153
1121212,3,23,78,34,17,155,3,158
1121213,5,19,20,11,9,64,0,64
1121214,5,62,64,15,7,153,6,159
1121215,17,65,54,18,5,159,3,162
1121216,63,123,23,8,6,223,10,233
1121217,9,76,48,18,11,162,7,169
1121218,73,119,11,3,3,209,17,226
1121219,6,26,42,13,3,90,6,96
1121220,0,0,0,0,0,0,0,0
1121221,6,53,46,5,9,119,7,126
1121222,9,47,76,16,12,160,3,163
1121223,13,60,45,18,4,140,5,145
1121224,6,72,111,20,15,224,4,228
1121225,22,96,77,23,7,225,3,228
1121226,21,49,42,11,3,126,0,126
1121227,4,69,98,29,11,211,6,217
1121301,0,0,0,0,0,0,0,0
1121302,0,0,0,0,0,0,0,0
1121303,0,63,96,22,12,193,3,196
1121304,4,33,76,17,10,140,0,140
1121305,0,29,82,29,18,158,0,158
1121306,4,59,71,19,6,159,0,159
1121307,0,60,90,26,17,193,0,193
1121308,9,57,80,29,18,193,6,199
1121309,3,13,34,16,4,70,3,73
1121310,3,32,64,29,19,147,3,150
1121311,0,52,87,23,5,167,3,170
1121312,4,58,74,21,10,167,5,172
1121313,0,31,51,19,0,101,3,104
1121314,8,39,61,36,13,157,4,161
1121315,3,27,94,22,10,156,3,159
1121316,0,14,33,5,9,61,0,61
1121317,0,31,66,29,13,139,4,143
1121318,0,20,66,31,13,130,3,133
1121319,3,39,79,18,6,145,3,148
1121320,3,29,39,17,3,91,0,91
1121321,4,31,78,11,16,140,3,143
1121322,0,34,79,43,19,175,3,178
1121323,0,36,113,18,13,180,3,183
1121324,3,51,94,28,11,187,5,192
1121325,3,37,107,27,11,185,3,188
1121326,11,54,73,32,5,175,3,178
1121327,6,55,72,28,7,168,3,171
1121328,0,23,43,20,10,96,5,101
1121329,12,63,35,14,9,133,10,143
1121330,0,40,66,21,10,137,3,140
1121401,7,66,77,16,10,176,11,187
1121402,4,37,65,16,11,133,3,136
1121403,8,72,89,32,14,215,5,220
1121404,13,66,73,20,7,179,0,179
1121405,0,0,0,0,0,0,0,0
1121406,0,13,79,41,23,156,0,156
1121407,22,68,55,22,5,172,11,183
1121408,5,34,49,12,5,105,3,108
1121409,11,38,37,11,6,103,3,106
1121410,21,140,71,26,7,265,5,270
1121411,0,31,49,22,16,118,0,118
1121412,3,36,26,6,3,74,0,74
1121413,0,29,59,31,11,130,3,133
1121414,17,119,85,18,11,250,7,257
1121415,22,93,64,30,12,221,10,231
1121416,8,50,56,21,4,139,5,144
1121417,17,101,41,15,4,178,8,186
1121418,0,0,0,0,0,0,0,0
1121419,29,57,52,14,3,155,7,162
1121420,0,3,0,0,3,6,0,6
1121421,12,79,68,17,3,179,4,183
1121422,17,95,61,17,11,201,3,204
1121423,8,37,47,17,11,120,10,130
1121424,15,63,31,12,3,124,5,129
1121425,5,39,45,17,8,114,7,121
1121426,9,46,60,22,9,146,0,146
1121427,13,91,66,16,9,195,5,200
1121428,11,84,70,24,5,194,7,201
1121429,0,20,48,25,7,100,3,103
1121430,9,52,53,19,12,145,8,153
1121431,7,42,48,6,3,106,5,111
1121432,8,77,91,23,12,211,0,211
1121433,6,35,59,16,13,129,3,132
1121434,14,46,45,15,0,120,0,120
1121501,11,28,27,12,8,86,0,86
1121502,6,31,56,16,11,120,11,131
1121503,18,98,50,9,3,178,3,181
1121504,3,24,50,6,15,98,3,101
1121505,5,68,60,21,14,168,20,188
1121506,8,52,64,15,6,145,0,145
1121507,12,74,66,17,4,173,10,183
1121508,19,76,37,9,7,148,5,153
1121509,15,60,52,25,11,163,3,166
1121510,28,60,47,8,3,146,3,149
1121511,4,32,64,20,15,135,3,138
1121512,3,20,47,9,8,87,0,87
1121513,3,49,65,24,13,154,8,162
1121514,4,40,20,7,6,77,4,81
1121515,0,0,0,0,0,0,0,0
1121516,35,89,57,14,6,201,4,205
1121517,23,58,24,12,4,121,0,121
1121518,18,69,38,18,5,148,3,151
1121519,25,75,37,18,4,159,3,162
1121520,9,35,31,7,16,98,3,101
1121521,0,7,10,0,0,17,0,17
1121522,14,62,50,33,8,167,6,173
1121523,0,0,0,0,0,0,0,0
1121524,3,58,57,21,10,149,0,149
1121525,6,39,54,15,9,123,3,126
1121601,5,43,66,14,4,132,5,137
1121602,3,41,61,13,10,128,6,134
1121603,9,106,101,43,18,277,7,284
1121604,6,48,71,21,13,159,7,166
1121605,4,43,31,12,3,93,3,96
1121606,9,71,61,15,8,164,7,171
1121607,7,103,77,33,3,223,14,237
1121608,6,99,72,25,9,211,4,215
1121609,7,60,78,26,16,187,3,190
1121610,6,56,50,25,4,141,3,144
1121611,3,32,41,10,4,90,4,94
1121612,7,61,103,37,16,224,3,227
1121613,4,61,44,17,4,130,6,136
1121614,3,58,50,11,7,129,8,137
1121615,10,81,85,20,9,205,9,214
1121616,13,69,65,18,15,180,5,185
1121617,4,96,118,22,8,248,4,252
1121701,62,84,6,0,0,152,6,158
1121702,0,16,57,26,10,109,0,109
1121703,6,27,42,14,0,89,0,89
1121704,0,32,72,21,23,148,3,151
1121705,24,76,78,12,7,197,5,202
1121706,5,43,71,14,11,144,3,147
1121707,44,67,31,8,0,150,14,164
1121708,18,51,50,11,8,138,3,141
1121709,0,29,48,19,14,110,0,110
1121710,3,44,39,3,5,94,4,98
1121711,4,48,89,29,10,180,4,184
1121712,4,43,59,14,7,127,3,130
1121713,3,30,33,6,6,78,3,81
1121714,0,31,66,17,16,130,3,133
1121715,0,4,12,4,0,20,0,20
1121716,3,18,70,16,8,115,5,120
1121717,5,37,140,50,12,244,6,250
1121718,0,0,0,0,0,0,0,0
1121719,10,63,55,16,5,149,5,154
1121720,8,31,25,7,0,71,0,71
1121721,22,78,78,29,9,216,8,224
1121722,7,55,68,28,9,167,4,171
1121723,7,50,77,35,18,187,5,192
1121724,0,23,54,25,13,115,0,115
1121725,0,27,92,22,14,155,4,159
1121726,0,3,12,7,3,25,0,25
1121727,0,0,0,0,0,0,0,0
1121728,0,17,91,20,3,131,0,131
1121729,4,30,74,24,6,138,0,138
1121730,0,31,50,18,9,108,5,113
1121731,0,32,77,29,14,152,4,156
1121801,3,39,50,17,10,119,0,119
1121802,4,27,25,10,6,72,3,75
1121803,0,21,32,20,16,89,4,93
1121804,0,0,0,0,3,3,0,3
1121805,4,15,32,19,8,78,3,81
1121806,0,0,0,0,0,0,0,0
1121807,11,26,19,11,0,67,8,75
1121808,3,28,27,8,3,69,3,72
1121809,11,47,42,13,16,129,9,138
1121810,3,8,36,21,11,79,0,79
1121811,4,53,55,28,6,146,5,151
1121812,17,113,105,17,11,263,12,275
1121813,4,18,28,8,11,69,0,69
1121814,13,69,68,29,8,187,4,191
1121815,3,28,30,21,7,89,6,95
1121816,3,30,45,25,17,120,3,123
1121817,0,0,0,0,0,0,0,0
1121818,31,54,33,10,12,140,12,152
1121819,12,52,36,13,6,119,3,122
1121820,5,24,37,16,11,93,3,96
1121821,0,22,35,16,12,85,0,85
1121822,14,91,62,31,20,218,4,222
1121823,8,42,39,12,5,106,3,109
1121824,0,10,10,6,0,26,0,26
1121825,0,26,60,22,18,126,0,126
1121826,12,40,44,27,16,139,7,146
1121827,37,94,15,12,6,164,8,172
1121828,4,34,48,27,8,121,3,124
1121829,14,42,10,4,4,74,4,78
1121830,26,166,13,0,0,205,9,214
1121831,21,124,35,12,4,196,8,204
1121832,26,64,9,0,0,99,8,107
1121833,3,43,39,15,12,112,3,115
1121834,6,89,77,21,14,207,6,213
1121835,20,54,35,19,17,145,0,145
1121836,7,38,42,12,8,107,4,111
1121837,3,53,79,19,12,166,3,169
1121838,0,11,11,4,4,30,0,30
1121839,3,34,36,10,3,86,6,92
1121840,0,17,48,35,13,113,0,113
1121841,4,23,37,16,16,96,5,101
1121842,18,132,45,14,6,215,9,224
1121843,0,26,15,8,8,57,3,60
1121901,17,58,41,10,0,126,7,133
1121902,25,55,44,6,3,133,0,133
1121903,16,50,49,13,9,137,3,140
1121904,21,58,49,14,7,149,6,155
1121905,6,36,29,5,4,80,5,85
1121906,8,36,26,5,4,79,3,82
1121907,14,40,25,12,0,91,3,94
1121908,4,40,72,30,10,156,3,159
1121909,0,18,50,21,13,102,0,102
1121910,29,132,76,11,8,256,17,273
1121911,3,43,59,19,4,128,9,137
1121912,12,29,21,5,4,71,3,74
1121913,0,30,45,30,11,116,3,119
1121914,3,41,76,25,14,159,3,162
1121915,3,27,39,10,7,86,3,89
1121916,37,79,33,11,0,160,12,172
1121917,31,74,50,17,19,191,3,194
1121918,22,83,38,14,5,162,13,175
1121919,3,20,46,19,8,96,3,99
1121920,13,68,28,12,4,125,9,134
1121921,0,0,3,0,0,3,0,3
1121922,3,4,13,4,9,33,0,33
1121923,7,44,67,29,12,159,0,159
1121924,3,25,39,9,9,85,3,88
1121925,5,36,37,26,13,117,4,121
1121926,5,45,47,16,7,120,4,124
1121927,0,0,0,0,0,0,0,0
1121928,9,27,33,15,8,92,4,96
1121929,13,43,32,6,0,94,5,99
1121930,18,71,52,18,0,159,3,162
1121931,0,49,61,25,10,145,4,149
1121932,48,116,65,23,6,258,14,272
1121933,10,37,45,10,9,111,0,111
1121934,14,87,46,15,7,169,11,180
1121935,20,84,64,25,5,198,12,210
1121936,6,54,58,12,10,140,3,143
1121937,3,43,55,15,8,124,3,127
1121938,7,52,78,33,16,186,3,189
1121939,7,40,30,12,4,93,4,97
1122001,4,51,64,19,12,150,0,150
1122002,0,33,58,18,8,117,4,121
1122003,3,46,64,26,4,143,3,146
1122004,3,48,69,22,15,157,3,160
1122005,3,53,76,31,13,176,10,186
1122006,10,81,70,21,14,196,0,196
1122007,3,61,75,22,12,173,5,178
1122008,0,4,4,5,0,13,0,13
1122009,33,80,69,18,3,203,14,217
1122010,6,63,85,21,7,182,5,187
1122011,4,55,92,26,16,193,4,197
1122012,0,32,65,20,10,127,4,131
1122013,7,58,68,30,19,182,3,185
1122014,4,40,66,15,8,133,0,133
1122015,4,39,48,13,3,107,0,107
1122016,3,48,58,32,13,154,4,158
1122017,3,48,82,15,7,155,3,158
1122018,3,37,51,14,10,115,3,118
1122019,3,42,59,13,3,120,3,123
1122020,11,106,75,34,9,235,8,243
1122021,12,116,92,24,9,253,5,258
1122101,3,23,42,27,24,119,4,123
1122102,0,9,23,16,5,53,3,56
1122103,0,28,48,16,11,103,0,103
1122104,4,38,55,13,10,120,4,124
1122105,3,20,25,27,7,82,0,82
1122106,3,44,72,31,10,160,0,160
1122107,0,26,44,22,10,102,3,105
1122108,10,29,25,11,3,78,3,81
1122109,0,15,38,14,9,76,0,76
1122110,0,14,54,18,21,107,0,107
1122111,0,13,40,27,16,96,0,96
1122112,6,40,70,23,12,151,3,154
1122113,6,31,55,21,6,119,0,119
1122114,3,33,42,13,13,104,7,111
1122115,18,46,55,20,9,148,5,153
1122116,3,32,29,11,3,78,0,78
1122117,8,42,36,20,7,113,4,117
1122118,3,17,30,4,16,70,0,70
1122119,3,36,30,9,4,82,3,85
1122120,0,12,23,15,8,58,4,62
1122201,14,47,60,16,6,143,0,143
1122202,6,59,52,12,3,132,3,135
1122203,21,86,74,15,6,202,7,209
1122204,5,76,94,12,8,195,5,200
1122205,6,51,70,7,13,147,0,147
1122206,4,59,84,17,10,174,4,178
1122207,22,80,74,26,6,208,10,218
1122208,19,82,67,9,4,181,12,193
1122209,0,6,51,12,0,69,0,69
1122210,27,88,72,14,8,209,3,212
1122211,3,29,62,18,4,116,0,116
1122212,30,81,56,18,10,195,3,198
1122213,22,29,37,4,7,99,3,102
1122214,19,66,44,5,5,139,9,148
1122215,19,40,53,10,0,122,9,131
1122216,12,67,68,13,9,169,3,172
1122217,17,78,84,10,3,192,3,195
1122218,27,85,61,11,3,187,4,191
1122219,20,76,62,8,8,174,4,178
1122220,26,82,54,23,6,191,8,199
1122221,0,0,0,0,0,0,0,0
1122222,0,0,0,0,0,0,0,0
1122223,12,82,88,24,4,210,6,216
1122224,9,63,80,12,4,168,3,171
1122225,8,79,69,11,3,170,3,173
1122226,3,37,58,28,6,132,4,136
1122227,3,35,85,32,14,169,3,172
1122228,3,59,52,14,4,132,3,135
1122229,13,62,50,21,9,155,7,162
1122230,4,60,61,16,6,147,0,147
1122231,5,37,52,22,7,123,0,123
1122232,7,52,68,23,3,153,0,153
1122233,4,40,61,21,6,132,3,135
1122234,4,38,54,12,5,113,0,113
1122235,7,73,107,20,6,213,3,216
1122236,5,49,40,12,0,106,8,114
1122237,0,0,0,0,0,0,0,0
1122238,0,0,0,0,0,0,0,0
1122239,39,111,45,9,0,204,12,216
1122240,14,77,68,17,9,185,8,193
1122301,5,32,27,5,6,75,0,75
1122302,13,61,54,18,10,156,4,160
1122303,25,87,66,15,6,199,12,211
1122304,6,47,55,15,5,128,6,134
1122305,6,52,49,22,9,138,9,147
1122306,16,70,63,19,3,171,4,175
1122307,6,71,63,17,3,160,0,160
1122308,3,38,54,18,6,119,5,124
1122309,0,6,4,3,4,17,0,17
1122310,17,65,61,24,8,175,7,182
1122311,23,90,62,23,9,207,7,214
1122312,11,64,54,10,10,149,8,157
1122313,22,123,48,18,7,218,3,221
1122314,0,12,40,23,17,92,4,96
1122315,3,33,41,16,14,107,3,110
1122316,6,28,24,10,5,73,3,76
1122317,21,74,41,11,0,147,8,155
1122318,3,51,48,8,9,119,3,122
1122319,17,57,29,8,3,114,3,117
1122320,7,65,48,17,7,144,3,147
1122321,19,23,25,10,4,81,6,87
1122322,14,66,52,16,3,151,3,154
1122323,0,51,32,12,6,101,4,105
1122401,20,69,83,20,6,198,0,198
1122402,6,31,55,18,10,120,3,123
1122403,153,68,8,0,4,233,69,302
1122404,69,63,69,7,8,216,31,247
1122405,87,66,12,5,6,176,28,204
1122406,23,37,11,5,0,76,10,86
1122407,22,70,30,4,0,126,8,134
1122408,8,44,19,7,3,81,3,84
1122409,0,0,0,0,0,0,0,0
1122410,0,0,0,0,0,0,0,0
1122411,14,54,52,14,3,137,3,140
1122412,20,79,84,24,6,213,0,213
1122413,25,102,53,6,3,189,3,192
1122414,21,57,46,16,4,144,3,147
1122415,21,73,40,10,3,147,7,154
1122416,0,0,0,0,0,0,0,0
1122417,19,48,25,4,4,100,4,104
1122418,30,92,59,18,10,209,10,219
1122419,22,76,53,7,3,161,7,168
1122420,10,18,14,0,0,42,3,45
1122421,52,109,78,17,11,267,11,278
1122422,32,98,82,22,3,237,16,253
1122423,30,64,45,10,3,152,5,157
1122424,31,74,44,11,3,163,3,166
1122425,19,106,54,16,0,195,5,200
1122426,54,128,73,19,0,274,5,279
1122427,16,64,91,21,11,203,4,207
1122428,15,36,53,14,4,122,3,125
1122429,7,52,76,16,7,158,3,161
1122430,5,36,66,19,7,133,5,138
1122431,24,62,66,15,6,173,8,181
1122432,5,26,35,4,9,79,0,79
1122501,24,67,70,15,12,188,5,193
1122502,11,41,44,5,0,101,3,104
1122503,14,66,59,18,4,161,0,161
1122504,52,115,75,19,3,264,10,274
1122505,6,51,56,11,10,134,5,139
1122506,7,42,40,5,6,100,3,103
1122507,25,82,55,11,4,177,4,181
1122508,7,69,85,26,3,190,6,196
1122509,12,67,42,3,5,129,0,129
1122510,17,53,41,10,3,124,3,127
1122511,18,42,57,4,3,124,3,127
1122512,12,51,68,15,3,149,3,152
1122513,10,92,92,26,4,224,7,231
1122514,17,100,69,7,4,197,11,208
1122515,7,38,49,9,0,103,7,110
1122516,30,90,67,11,5,203,10,213
1122517,31,48,36,11,9,135,7,142
1122518,18,92,66,14,3,193,0,193
1122519,28,96,58,16,3,201,6,207
1122520,4,33,29,11,5,82,0,82
1122521,0,44,71,26,8,149,0,149
1122522,0,19,50,14,10,93,0,93
1122523,68,102,57,11,6,244,6,250
1122524,4,93,75,16,10,198,4,202
1122525,20,83,47,12,4,166,8,174
1122526,13,69,85,20,11,198,5,203
1122527,10,42,30,14,7,103,7,110
1122528,3,36,58,21,3,121,3,124
1122529,10,35,44,10,5,104,0,104
1122530,9,78,78,21,4,190,5,195
1122531,18,46,48,11,4,127,0,127
1122532,13,49,54,9,3,128,0,128
1122533,0,0,0,0,0,0,0,0
1122534,3,16,83,26,8,136,6,142
1122535,0,0,0,0,0,0,0,0
1122536,0,19,63,11,8,101,4,105
1122537,14,36,70,12,4,136,0,136
1122538,29,109,50,10,4,202,14,216
1122539,31,103,55,23,3,215,5,220
1122540,21,67,60,13,4,165,3,168
1122541,10,59,38,8,3,118,0,118
1122542,14,35,25,3,3,80,4,84
1122543,25,73,53,13,3,167,6,173
1122601,9,51,61,19,13,153,12,165
1122602,3,18,25,10,8,64,0,64
1122603,11,34,95,42,15,197,0,197
1122604,3,24,47,14,9,97,5,102
1122605,0,23,96,41,10,170,4,174
1122606,3,21,42,11,4,81,0,81
1122607,0,10,78,16,14,118,0,118
1122608,4,57,85,17,8,171,3,174
1122609,0,41,66,30,10,147,6,153
1122610,4,43,47,11,7,112,8,120
1122611,0,27,39,11,7,84,5,89
1122612,0,13,44,10,3,70,0,70
1122613,3,26,41,6,3,79,3,82
1122614,3,30,60,23,17,133,3,136
1122615,6,28,84,20,7,145,7,152
1122616,0,11,48,12,4,75,0,75
1122617,0,28,43,22,9,102,0,102
1122618,7,50,70,16,10,153,4,157
1122619,7,42,47,14,8,118,3,121
1122620,3,32,40,14,3,92,3,95
1122621,3,15,29,14,5,66,0,66
1122622,0,0,0,0,0,0,0,0
1122623,4,28,47,28,6,113,0,113
1122624,0,23,50,25,12,110,0,110
1122625,3,56,55,24,18,156,4,160
1122626,3,41,64,21,8,137,7,144
1122627,3,25,48,13,6,95,3,98
1122628,3,62,77,7,10,159,3,162
1122629,0,17,70,10,6,103,5,108
1122630,3,25,102,29,9,168,0,168
1122631,0,0,0,0,0,0,0,0
1122632,0,21,39,20,11,91,4,95
1122701,0,34,36,16,4,90,4,94
1122702,0,0,0,0,0,0,0,0
1122703,16,53,26,9,0,104,3,107
1122704,18,58,47,6,4,133,9,142
1122705,23,56,58,3,3,143,3,146
1122706,39,91,58,7,8,203,3,206
1122707,22,92,80,18,9,221,4,225
1122708,29,80,49,8,3,169,9,178
1122709,18,57,44,7,5,131,12,143
1122710,16,62,58,13,3,152,5,157
1122711,46,76,73,9,3,207,13,220
1122712,8,30,32,9,3,82,3,85
1122713,48,82,60,16,7,213,15,228
1122714,28,98,71,16,7,220,3,223
1122715,9,53,42,14,3,121,4,125
1122716,25,48,23,16,3,115,3,118
1122717,18,68,55,18,0,159,6,165
1122718,33,88,59,11,0,191,12,203
1122719,24,72,55,13,0,164,3,167
1122720,18,87,43,7,5,160,6,166
1122721,34,72,49,7,4,166,8,174
1122722,20,31,20,3,3,77,6,83
1122723,30,77,39,5,6,157,14,171
1122724,22,73,61,20,4,180,7,187
1122725,21,58,58,12,5,154,4,158
1122726,5,67,40,14,6,132,5,137
1122727,0,23,48,8,11,90,0,90
1122728,4,67,75,19,7,172,4,176
1122729,26,89,64,10,4,193,9,202
1122730,41,84,66,14,4,209,8,217
1122731,55,91,51,7,4,208,10,218
1122732,60,82,60,18,5,225,6,231
1122733,24,62,53,5,4,148,6,154
1122734,23,76,55,11,4,169,3,172
1122735,31,77,45,13,7,173,8,181
1122736,22,79,71,12,3,187,4,191
1122801,4,40,85,18,12,159,5,164
1122802,6,59,89,17,6,177,3,180
1122803,0,0,0,0,0,0,0,0
1122804,3,26,61,16,5,111,6,117
1122805,3,24,45,22,8,102,5,107
1122806,3,32,82,29,15,161,0,161
1122807,16,75,96,27,19,233,0,233
1122808,3,42,57,25,10,137,6,143
1122809,65,87,70,13,3,238,13,251
1122810,22,89,81,23,3,218,5,223
1122811,12,43,81,27,3,166,5,171
1122812,10,44,88,20,10,172,3,175
1122813,8,57,72,16,9,162,6,168
1122814,8,68,75,22,5,178,4,182
1122815,18,56,44,9,3,130,4,134
1122816,40,69,41,6,8,164,5,169
1122817,35,123,94,15,3,270,10,280
1122818,18,67,99,9,15,208,0,208
1122819,4,38,35,14,5,96,3,99
1122820,0,42,85,23,16,166,3,169
1122821,4,51,73,13,6,147,3,150
1122822,16,45,49,21,4,135,3,138
1122823,22,54,36,10,0,122,5,127
1122824,19,68,30,6,5,128,4,132
1122825,17,72,41,8,3,141,3,144
1122826,35,100,89,33,4,261,10,271
1122827,72,66,49,16,9,212,17,229
1122828,5,32,50,10,10,107,0,107
1122829,12,112,84,26,11,245,5,250
1122830,11,77,46,10,10,154,8,162
1122831,7,61,66,21,4,159,4,163
1122832,5,78,73,22,10,188,7,195
1122901,44,98,61,7,5,215,9,224
1122902,33,92,65,14,3,207,9,216
1122903,15,150,98,18,6,287,0,287
1122904,16,93,53,6,3,171,6,177
1122905,41,124,63,10,3,241,11,252
1122906,14,70,30,11,0,125,3,128
1122907,43,116,64,4,5,232,7,239
1122908,30,67,45,8,3,153,10,163
1122909,24,65,60,14,3,166,7,173
1122910,10,88,55,8,5,166,4,170
1122911,29,117,105,23,6,280,4,284
1122912,15,56,44,5,3,123,10,133
1122913,63,64,20,5,0,152,9,161
1122914,0,0,0,0,0,0,0,0
1122915,32,82,27,0,5,146,3,149
1122916,17,88,60,11,3,179,10,189
1122917,15,69,43,13,0,140,0,140
1122918,12,87,52,8,3,162,6,168
1122919,17,90,66,12,4,189,8,197
1122920,9,38,31,10,4,92,0,92
1122921,4,24,34,7,4,73,0,73
1122922,4,48,66,10,9,137,3,140
1122923,108,104,42,12,6,272,29,301
1122924,40,46,41,7,8,142,7,149
1122925,58,102,50,25,5,240,4,244
1122926,15,65,61,8,0,149,9,158
1123001,0,4,4,0,0,8,0,8
1123101,21,59,41,4,4,129,4,133
1123102,19,53,55,7,8,142,0,142
1123103,20,55,28,13,4,120,6,126
1123104,28,71,73,25,11,208,11,219
1123105,10,28,20,9,4,71,5,76
1123106,3,3,3,0,0,9,3,12
1123107,0,5,14,3,3,25,3,28
1123108,7,74,73,25,15,194,5,199
1123109,18,90,72,24,12,216,9,225
1123110,35,90,51,21,12,209,4,213
1123111,18,95,58,27,3,201,7,208
1123112,0,0,0,0,0,0,0,0
1123113,18,65,51,16,3,153,3,156
1123114,29,70,54,16,9,178,11,189
1123115,25,75,56,11,4,171,15,186
1123116,13,81,51,16,4,165,3,168
1123117,8,29,26,7,5,75,4,79
1123118,14,36,19,4,3,76,7,83
1123119,51,74,34,0,7,166,13,179
1123120,28,45,30,6,3,112,3,115
1123121,16,63,35,6,0,120,5,125
1123122,16,79,50,14,7,166,13,179
1123123,28,81,51,17,7,184,8,192
1123124,20,66,60,18,10,174,12,186
1123125,0,0,0,0,0,0,0,0
1123126,64,55,21,6,4,150,9,159
1123201,15,45,46,22,7,135,3,138
1123202,20,74,56,16,3,169,0,169
1123203,12,52,51,17,4,136,5,141
1123204,59,86,42,8,3,198,12,210
1123205,29,73,48,16,3,169,9,178
1123206,20,45,36,14,6,121,5,126
1123207,12,66,60,24,7,169,3,172
1123208,12,35,50,10,6,113,4,117
1123209,33,70,54,11,4,172,4,176
1123210,4,28,13,4,0,49,0,49
1123211,0,0,3,0,0,3,0,3
1123212,13,62,72,28,12,187,5,192
1123213,49,279,59,6,6,399,23,422
1123214,0,28,30,24,14,96,5,101
1123215,0,18,83,13,6,120,0,120
1123216,0,0,0,0,0,0,0,0
1123301,17,62,44,14,4,141,7,148
1123302,19,77,49,8,6,159,6,165
1123303,33,81,68,15,4,201,13,214
1123304,33,107,75,14,3,232,8,240
1123305,33,106,72,25,6,242,9,251
1123306,34,89,56,8,8,195,14,209
1123307,13,98,16,3,0,130,4,134
1123308,0,0,0,0,0,0,0,0
1123309,5,76,57,17,6,161,4,165
1123310,27,105,89,24,17,262,5,267
1123311,0,0,0,0,0,0,0,0
1123312,13,60,55,11,8,147,3,150
1123313,11,57,29,3,0,100,3,103
1123314,11,67,62,13,7,160,4,164
1123315,30,90,41,16,3,180,9,189
1123316,4,56,100,24,11,195,6,201
1123317,65,90,37,9,0,201,7,208
1123318,25,54,31,14,4,128,10,138
1123319,6,50,115,32,7,210,5,215
1123320,3,42,58,10,3,116,10,126
1123321,9,46,78,33,21,187,0,187
1123322,11,45,61,16,3,136,5,141
1123323,31,74,41,15,4,165,10,175
1123324,7,61,63,16,10,157,3,160
1123325,9,61,92,20,5,187,3,190
1123326,4,31,36,5,4,80,0,80
1123327,3,69,93,30,9,204,8,212
1123328,10,45,57,29,8,149,3,152
1123329,0,23,44,38,25,130,0,130
1123330,0,14,60,34,15,123,0,123
1123331,11,49,38,17,14,129,5,134
1123332,13,53,56,13,0,135,3,138
1123333,7,29,61,19,5,121,3,124
1123334,18,77,66,14,7,182,11,193
1123335,37,80,56,8,5,186,14,200
1123336,19,63,83,21,8,194,7,201
1123337,11,88,83,23,16,221,6,227
1123338,0,32,56,25,15,128,5,133
1123339,11,56,38,5,4,114,3,117
1123340,0,29,44,17,5,95,3,98
1123341,15,73,89,21,6,204,13,217
1123342,30,77,88,25,3,223,7,230
1123343,10,76,76,15,10,187,8,195
1123344,41,69,55,20,9,194,10,204
1123401,19,69,48,4,11,151,6,157
1123402,24,98,91,17,12,242,3,245
1123403,19,95,62,16,6,198,6,204
1123404,15,55,40,16,3,129,10,139
1123405,7,47,34,8,12,108,3,111
1123406,32,79,77,18,10,216,12,228
1123407,31,87,62,27,7,214,4,218
1123408,6,57,53,17,4,137,4,141
1123409,8,54,53,19,11,145,3,148
1123410,30,58,41,6,9,144,4,148
1123411,14,55,32,9,6,116,4,120
1123412,18,57,28,15,10,128,15,143
1123413,29,77,65,16,3,190,8,198
1123414,38,81,66,13,3,201,9,210
1123415,12,56,62,10,6,146,4,150
1123416,17,84,115,21,8,245,6,251
1123417,19,66,67,17,4,173,7,180
1123418,14,64,55,12,0,145,0,145
1123419,18,66,42,4,4,134,0,134
1123420,48,97,44,7,8,204,5,209
1123421,16,88,48,16,3,171,0,171
1123422,34,47,16,6,5,108,9,117
1123423,28,93,44,8,4,177,3,180
1123424,17,54,26,5,3,105,4,109
1123425,56,122,68,17,7,270,14,284
1123426,21,62,47,12,3,145,3,148
1123427,21,79,53,19,3,175,7,182
1123501,0,40,48,9,3,100,3,103
1123502,36,94,105,11,3,249,6,255
1123503,34,122,69,10,0,235,19,254
1123504,21,90,65,13,7,196,4,200
1123505,5,56,71,25,5,162,3,165
1123506,0,0,0,0,0,0,0,0
1123507,27,99,56,11,5,198,5,203
1123508,34,61,36,10,4,145,3,148
1123509,27,76,52,9,3,167,7,174
1123510,26,71,52,13,4,166,7,173
1123511,23,90,81,11,8,213,9,222
1123512,24,101,65,13,0,203,0,203
1123513,20,78,47,10,0,155,10,165
1123514,29,81,50,17,6,183,8,191
1123515,15,55,34,7,0,111,5,116
1123516,47,111,66,19,4,247,9,256
1123517,33,68,41,5,3,150,6,156
1123518,20,71,18,8,0,117,5,122
1123519,23,68,63,10,5,169,10,179
1123601,3,91,81,22,9,206,12,218
1123602,0,0,0,0,0,0,0,0
1123603,0,0,0,0,0,0,0,0
1123604,0,9,21,5,11,46,0,46
1123605,3,5,7,3,3,21,0,21
1123606,0,0,0,0,0,0,0,0
1123607,0,0,0,0,0,0,0,0
1123608,10,88,55,4,4,161,3,164
1123609,0,46,91,16,3,156,3,159
1123610,4,31,50,9,0,94,0,94
1123611,3,65,71,13,4,156,5,161
1123612,21,69,49,11,5,155,3,158
1123613,28,53,17,3,0,101,5,106
1123614,67,140,14,4,0,225,9,234
1123615,40,125,31,10,4,210,11,221
1123616,8,66,58,13,3,148,4,152
1123617,45,121,61,6,3,236,12,248
1123618,29,155,123,25,8,340,12,352
1123619,29,104,52,6,9,200,4,204
1123620,18,71,36,9,7,141,3,144
1123621,3,60,61,12,3,139,5,144
1123622,23,72,42,14,7,158,6,164
1123623,20,60,30,17,3,130,4,134
1123624,3,56,42,18,3,122,0,122
1123625,3,31,40,8,5,87,3,90
1123626,12,67,41,8,4,132,4,136
1123627,17,77,67,6,0,167,3,170
1123628,5,38,59,20,3,125,4,129
1123629,6,64,65,11,5,151,4,155
1123630,62,131,53,9,10,265,16,281
1123631,26,71,24,6,3,130,7,137
1123632,28,62,28,6,4,128,8,136
1123633,38,95,45,15,3,196,9,205
1123634,31,78,31,9,5,154,9,163
1123635,19,66,30,3,7,125,6,131
1123636,18,121,66,10,0,215,10,225
1123637,17,72,35,6,4,134,5,139
1123638,29,100,56,21,3,209,15,224
1123639,40,93,27,5,3,168,3,171
1123640,4,72,78,18,4,176,0,176
1123641,0,32,33,11,5,81,4,85
1123642,4,49,56,11,3,123,5,128
1123643,0,44,43,10,0,97,4,101
1123644,50,126,36,6,0,218,4,222
1123645,21,66,28,3,0,118,6,124
1123646,67,121,62,11,5,266,10,276
1123647,3,64,63,19,3,152,0,152
1123701,15,67,66,22,3,173,3,176
1123702,3,45,34,9,3,94,0,94
1123703,19,73,62,11,5,170,11,181
1123704,6,69,85,25,5,190,3,193
1123705,8,41,46,12,3,110,3,113
1123706,10,74,71,21,12,188,0,188
1123707,10,8,3,0,0,21,6,27
1123708,0,35,74,16,16,141,0,141
1123709,0,30,55,32,10,127,0,127
1123710,0,23,42,17,8,90,0,90
1123711,0,15,34,25,12,86,3,89
1123712,4,33,78,30,15,160,3,163
1123713,0,18,35,13,5,71,0,71
1123714,0,28,50,12,10,100,4,104
1123715,15,54,7,0,3,79,6,85
1123716,4,20,64,38,9,135,7,142
1123717,3,60,152,44,9,268,5,273
1123718,0,28,50,33,10,121,3,124
1123719,3,23,41,19,7,93,0,93
1123720,0,15,56,15,8,94,3,97
1123721,4,22,44,21,5,96,3,99
1123722,0,28,43,12,6,89,3,92
1123723,4,19,26,0,13,62,0,62
1123724,3,46,86,32,10,177,5,182
1123725,0,35,74,29,16,154,3,157
1123726,0,20,32,19,11,82,0,82
1123727,3,47,42,13,9,114,4,118
1123728,3,19,36,14,3,75,3,78
1123729,4,13,31,11,11,70,4,74
1123730,3,17,26,17,8,71,3,74
1123731,0,23,41,20,4,88,3,91
1123732,0,65,65,14,4,148,4,152
1123733,0,46,55,14,8,123,3,126
1123734,4,30,76,38,8,156,0,156
1123735,9,93,108,24,7,241,6,247
1123736,0,53,73,17,4,147,0,147
1123737,0,42,66,14,4,126,5,131
1123738,25,79,36,6,9,155,6,161
1123739,14,71,67,15,4,171,5,176
1123740,6,71,46,17,3,143,4,147
1123741,10,89,74,12,4,189,3,192
1123742,4,68,29,13,3,117,5,122
1123743,11,66,29,5,0,111,4,115
1123744,18,58,45,11,4,136,4,140
1123745,12,48,12,5,4,81,0,81
1123746,0,25,62,17,14,118,3,121
1123801,0,15,35,16,0,66,0,66
1123802,3,30,56,14,6,109,3,112
1123803,3,55,68,19,11,156,4,160
1123804,0,36,46,10,12,104,0,104
1123805,3,26,25,16,9,79,3,82
1123806,5,22,36,9,8,80,4,84
1123807,5,42,65,14,7,133,0,133
1123808,3,31,47,24,9,114,0,114
1123809,0,20,40,18,10,88,3,91
1123810,0,25,44,12,8,89,0,89
1123811,3,44,46,21,8,122,3,125
1123812,0,13,29,4,3,49,3,52
1123813,3,30,23,5,6,67,3,70
1123814,0,16,51,15,3,85,3,88
1123815,0,47,63,8,3,121,3,124
1123816,4,50,51,6,7,118,7,125
1123817,3,59,73,11,7,153,4,157
1123818,8,63,61,15,6,153,3,156
1123901,24,89,57,13,5,188,13,201
1123902,13,92,80,13,9,207,5,212
1123903,3,39,29,6,3,80,4,84
1123904,3,30,13,14,10,70,10,80
1123905,30,116,21,17,3,187,35,222
1123906,3,60,57,13,0,133,18,151
1123907,0,16,13,10,3,42,0,42
1123908,0,0,0,0,0,0,0,0
1123909,11,62,73,17,0,163,7,170
1123910,16,128,84,16,0,244,10,254
1123911,3,45,33,14,0,95,0,95
1123912,0,0,0,0,0,0,0,0
1123913,3,91,68,23,4,189,6,195
1123914,5,81,78,18,9,191,5,196
1123915,0,0,0,0,0,0,0,0
1123916,0,3,3,0,0,6,0,6
1123917,3,64,59,15,3,144,4,148
1123918,3,82,79,23,11,198,3,201
1123919,4,46,62,10,6,128,3,131
1123920,9,84,78,18,4,193,3,196
1123921,3,62,48,15,0,128,3,131
1123922,0,44,38,6,3,91,3,94
1123923,0,32,36,10,4,82,3,85
1123924,3,29,60,18,4,114,4,118
1123925,0,44,63,14,4,125,0,125
1124001,14,60,43,7,3,127,7,134
1124002,6,28,12,3,3,52,5,57
1124003,13,57,31,5,0,106,3,109
1124004,19,72,32,21,7,151,6,157
1124005,6,71,52,25,9,163,4,167
1124006,3,52,53,6,4,118,9,127
1124007,6,35,38,8,4,91,3,94
1124008,4,66,49,21,4,144,9,153
1124009,4,51,35,9,5,104,0,104
1124010,0,32,33,7,0,72,6,78
1124011,10,82,65,20,9,186,3,189
1124012,4,42,35,12,4,97,0,97
1124013,3,45,73,21,6,148,0,148
1124014,8,49,54,13,8,132,4,136
1124015,10,57,69,13,7,156,13,169
1124016,7,39,50,11,4,111,0,111
1124017,24,83,16,0,0,123,12,135
1124018,8,53,60,12,10,143,0,143
1124019,17,57,41,3,0,118,0,118
1124020,7,47,20,8,0,82,4,86
1124021,21,76,45,11,7,160,12,172
1124022,14,107,70,16,0,207,17,224
1124023,30,86,63,10,8,197,15,212
1124024,4,29,34,15,12,94,0,94
1124025,5,46,38,5,0,94,5,99
1124101,11,52,48,16,4,131,4,135
1124102,11,47,42,15,5,120,0,120
1124103,14,77,60,22,5,178,6,184
1124104,3,28,38,11,7,87,0,87
1124105,7,62,36,16,5,126,10,136
1124106,4,72,72,12,8,168,4,172
1124107,16,71,44,9,6,146,8,154
1124108,57,126,50,4,6,243,13,256
1124109,38,119,66,17,0,240,13,253
1124110,8,98,82,16,5,209,5,214
1124111,5,37,39,14,5,100,5,105
1124112,3,23,43,17,7,93,0,93
1124113,0,18,37,8,0,63,4,67
1124114,5,59,31,13,0,108,5,113
1124115,0,0,0,0,0,0,0,0
1124201,3,74,48,11,3,139,3,142
1124202,7,70,47,4,4,132,9,141
1124203,3,56,58,12,11,140,3,143
1124204,4,20,33,9,3,69,0,69
1124205,7,83,85,24,8,207,9,216
1124206,4,95,86,14,8,207,6,213
1124207,0,5,7,6,5,23,0,23
1124208,0,3,19,6,3,31,6,37
1124209,8,116,96,15,5,240,11,251
1124210,0,0,4,0,0,4,0,4
1124211,0,40,81,26,10,157,0,157
1124212,0,33,76,15,8,132,0,132
1124213,0,41,52,20,9,122,3,125
1124214,3,67,125,28,8,231,0,231
1124215,4,34,72,13,11,134,0,134
1124216,0,43,60,18,6,127,5,132
1124217,0,45,97,27,8,177,4,181
1124218,3,33,75,19,5,135,4,139
1124219,6,76,104,17,5,208,6,214
1124301,0,16,25,8,4,53,4,57
1124302,6,37,42,17,6,108,5,113
1124303,3,45,52,18,13,131,0,131
1124304,8,75,81,27,9,200,6,206
1124305,3,37,21,14,5,80,5,85
1124306,4,46,53,15,11,129,3,132
1124307,7,49,29,0,3,88,4,92
1124308,5,79,60,15,11,170,3,173
1124309,15,62,42,17,6,142,9,151
1124310,3,38,60,13,3,117,3,120
1124311,22,86,58,14,0,180,10,190
1124312,7,32,37,9,0,85,0,85
1124313,8,68,51,13,3,143,4,147
1124314,16,42,37,7,3,105,7,112
1124315,10,75,55,13,3,156,7,163
1124316,4,31,43,15,3,96,3,99
1124317,3,33,45,13,7,101,4,105
1124318,0,54,77,21,15,167,4,171
1124319,4,85,85,27,8,209,5,214
1124320,7,69,37,5,0,118,0,118
1124321,3,28,41,18,0,90,3,93
1124401,0,15,10,9,0,34,3,37
1124402,3,33,58,25,13,132,6,138
1124403,3,48,112,21,6,190,5,195
1124404,11,83,59,16,7,176,6,182
1124405,6,30,33,11,5,85,4,89
1124406,20,105,54,17,3,199,0,199
1124407,3,61,51,17,5,137,3,140
1124408,19,82,61,8,3,173,12,185
1124409,3,41,81,41,12,178,3,181
1124410,15,38,31,5,3,92,4,96
1124411,13,77,53,12,4,159,6,165
1124412,24,77,53,15,4,173,3,176
1124413,15,57,52,11,3,138,13,151
1124414,3,13,27,4,6,53,3,56
1124415,0,9,18,8,3,38,3,41
1124416,0,23,53,9,13,98,5,103
1124417,0,0,0,0,0,0,0,0
1124418,22,65,32,8,4,131,5,136
1124419,0,8,6,0,0,14,0,14
1124420,0,0,0,0,0,0,0,0
1124421,3,60,33,10,3,109,6,115
1124422,21,28,16,8,0,73,4,77
1124423,36,68,49,3,0,156,6,162
1124424,37,69,23,3,0,132,16,148
1124425,35,91,67,14,0,207,8,215
1124426,18,48,32,9,4,111,7,118
1124427,22,81,40,9,0,152,14,166
1124428,22,83,63,22,10,200,6,206
1124429,12,52,50,11,4,129,0,129
1124430,24,92,39,14,4,173,5,178
1124431,38,96,58,19,4,215,6,221
1124432,26,64,54,11,4,159,7,166
1124433,17,28,30,5,3,83,5,88
1124434,19,61,33,7,5,125,9,134
1124435,31,60,32,18,4,145,9,154
1124501,16,73,27,5,0,121,8,129
1124502,5,13,15,3,0,36,6,42
1124503,5,42,34,12,7,100,4,104
1124504,9,49,48,16,3,125,0,125
1124505,8,35,26,8,0,77,5,82
1124506,4,28,16,8,0,56,0,56
1124507,4,37,36,16,12,105,3,108
1124508,4,35,28,12,3,82,3,85
1124509,7,35,21,7,4,74,0,74
1124510,3,29,34,17,3,86,0,86
1124511,3,17,28,8,0,56,0,56
1124512,0,16,43,23,11,93,3,96
1124513,0,13,35,25,3,76,3,79
1124514,0,16,48,14,8,86,0,86
1124515,3,12,33,5,4,57,0,57
1124516,0,21,49,28,13,111,6,117
1124517,0,26,53,18,12,109,3,112
1124518,3,15,37,6,3,64,0,64
1124519,0,23,44,17,8,92,0,92
1124520,0,20,32,11,6,69,0,69
1124521,3,19,32,19,4,77,3,80
1124522,0,28,39,12,7,86,4,90
1124523,0,9,42,16,10,77,0,77
1124524,0,23,37,15,11,86,5,91
1124525,0,47,44,11,7,109,0,109
1124526,6,31,31,24,10,102,6,108
1124527,3,26,39,11,3,82,4,86
1124528,3,35,35,11,8,92,0,92
1124601,0,53,49,7,4,113,3,116
1124602,0,11,21,10,8,50,0,50
1124603,5,76,55,16,8,160,3,163
1124604,6,88,88,10,9,201,9,210
1124605,3,42,54,16,5,120,3,123
1124606,6,53,49,14,6,128,0,128
1124607,0,57,73,20,8,158,3,161
1124608,34,88,100,19,10,251,7,258
1124609,7,70,53,16,7,153,6,159
1124610,23,93,74,21,6,217,11,228
1124611,3,50,44,10,0,107,3,110
1124612,20,63,30,6,0,119,7,126
1124613,18,88,53,12,4,175,0,175
1124614,26,90,75,16,5,212,10,222
1124615,29,64,29,11,4,137,9,146
1124616,6,76,68,20,14,184,8,192
1124617,0,45,62,16,8,131,3,134
1124618,3,79,95,21,3,201,3,204
1124619,0,51,49,14,5,119,0,119
1124620,5,53,70,17,6,151,5,156
1124621,0,45,39,8,3,95,5,100
1124622,5,55,75,17,9,161,3,164
1124623,3,56,47,6,8,120,3,123
1124624,3,38,83,19,12,155,3,158
1124625,27,67,32,10,3,139,3,142
1124626,26,54,30,9,0,119,3,122
1124627,24,78,46,4,3,155,5,160
1124628,9,46,38,8,4,105,5,110
1124629,0,41,54,12,4,111,3,114
1124630,3,67,90,15,4,179,4,183
1124631,0,8,21,5,0,34,0,34
1124632,3,30,57,15,5,110,3,113
1124633,19,58,27,9,0,113,4,117
1124634,0,18,17,18,4,57,3,60
1124701,13,21,3,0,0,37,0,37
1124702,0,26,33,12,3,74,5,79
1124703,5,70,90,30,15,210,5,215
1124704,6,27,27,13,4,77,6,83
1124705,3,34,41,9,9,96,3,99
1124706,3,26,33,16,3,81,0,81
1124707,6,46,63,20,10,145,0,145
1124708,4,24,41,6,4,79,0,79
1124709,7,63,59,12,5,146,3,149
1124710,7,45,18,13,0,83,6,89
1124711,3,31,56,16,10,116,10,126
1124712,0,14,26,6,3,49,0,49
1124713,0,30,39,19,5,93,0,93
1124714,20,82,72,17,3,194,7,201
1124715,17,108,94,16,8,243,5,248
1124716,16,51,29,8,4,108,0,108
1124717,5,43,26,3,3,80,4,84
1124718,17,53,38,7,3,118,0,118
1124719,23,93,39,18,5,178,5,183
1124720,21,86,58,14,4,183,3,186
1124721,10,55,43,4,4,116,7,123
1124722,3,19,22,14,3,61,3,64
1124723,6,33,22,10,5,76,3,79
1124724,3,41,41,12,6,103,3,106
1124725,0,37,39,16,6,98,7,105
1124801,6,16,7,3,0,32,3,35
1124802,20,73,27,4,9,133,4,137
1124803,14,87,92,16,4,213,4,217
1124804,42,67,19,13,5,146,13,159
1124805,24,72,39,21,4,160,3,163
1124806,25,88,54,18,5,190,7,197
1124807,8,44,47,10,0,109,6,115
1124808,28,92,72,17,7,216,22,238
1124809,25,85,31,13,7,161,4,165
1124810,17,70,60,23,12,182,3,185
1124811,15,102,60,17,3,197,0,197
1124812,34,81,57,14,5,191,17,208
1124813,13,45,32,3,0,93,3,96
1124814,10,87,56,14,4,171,4,175
1124815,17,60,55,16,7,155,15,170
1124816,12,78,56,25,3,174,6,180
1124817,19,50,24,9,7,109,8,117
1124818,45,100,58,25,7,235,8,243
1124819,29,80,52,12,5,178,7,185
1124820,15,81,54,18,5,173,4,177
1124821,18,92,77,14,6,207,3,210
1124822,14,27,23,10,0,74,5,79
1124823,6,53,97,32,4,192,3,195
1124824,8,64,73,13,7,165,4,169
1124825,26,88,64,17,0,195,3,198
1124826,4,77,77,12,4,174,0,174
1124827,4,49,46,10,0,109,0,109
1124828,14,58,39,5,7,123,0,123
1124829,36,43,31,6,4,120,9,129
1124830,25,75,54,12,8,174,4,178
1124831,3,8,19,3,3,36,0,36
1124832,3,25,34,7,5,74,3,77
1124833,4,23,48,10,4,89,3,92
1124834,43,65,18,9,5,140,10,150
1124835,76,88,26,4,8,202,10,212
1124836,34,73,25,11,5,148,10,158
1124837,41,77,50,10,3,181,5,186
1124838,11,32,24,0,0,67,0,67
1124839,20,73,25,8,4,130,3,133
1124840,20,88,43,6,4,161,7,168
1124901,8,45,86,24,19,182,4,186
1124902,0,27,45,5,0,77,0,77
1124903,4,34,37,8,4,87,3,90
1124904,9,66,70,19,13,177,3,180
1124905,3,26,52,17,6,104,0,104
1124906,10,49,58,13,3,133,3,136
1124907,3,17,34,8,6,68,0,68
1124908,0,29,56,26,11,122,0,122
1124909,0,29,65,21,13,128,4,132
1124910,3,33,77,39,20,172,3,175
1124911,3,24,75,25,14,141,3,144
1124912,4,64,99,43,14,224,6,230
1124913,4,22,52,24,12,114,4,118
1124914,3,31,53,22,15,124,0,124
1124915,0,15,42,15,4,76,0,76
1124916,0,48,51,27,14,140,3,143
1124917,3,32,54,22,16,127,0,127
1124918,0,18,35,12,5,70,0,70
1124919,4,47,80,27,10,168,3,171
1124920,0,26,51,22,7,106,0,106
1124921,0,25,61,31,9,126,6,132
1124922,0,34,85,35,24,178,0,178
1124923,0,27,26,20,7,80,0,80
1124924,0,23,60,19,12,114,4,118
1124925,4,31,52,20,8,115,3,118
1124926,5,26,57,15,5,108,5,113
1124927,0,14,32,12,9,67,3,70
1124928,0,3,0,0,0,3,0,3
1124929,7,43,41,10,7,108,3,111
1124930,24,90,33,10,6,163,15,178
1124931,4,49,28,4,3,88,0,88
1124932,8,31,16,0,0,55,0,55
1124933,15,109,66,16,3,209,7,216
1124934,10,100,61,14,0,185,5,190
1124935,3,33,42,17,4,99,0,99
1124936,0,18,42,19,7,86,3,89
1124937,6,77,54,14,0,151,3,154
1124938,0,35,35,15,3,88,5,93
1124939,0,35,61,18,6,120,7,127
1124940,6,23,44,17,5,95,4,99
1124941,0,23,32,21,7,83,0,83
1124942,5,33,78,26,14,156,0,156
1124943,3,60,59,8,4,134,4,138
1124944,3,21,55,12,11,102,0,102
1125001,8,52,80,32,6,178,4,182
1125002,11,112,139,37,12,311,3,314
1125003,4,81,129,22,8,244,3,247
1125004,0,57,174,26,5,262,4,266
1125005,3,69,83,23,9,187,3,190
1125006,4,36,46,19,9,114,0,114
1125007,51,126,66,14,5,262,10,272
1125008,21,144,68,10,9,252,7,259
1125009,19,92,90,18,9,228,7,235
1125010,0,0,0,0,0,0,0,0
1125011,17,70,56,13,8,164,4,168
1125012,3,47,64,20,7,141,0,141
1125013,22,113,72,18,9,234,10,244
1125014,15,169,19,0,0,203,10,213
1125015,3,32,47,19,3,104,5,109
1125016,20,81,59,5,3,168,9,177
1125017,8,112,81,22,7,230,11,241
1125018,9,57,26,4,3,99,5,104
1125019,38,144,18,0,0,200,29,229
1125020,57,142,62,10,3,274,20,294
1125021,29,111,44,12,11,207,21,228
1125022,3,31,36,20,24,114,3,117
1125101,10,80,46,17,3,156,9,165
1125102,7,25,34,10,7,83,4,87
1125103,20,84,52,16,4,176,6,182
1125104,22,71,37,5,3,138,10,148
1125105,42,108,57,11,10,228,5,233
1125106,27,46,25,4,0,102,6,108
1125107,12,67,60,10,10,159,3,162
1125108,20,119,70,18,5,232,3,235
1125109,5,6,6,9,0,26,3,29
1125110,0,3,0,0,0,3,0,3
1125111,24,56,45,10,8,143,22,165
1125112,13,40,30,14,3,100,3,103
1125113,11,65,71,15,4,166,7,173
1125114,11,60,33,9,9,122,3,125
1125115,4,78,98,25,10,215,3,218
1125116,44,116,12,0,0,172,15,187
1125117,0,43,43,11,6,103,0,103
1125118,0,0,0,3,0,3,0,3
1125119,15,68,48,11,7,149,4,153
1125120,15,47,36,16,7,121,8,129
1125121,12,75,52,16,3,158,5,163
1125122,6,93,65,25,10,199,4,203
1125123,0,28,30,5,3,66,4,70
1125201,0,45,41,16,6,108,0,108
1125202,3,37,36,12,6,94,3,97
1125203,9,93,67,20,5,194,8,202
1125204,3,36,36,7,5,87,3,90
1125205,5,84,73,16,6,184,0,184
1125206,4,46,54,24,4,132,4,136
1125207,0,28,44,9,4,85,4,89
1125208,3,39,34,6,9,91,0,91
1125209,0,37,34,10,5,86,6,92
1125210,8,42,51,16,7,124,5,129
1125211,3,35,42,15,5,100,3,103
1125212,0,38,64,23,10,135,4,139
1125213,6,39,45,9,10,109,4,113
1125214,0,29,50,18,13,110,5,115
1125215,5,29,28,8,6,76,3,79
1125216,3,23,30,12,4,72,0,72
1125217,0,23,48,16,7,94,4,98
1125218,3,40,51,18,7,119,4,123
1125219,3,31,50,16,6,106,8,114
1125220,3,21,52,17,11,104,6,110
1125221,0,18,39,11,7,75,6,81
1125222,3,34,51,17,10,115,0,115
1125223,3,28,29,13,9,82,3,85
1125224,3,20,51,27,9,110,3,113
1125225,4,33,38,20,4,99,0,99
1125226,0,27,48,9,7,91,3,94
1125227,3,41,64,18,10,136,3,139
1125228,0,24,26,15,7,72,0,72
1125229,0,31,65,40,18,154,0,154
1125230,8,42,24,4,3,81,3,84
1125231,3,38,46,14,0,101,0,101
1125232,4,25,49,12,7,97,0,97
1125301,15,65,52,13,0,145,5,150
1125302,3,46,62,19,10,140,0,140
1125303,14,101,60,16,6,197,4,201
1125304,11,74,33,4,3,125,4,129
1125305,0,36,70,20,3,129,4,133
1125306,0,32,47,13,11,103,3,106
1125307,5,44,36,13,4,102,3,105
1125308,3,48,127,19,0,197,3,200
1125309,4,101,154,18,6,283,3,286
1125310,11,91,72,7,10,191,3,194
1125311,5,72,71,15,9,172,0,172
1125312,0,68,59,17,4,148,6,154
1125313,3,68,56,17,3,147,0,147
1125314,21,138,63,16,3,241,18,259
1125315,7,57,51,23,10,148,3,151
1125316,0,67,82,23,15,187,3,190
1125317,3,34,48,14,9,108,0,108
1125318,3,28,44,25,20,120,3,123
1125319,0,0,0,0,0,0,0,0
1125320,22,184,70,12,3,291,8,299
1125321,5,25,36,16,10,92,0,92
1125322,6,27,33,13,13,92,0,92
1125323,0,53,117,21,3,194,4,198
1125324,0,0,0,0,0,0,0,0
1125325,9,60,76,12,3,160,8,168
1125326,3,52,57,11,4,127,3,130
1125327,11,81,63,17,5,177,3,180
1125328,7,78,79,18,5,187,0,187
1125329,0,53,91,23,5,172,0,172
1125401,64,138,22,3,0,227,19,246
1125402,32,111,19,6,3,171,12,183
1125403,24,61,7,4,0,96,9,105
1125404,30,68,11,4,0,113,5,118
1125405,33,109,33,5,0,180,8,188
1125406,6,34,44,15,6,105,3,108
1125407,4,45,40,24,10,123,6,129
1125408,25,116,62,18,3,224,8,232
1125409,18,68,36,9,4,135,7,142
1125410,65,85,24,3,4,181,24,205
1125411,62,97,31,4,3,197,7,204
1125412,8,122,47,11,3,191,8,199
1125413,3,50,27,9,7,96,3,99
1125414,14,71,48,13,6,152,7,159
1125415,19,74,67,13,4,177,3,180
1125416,12,56,24,5,4,101,7,108
1125417,3,28,40,4,3,78,4,82
1125418,11,69,48,21,7,156,4,160
1125419,6,21,42,27,12,108,3,111
1125420,19,67,65,10,5,166,9,175
1125421,48,132,34,7,0,221,17,238
1125422,6,47,80,23,9,165,8,173
1125423,0,25,64,9,9,107,3,110
1125424,3,56,74,20,8,161,0,161
1125425,3,47,65,21,11,147,4,151
1125426,11,42,80,16,3,152,0,152
1125427,4,9,27,16,12,68,4,72
1125428,3,20,35,19,8,85,0,85
1125429,6,51,55,19,4,135,3,138
1125430,9,44,39,10,4,106,3,109
1125431,31,79,50,11,6,177,9,186
1125432,29,83,75,14,7,208,8,216
1125433,9,99,63,14,4,189,8,197
1125434,3,32,54,18,6,113,0,113
1125435,16,85,89,30,9,229,5,234
1125436,24,74,23,5,5,131,6,137
1125437,11,45,14,0,3,73,3,76
1125438,33,110,48,6,3,200,9,209
1125439,21,70,44,13,5,153,13,166
1125440,36,206,73,9,0,324,19,343
1125441,46,215,21,3,3,288,16,304
1125442,33,106,46,9,3,197,13,210
1125443,6,37,23,15,15,96,0,96
1125444,3,59,116,26,11,215,6,221
1125445,3,27,52,6,3,91,3,94
1125446,15,80,81,24,15,215,7,222
1125447,28,92,49,5,0,174,12,186
1125501,13,127,90,19,3,252,10,262
1125502,0,30,61,23,5,119,4,123
1125503,3,57,60,14,3,137,3,140
1125504,3,38,36,6,4,87,0,87
1125505,0,0,0,0,0,0,0,0
1125506,0,41,47,19,4,111,3,114
1125507,3,21,53,21,10,108,4,112
1125508,3,85,81,16,6,191,0,191
1125509,0,27,23,10,3,63,4,67
1125510,4,43,62,14,4,127,4,131
1125511,42,116,80,18,15,271,9,280
1125512,0,20,51,21,16,108,0,108
1125513,55,179,64,5,6,309,50,359
1125514,35,64,25,7,0,131,12,143
1125515,3,45,53,3,8,112,4,116
1125516,4,52,90,26,12,184,3,187
1125517,12,32,20,6,4,74,3,77
1125518,34,151,55,16,3,259,25,284
1125519,14,44,18,5,0,81,5,86
1125520,27,71,33,8,3,142,7,149
1125521,4,68,80,19,16,187,4,191
1125522,28,81,21,3,3,136,11,147
1125523,0,3,0,0,0,3,0,3
1125524,5,70,76,33,4,188,8,196
1125525,58,152,30,4,3,247,17,264
1125526,6,84,37,8,0,135,4,139
1125527,0,42,55,13,6,116,0,116
1125528,11,117,70,7,11,216,6,222
1125529,8,53,25,3,0,89,3,92
1125530,4,55,84,28,9,180,5,185
1125531,3,56,83,28,16,186,3,189
1125532,4,49,60,17,9,139,7,146
1125533,5,58,49,13,0,125,0,125
1125534,0,33,42,17,8,100,5,105
1125535,0,0,0,0,0,0,0,0
1125536,17,88,49,6,3,163,7,170
1125537,0,17,17,3,0,37,0,37
1125538,0,21,45,18,4,88,0,88
1125539,0,25,52,23,10,110,3,113
1125540,8,72,15,5,4,104,4,108
1125541,37,120,19,0,0,176,14,190
1125542,0,28,66,39,16,149,3,152
1125543,10,76,96,34,15,231,9,240
1125544,54,170,26,4,0,254,9,263
1125545,11,41,24,16,3,95,0,95
1125546,3,63,67,14,3,150,4,154
1125547,3,103,65,13,0,184,7,191
1125548,0,28,36,11,8,83,0,83
1125549,3,31,38,8,0,80,3,83
1125550,11,78,86,24,3,202,9,211
1125551,3,50,53,15,7,128,4,132
1125552,4,41,47,24,4,120,3,123
1125553,4,30,61,23,20,138,3,141
1125554,4,29,74,39,18,164,3,167
1125555,4,68,41,5,0,118,4,122
1125556,5,49,52,20,0,126,8,134
1125557,10,76,54,22,7,169,4,173
1125558,30,146,58,9,5,248,11,259
1125559,22,83,27,3,6,141,4,145
1125560,38,195,64,16,9,322,22,344
1125561,26,202,39,0,0,267,16,283
1125562,26,110,62,8,5,211,17,228
1125563,44,121,12,3,0,180,9,189
1125564,6,69,79,10,0,164,7,171
1125565,0,38,43,16,3,100,3,103
1125566,4,83,96,17,11,211,9,220
1125567,10,90,74,13,3,190,3,193
1125601,3,55,36,15,4,113,5,118
1125602,4,39,43,3,4,93,8,101
1125603,29,63,15,3,0,110,10,120
1125604,39,60,11,3,0,113,16,129
1125605,29,54,22,8,0,113,6,119
1125606,5,33,88,21,10,157,3,160
1125607,9,55,108,25,19,216,6,222
1125608,11,44,67,34,16,172,8,180
1125609,4,6,32,28,13,83,0,83
1125610,14,50,27,6,4,101,7,108
1125611,8,50,21,12,4,95,5,100
1125612,3,29,38,11,6,87,3,90
1125613,17,73,62,26,9,187,3,190
1125614,18,83,96,24,9,230,11,241
1125615,7,40,49,11,6,113,3,116
1125616,0,52,99,27,6,184,0,184
1125617,6,26,45,16,20,113,0,113
1125618,0,0,7,0,0,7,0,7
1125619,6,42,60,14,6,128,3,131
1125620,0,44,69,16,4,133,5,138
1125621,10,52,93,20,12,187,0,187
1125622,14,61,67,15,9,166,3,169
1125623,44,99,42,5,0,190,24,214
1125624,21,65,79,23,7,195,0,195
1125625,15,58,72,12,6,163,7,170
1125626,42,85,27,9,5,168,25,193
1125627,9,46,66,26,8,155,3,158
1125628,9,44,60,19,5,137,5,142
1125629,22,53,123,28,12,238,9,247
1125630,3,21,76,19,9,128,0,128
1125631,4,20,32,9,5,70,0,70
1125632,3,28,50,18,5,104,0,104
1125633,13,58,23,3,3,100,4,104
1125634,33,114,47,4,6,204,19,223
1125635,9,62,54,8,10,143,7,150
1125636,10,44,34,11,7,106,13,119
1125637,12,65,66,20,18,181,13,194
1125638,16,59,53,21,6,155,5,160
1125639,4,29,42,17,3,95,7,102
1125640,7,19,39,13,16,94,0,94
1125641,3,22,11,3,8,47,6,53
1125642,8,52,63,17,4,144,8,152
1125643,6,22,33,12,0,73,6,79
1125644,61,48,15,0,0,124,13,137
1125645,7,20,29,6,3,65,5,70
1125701,0,13,35,16,6,70,4,74
1125702,4,0,24,8,11,47,0,47
1125703,0,33,71,26,23,153,8,161
1125704,6,23,52,12,12,105,0,105
1125705,0,7,18,9,8,42,4,46
1125706,0,11,29,11,12,63,5,68
1125707,0,28,55,30,24,137,9,146
1125708,5,27,30,21,13,96,6,102
1125709,0,28,57,36,17,138,0,138
1125710,4,29,58,23,18,132,4,136
1125711,3,48,67,22,13,153,4,157
1125712,3,24,64,40,27,158,0,158
1125713,9,44,42,7,9,111,4,115
1125714,3,14,23,20,13,73,0,73
1125715,0,9,24,27,21,81,0,81
1125716,3,17,30,9,12,71,0,71
1125717,3,29,39,23,14,108,3,111
1125718,3,36,44,14,5,102,6,108
1125719,5,12,31,16,7,71,0,71
1125720,18,69,46,21,7,161,6,167
1125721,4,16,43,21,17,101,6,107
1125722,4,22,59,15,16,116,0,116
1125723,0,8,47,18,17,90,9,99
1125724,0,3,37,15,11,66,3,69
1125725,0,26,38,18,4,86,3,89
1125726,3,59,89,25,6,182,5,187
1125727,4,39,43,14,6,106,11,117
1125728,11,29,51,22,4,117,3,120
1125729,3,17,28,10,5,63,4,67
1125730,10,40,53,20,7,130,7,137
1125731,3,26,29,13,5,76,6,82
1125732,8,62,62,19,11,162,5,167
1125733,13,34,38,12,4,101,6,107
1125734,13,74,37,9,10,143,6,149
1125735,6,29,39,17,9,100,5,105
1125736,9,56,53,9,10,137,3,140
1125737,4,40,33,10,4,91,6,97
1125738,4,14,34,24,9,85,5,90
1125739,0,0,0,0,0,0,0,0
1125740,5,28,39,6,7,85,0,85
1125741,3,32,62,21,19,137,4,141
1125742,0,15,31,12,7,65,4,69
1125801,7,41,29,10,5,92,4,96
1125802,23,88,62,10,5,188,8,196
1125803,0,0,6,0,0,6,0,6
1125804,34,92,39,6,4,175,12,187
1125805,15,56,20,9,5,105,0,105
1125806,0,4,4,6,0,14,4,18
1125807,3,25,43,13,8,92,0,92
1125808,3,23,28,8,9,71,0,71
1125809,11,51,38,18,3,121,5,126
1125810,4,22,52,23,13,114,4,118
1125811,15,67,51,13,3,149,5,154
1125812,3,26,14,3,0,46,3,49
1125813,0,16,56,16,3,91,3,94
1125814,3,16,33,12,15,79,4,83
1125815,10,42,49,8,3,112,4,116
1125816,17,62,27,11,0,117,9,126
1125817,12,51,43,9,6,121,7,128
1125818,19,75,60,19,13,186,5,191
1125819,9,40,34,8,0,91,3,94
1125820,11,56,53,14,4,138,7,145
1125821,4,13,64,19,16,116,5,121
1125822,0,13,43,24,17,97,3,100
1125823,0,16,35,19,16,86,3,89
1125824,11,54,36,12,3,116,3,119
1125825,4,23,26,18,6,77,3,80
1125826,0,55,57,9,12,133,7,140
1125827,6,27,78,31,16,158,0,158
1125828,9,59,33,9,3,113,0,113
1125829,5,21,67,26,32,151,4,155
1125830,3,25,12,8,3,51,3,54
1125831,6,25,24,4,15,74,3,77
1125901,14,34,36,7,0,91,5,96
1125902,22,67,45,11,8,153,4,157
1125903,11,51,39,18,5,124,8,132
1125904,13,39,20,3,4,79,0,79
1125905,19,88,53,14,5,179,14,193
1125906,4,23,22,5,0,54,0,54
1125907,13,75,51,13,3,155,17,172
1125908,5,57,53,11,0,126,5,131
1125909,4,33,70,30,13,150,8,158
1125910,0,17,46,29,15,107,0,107
1125911,0,9,29,19,10,67,0,67
1125912,3,8,30,15,3,59,0,59
1125913,10,64,43,11,0,128,5,133
1125914,8,39,30,5,5,87,4,91
1125915,3,25,31,14,12,85,5,90
1125916,6,12,29,9,6,62,3,65
1125917,7,32,28,11,10,88,5,93
1125918,7,26,31,4,4,72,3,75
1125919,16,66,23,7,4,116,5,121
1125920,0,0,0,0,0,0,0,0
1125921,7,37,26,8,5,83,4,87
1125922,4,24,54,37,23,142,8,150
1126001,11,86,70,18,3,188,8,196
1126002,21,79,67,20,5,192,5,197
1126003,6,45,42,16,6,115,7,122
1126004,13,52,24,9,4,102,0,102
1126005,3,18,34,13,15,83,3,86
1126006,0,26,27,18,11,82,3,85
1126007,4,28,50,14,9,105,10,115
1126008,0,0,3,0,0,3,0,3
1126009,0,19,48,15,8,90,3,93
1126010,0,0,3,3,0,6,0,6
1126011,0,3,5,0,3,11,0,11
1126012,0,37,53,22,21,133,10,143
1126013,0,25,37,19,11,92,0,92
1126014,6,18,24,3,3,54,0,54
1126101,13,55,55,11,10,144,3,147
1126102,5,49,71,17,13,155,3,158
1126103,3,65,57,28,12,165,0,165
1126104,22,67,44,7,3,143,8,151
1126105,10,60,52,19,6,147,6,153
1126106,0,42,54,19,12,127,0,127
1126107,6,28,36,12,3,85,5,90
1126108,11,59,45,19,5,139,7,146
1126109,15,49,21,6,7,98,5,103
1126110,25,73,37,3,3,141,5,146
1126111,11,71,48,10,6,146,6,152
1126112,6,53,72,19,9,159,9,168
1126113,22,76,57,15,3,173,3,176
1126114,31,68,34,5,4,142,9,151
1126115,15,45,46,10,11,127,10,137
1126116,0,18,41,5,7,71,3,74
1126117,4,26,11,8,5,54,3,57
1126118,7,12,17,10,9,55,3,58
1126119,0,5,0,0,0,5,0,5
1126120,0,3,10,5,4,22,0,22
1126201,7,41,41,7,0,96,25,121
1126202,4,42,34,8,0,88,0,88
1126203,3,41,70,31,15,160,3,163
1126204,3,16,33,17,15,84,3,87
1126205,6,41,58,21,13,139,0,139
1126206,7,21,35,20,17,100,0,100
1126207,0,14,30,10,4,58,0,58
1126208,0,15,56,13,8,92,3,95
1126209,3,8,16,11,5,43,0,43
1126210,0,8,27,16,13,64,0,64
1126211,7,19,35,27,14,102,5,107
1126212,3,49,67,26,8,153,3,156
1126213,0,19,31,12,14,76,7,83
1126214,22,77,61,12,8,180,9,189
1126215,15,76,62,3,9,165,8,173
1126216,4,47,54,13,3,121,5,126
1126301,16,58,83,18,3,178,4,182
1126302,17,97,68,21,4,207,8,215
1126303,11,48,27,12,3,101,4,105
1126304,36,129,43,11,5,224,4,228
1126305,13,66,42,16,10,147,13,160
1126306,10,67,54,11,6,148,5,153
1126307,6,40,44,6,3,99,0,99
1126308,4,30,39,23,4,100,3,103
1126309,3,23,44,22,16,108,3,111
1126310,0,15,22,21,16,74,6,80
1126311,0,28,83,33,20,164,0,164
1126312,4,14,49,22,16,105,0,105
1126313,15,92,76,14,4,201,8,209
1126314,4,19,26,10,7,66,3,69
1126315,10,49,38,10,5,112,5,117
1126316,31,69,41,7,0,148,8,156
1126317,15,68,37,9,5,134,4,138
1126318,12,61,46,11,0,130,3,133
1126319,9,68,64,15,3,159,6,165
1126320,21,59,34,7,4,125,4,129
1126321,25,68,46,6,0,145,8,153
1126322,0,0,0,0,0,0,0,0
1126401,7,38,48,10,9,112,4,116
1126402,19,53,47,11,4,134,5,139
1126403,6,48,36,14,0,104,3,107
1126404,4,32,60,17,3,116,3,119
1126405,21,52,36,5,3,117,4,121
1126406,12,68,64,20,6,170,6,176
1126407,0,30,58,25,15,128,3,131
1126408,0,22,69,26,19,136,3,139
1126409,3,30,59,30,18,140,3,143
1126410,3,31,49,16,10,109,3,112
1126411,0,19,29,8,15,71,4,75
1126501,21,42,44,17,12,136,5,141
1126502,4,52,30,6,3,95,0,95
1126503,19,73,54,13,0,159,15,174
1126504,12,51,39,14,3,119,0,119
1126505,21,72,63,19,4,179,3,182
1126506,5,63,51,16,8,143,10,153
1126507,3,35,31,9,7,85,5,90
1126508,0,3,0,0,0,3,0,3
1126509,0,3,3,3,3,12,0,12
1126510,21,36,56,17,6,136,5,141
1126511,10,32,24,14,3,83,3,86
1126512,13,74,61,8,8,164,6,170
1126513,0,4,30,13,7,54,0,54
1126514,0,31,75,40,38,184,7,191
1126515,8,25,60,25,24,142,6,148
1126516,3,25,33,29,14,104,4,108
1126517,0,0,0,0,0,0,0,0
1126601,0,0,0,0,0,0,0,0
1126602,5,15,16,9,6,51,6,57
1126603,9,25,31,6,4,75,7,82
1126604,12,48,57,7,0,124,11,135
1126605,29,88,39,15,0,171,10,181
1126606,0,15,28,17,12,72,0,72
1126607,12,71,62,16,4,165,8,173
1126608,3,54,44,26,5,132,7,139
1126609,20,60,38,12,7,137,4,141
1126610,15,32,23,5,3,78,10,88
1126611,19,51,24,5,0,99,8,107
1126612,20,51,60,11,9,151,5,156
1126613,3,37,53,16,4,113,5,118
1126614,15,59,42,10,3,129,0,129
1126615,11,54,41,10,4,120,3,123
1126616,3,14,53,20,8,98,0,98
1126617,0,14,33,26,15,88,0,88
1126618,0,38,45,26,20,129,3,132
1126619,0,34,69,25,18,146,0,146
1126620,19,69,50,11,6,155,5,160
1126621,0,11,39,17,10,77,3,80
1126622,12,52,39,10,3,116,3,119
1126701,8,45,37,9,8,107,3,110
1126702,9,51,44,20,7,131,6,137
1126703,0,13,41,22,31,107,0,107
1126704,0,10,42,29,13,94,0,94
1126705,3,46,33,18,4,104,4,108
1126706,0,0,0,0,0,0,0,0
1126707,17,66,48,5,3,139,5,144
1126708,3,46,70,15,12,146,6,152
1126709,4,56,77,18,15,170,3,173
1126710,0,37,43,19,14,113,0,113
1126711,0,37,72,33,10,152,3,155
1126712,0,30,67,27,8,132,0,132
1126713,3,20,35,19,14,91,7,98
1126714,0,12,72,31,24,139,3,142
1126715,3,12,54,31,15,115,0,115
1126716,0,39,46,11,9,105,3,108
1126717,3,51,85,23,5,167,6,173
1126718,5,54,70,22,7,158,4,162
1126719,0,46,63,20,10,139,3,142
1126720,0,24,46,17,3,90,0,90
1126721,0,33,91,32,5,161,3,164
1126722,4,48,42,13,5,112,0,112
1126723,18,97,56,21,5,197,6,203
1126724,3,30,48,9,4,94,0,94
1126725,0,80,87,27,0,194,6,200
1126726,9,51,42,12,3,117,7,124
1126727,48,135,45,8,3,239,13,252
1126728,17,45,38,11,3,114,7,121
1126729,30,78,43,7,5,163,9,172
1126730,12,35,26,4,5,82,3,85
1126731,5,39,64,15,5,128,0,128
1126732,5,64,67,17,7,160,11,171
1126733,18,58,47,24,3,150,4,154
1126734,3,46,47,12,5,113,4,117
1126735,0,30,30,12,0,72,4,76
1126736,5,35,58,16,4,118,6,124
1126737,3,39,70,23,9,144,6,150
1126738,0,31,65,8,5,109,0,109
1126739,0,50,106,31,9,196,3,199
1126740,7,39,31,17,3,97,4,101
1126741,3,65,93,22,5,188,6,194
1126742,3,32,44,8,4,91,3,94
1126743,11,81,82,14,14,202,4,206
1126801,3,34,65,15,7,124,3,127
1126802,4,20,55,14,10,103,0,103
1126803,0,19,52,13,9,93,3,96
1126804,0,40,50,20,8,118,0,118
1126805,8,74,50,11,0,143,3,146
1126806,0,10,26,4,0,40,0,40
1126807,0,6,13,9,5,33,0,33
1126808,0,0,0,0,0,0,0,0
1126809,16,62,88,27,12,205,6,211
1126810,0,6,19,12,19,56,0,56
1126811,0,0,4,5,0,9,0,9
1126812,6,15,19,6,16,62,0,62
1126901,0,9,88,48,35,180,3,183
1126902,3,45,98,23,9,178,0,178
1126903,7,36,69,22,4,138,10,148
1126904,0,43,71,20,5,139,3,142
1126905,7,95,170,34,11,317,4,321
1126906,0,23,100,27,5,155,4,159
1126907,4,21,37,7,3,72,0,72
1126908,0,0,0,0,0,0,0,0
1126909,0,0,0,0,0,0,0,0
1126910,5,76,96,32,5,214,3,217
1126911,3,8,55,32,18,116,3,119
1126912,0,7,76,24,29,136,0,136
1126913,4,60,65,17,7,153,3,156
1126914,31,43,35,3,3,115,28,143
1126915,17,79,44,13,8,161,14,175
1126916,3,51,57,16,7,134,3,137
1126917,0,65,61,12,6,144,7,151
1126918,3,69,145,29,10,256,4,260
1126919,8,88,156,34,9,295,9,304
1126920,0,34,90,35,14,173,0,173
1126921,21,80,54,15,4,174,18,192
1126922,24,95,64,15,12,210,7,217
1126923,9,62,53,18,11,153,12,165
1126924,39,57,28,9,0,133,20,153
1126925,9,43,37,3,3,95,3,98
1126926,7,31,45,14,6,103,0,103
1126927,26,91,55,12,4,188,8,196
1126928,74,87,43,16,3,223,16,239
1126929,15,79,65,12,0,171,11,182
1126930,3,33,58,9,12,115,4,119
1126931,7,47,55,10,5,124,7,131
1126932,5,40,73,23,4,145,0,145
1126933,35,82,41,10,4,172,12,184
1126934,5,51,75,21,9,161,0,161
1126935,3,59,84,26,6,178,8,186
1126936,40,53,19,6,0,118,10,128
1126937,38,43,15,4,0,100,10,110
1126938,12,75,40,12,3,142,12,154
1126939,32,101,42,16,5,196,10,206
1126940,3,54,41,9,4,111,10,121
1126941,0,41,50,15,7,113,0,113
1126942,9,55,53,16,3,136,7,143
1126943,4,32,26,8,3,73,3,76
1126944,6,66,79,14,10,175,5,180
1126945,6,71,72,16,6,171,5,176
1126946,11,52,48,12,5,128,5,133
1126947,12,52,52,9,3,128,3,131
1126948,0,43,66,26,8,143,7,150
1126949,13,63,31,8,4,119,9,128
1127001,0,27,50,19,15,111,4,115
1127002,0,5,14,3,6,28,0,28
1127003,3,43,52,14,3,115,6,121
1127004,38,54,29,6,7,134,8,142
1127005,48,61,20,4,4,137,10,147
1127006,15,49,29,14,0,107,7,114
1127007,47,87,30,8,3,175,7,182
1127008,7,38,24,9,3,81,4,85
1127009,40,146,42,3,4,235,20,255
1127010,5,41,67,19,12,144,7,151
1127011,31,93,42,17,3,186,14,200
1127012,17,95,54,12,9,187,12,199
1127013,25,124,75,11,4,239,12,251
1127014,16,46,48,21,6,137,4,141
1127015,14,51,40,6,3,114,10,124
1127016,0,38,42,11,5,96,0,96
1127017,11,55,44,6,3,119,4,123
1127018,10,39,42,16,4,111,3,114
1127019,23,83,59,12,5,182,9,191
1127020,0,28,33,0,0,61,0,61
1127021,6,70,95,28,9,208,0,208
1127022,16,60,64,19,3,162,4,166
1127023,17,69,34,15,7,142,9,151
1127024,36,56,44,6,4,146,10,156
1127025,59,120,54,13,4,250,12,262
1127026,12,61,43,18,4,138,0,138
1127027,17,92,27,9,3,148,3,151
1127028,26,83,44,9,6,168,7,175
1127029,12,100,60,17,0,189,8,197
1127030,0,0,0,0,0,0,0,0
1127031,34,66,53,19,0,172,14,186
1127032,31,113,55,16,5,220,11,231
1127101,4,18,40,8,3,73,0,73
1127102,0,0,0,0,0,0,0,0
1127103,0,17,41,13,3,74,4,78
1127104,0,23,57,10,3,93,3,96
1127105,0,9,26,3,3,41,0,41
1127106,10,67,84,13,4,178,11,189
1127107,19,56,50,7,4,136,10,146
1127108,3,12,42,27,20,104,0,104
1127109,0,17,35,35,25,112,0,112
1127110,4,28,37,19,16,104,4,108
1127111,3,61,64,12,17,157,6,163
1127112,0,47,63,19,6,135,4,139
1127113,0,9,24,12,10,55,3,58
1127114,3,33,31,17,3,87,8,95
1127115,3,89,96,30,7,225,17,242
1127116,3,31,75,42,17,168,6,174
1127117,0,25,39,13,9,86,3,89
1127118,3,18,35,14,13,83,0,83
1127119,3,20,33,20,22,98,3,101
1127120,0,13,22,13,14,62,3,65
1127121,3,23,34,11,9,80,7,87
1127122,5,19,65,42,26,157,3,160
1127123,3,22,64,25,21,135,0,135
1127124,0,20,38,27,23,108,3,111
1127125,7,40,35,14,3,99,3,102
1127126,19,63,57,9,7,155,7,162
1127127,13,61,78,23,10,185,5,190
1127128,5,36,51,28,6,126,4,130
1127129,0,20,80,38,27,165,4,169
1127130,0,34,65,35,27,161,3,164
1127131,10,34,29,11,4,88,5,93
1127132,0,32,50,14,4,100,4,104
1127133,3,17,7,3,0,30,6,36
1127134,0,3,3,3,3,12,0,12
1127135,4,24,49,32,14,123,3,126
1127136,3,30,86,49,26,194,4,198
1127137,3,27,65,43,23,161,3,164
1127138,3,50,68,30,4,155,9,164
1127139,4,62,52,17,6,141,7,148
1127140,4,39,36,4,4,87,6,93
1127141,4,15,33,21,24,97,0,97
1127142,3,22,21,3,3,52,3,55
1127201,3,35,71,25,9,143,3,146
1127202,6,103,87,28,6,230,7,237
1127203,9,99,41,14,7,170,7,177
1127204,11,71,39,8,9,138,3,141
1127205,6,47,47,11,4,115,6,121
1127206,0,31,40,17,3,91,0,91
1127207,7,40,76,29,8,160,4,164
1127208,0,23,42,11,6,82,0,82
1127209,0,28,75,12,24,139,5,144
1127210,0,21,49,22,14,106,4,110
1127211,0,18,41,18,15,92,5,97
1127212,0,42,34,13,10,99,4,103
1127213,0,28,62,27,13,130,0,130
1127214,0,21,44,12,6,83,3,86
1127215,3,34,48,13,3,101,3,104
1127216,0,17,36,6,4,63,3,66
1127217,28,90,68,22,10,218,14,232
1127218,4,60,26,12,0,102,5,107
1127219,31,133,16,0,3,183,6,189
1127220,8,49,45,12,4,118,3,121
1127221,15,75,23,8,0,121,3,124
1127222,4,68,68,24,12,176,7,183
1127223,8,86,68,16,3,181,3,184
1127224,9,125,58,20,0,212,8,220
1127301,0,8,13,3,3,27,0,27
1127302,7,80,55,14,0,156,8,164
1127303,6,72,42,8,3,131,13,144
1127304,9,40,45,9,0,103,6,109
1127305,12,47,68,14,3,144,7,151
1127306,4,52,52,21,7,136,5,141
1127307,7,85,58,13,5,168,3,171
1127308,4,47,77,19,3,150,12,162
1127309,0,23,16,7,3,49,4,53
1127310,3,54,47,17,3,124,5,129
1127311,0,0,0,0,0,0,0,0
1127312,6,17,18,5,0,46,0,46
1127401,4,50,39,4,6,103,5,108
1127402,12,10,5,0,0,27,0,27
1127403,8,51,38,15,6,118,5,123
1127404,9,45,57,6,6,123,3,126
1127405,7,38,27,16,3,91,3,94
1127406,11,78,47,8,3,147,4,151
1127407,11,71,43,12,7,144,4,148
1127408,9,79,71,25,10,194,12,206
1127409,6,43,35,4,4,92,5,97
1127410,15,61,43,6,7,132,5,137
1127411,11,62,54,7,13,147,0,147
1127412,13,54,37,11,6,121,9,130
1127413,3,57,44,7,3,114,7,121
1127414,0,23,38,20,9,90,4,94
1127415,0,0,0,0,0,0,0,0
1127416,34,140,56,24,3,257,8,265
1127501,0,3,5,0,0,8,0,8
1127601,21,69,37,7,3,137,0,137
1127602,17,121,62,8,10,218,11,229
1127603,12,100,66,9,3,190,4,194
1127604,8,63,48,10,0,129,10,139
1127605,6,62,55,8,5,136,8,144
1127606,7,68,72,10,0,157,5,162
1127607,10,75,78,16,8,187,4,191
1127608,0,65,42,10,7,124,6,130
1127609,5,52,53,29,4,143,10,153
1127610,3,40,56,6,3,108,0,108
1127701,11,64,66,22,11,174,7,181
1127702,3,70,54,20,4,151,4,155
1127703,31,96,50,6,5,188,12,200
1127704,0,18,36,8,12,74,0,74
1127705,15,112,43,8,5,183,9,192
1127706,0,19,22,17,7,65,0,65
1127707,0,15,27,11,13,66,3,69
1127708,3,20,71,22,17,133,4,137
1127709,3,55,46,12,7,123,0,123
1127710,5,45,60,10,6,126,5,131
1127711,3,49,77,17,4,150,3,153
1127712,16,99,65,16,6,202,4,206
1127713,22,62,26,9,3,122,6,128
1127714,27,89,47,8,4,175,12,187
1127715,4,75,46,11,4,140,3,143
1127716,8,48,32,12,5,105,3,108
1127717,7,73,66,19,7,172,5,177
1127718,4,62,46,15,9,136,3,139
1127719,27,66,50,19,4,166,5,171
1127720,19,54,39,13,8,133,4,137
1127721,0,25,70,16,10,121,3,124
1127722,3,30,45,18,3,99,3,102
1127723,24,115,43,8,3,193,15,208
1127724,10,67,24,4,4,109,4,113
1127725,9,70,71,20,10,180,6,186
1127726,0,47,53,18,10,128,0,128
1127727,6,78,77,22,6,189,4,193
1127728,16,80,66,20,5,187,5,192
1127729,4,44,49,21,4,122,5,127
1127730,0,40,80,27,13,160,0,160
1127731,0,15,51,16,16,98,3,101
1127732,0,36,93,40,22,191,0,191
1127733,19,95,59,18,6,197,5,202
1127734,11,47,53,16,4,131,6,137
1127735,10,60,48,13,9,140,3,143
1127736,3,33,25,14,6,81,0,81
1127737,7,66,79,15,5,172,3,175
1127738,4,36,35,15,6,96,0,96
1127739,8,80,46,14,5,153,3,156
1127740,0,0,0,0,0,0,0,0
1127741,4,18,52,24,6,104,0,104
1127801,7,36,70,18,8,139,6,145
1127802,3,55,48,13,0,119,3,122
1127803,0,88,87,22,7,204,3,207
1127804,0,39,34,4,4,81,0,81
1127805,0,0,0,0,0,0,0,0
1127806,3,11,11,3,3,31,0,31
1127807,0,27,28,23,18,96,0,96
1127808,29,27,4,3,4,67,7,74
1127809,3,69,41,13,3,129,7,136
1127810,24,65,24,4,0,117,7,124
1127811,37,80,20,3,4,144,9,153
1127812,39,77,27,9,3,155,9,164
1127813,12,78,55,16,3,164,9,173
1127814,16,151,112,44,14,337,10,347
1127815,47,98,68,17,7,237,11,248
1127816,45,108,23,12,0,188,6,194
1127817,21,59,34,8,0,122,8,130
1127818,19,68,23,13,0,123,5,128
1127819,38,77,24,4,0,143,7,150
1127820,0,43,54,15,0,112,10,122
1127821,31,69,43,6,5,154,7,161
1127822,6,20,69,29,26,150,3,153
1127823,4,25,37,18,7,91,5,96
1127824,4,5,16,5,0,30,3,33
1127825,0,16,50,24,18,108,3,111
1127826,4,69,96,23,8,200,3,203
1127827,3,30,53,13,4,103,0,103
1127828,5,50,67,17,12,151,3,154
1127829,3,55,63,10,9,140,4,144
1127830,15,56,34,5,7,117,4,121
1127831,9,45,25,5,0,84,5,89
1127832,6,57,65,12,8,148,3,151
1127833,29,73,41,6,0,149,7,156
1127834,22,57,35,5,0,119,8,127
1127835,23,69,48,27,8,175,4,179
1127836,23,46,44,8,0,121,11,132
1127837,18,42,27,10,5,102,3,105
1127838,4,27,28,14,0,73,3,76
1127839,0,20,59,42,22,143,3,146
1127840,45,122,65,13,6,251,15,266
1127841,10,51,55,10,5,131,3,134
1127842,56,69,30,10,4,169,10,179
1127843,7,42,34,12,11,106,0,106
1127844,9,43,50,13,3,118,3,121
1127845,0,52,60,12,4,128,0,128
1127846,4,40,71,22,6,143,0,143
1127901,0,0,0,0,0,0,0,0
1127902,0,0,0,0,0,0,0,0
1127903,0,0,0,0,0,0,0,0
1127904,14,100,93,10,5,222,9,231
1127905,3,43,48,23,5,122,3,125
1127906,0,20,29,14,9,72,4,76
1127907,4,49,36,14,5,108,0,108
1127908,11,65,50,23,6,155,9,164
1127909,9,52,48,9,4,122,7,129
1127910,3,71,52,11,7,144,3,147
1127911,3,70,107,24,3,207,3,210
1127912,3,53,36,11,3,106,3,109
1127913,0,44,52,15,4,115,3,118
1127914,5,48,31,7,3,94,3,97
1127915,10,84,45,14,6,159,4,163
1127916,8,86,64,12,9,179,5,184
1127917,3,51,47,11,7,119,0,119
1127918,5,39,35,17,0,96,3,99
1127919,0,23,24,10,10,67,0,67
1127920,13,86,10,4,0,113,5,118
1127921,4,66,43,17,11,141,3,144
1127922,8,100,63,15,3,189,15,204
1127923,5,70,91,24,12,202,4,206
1127924,0,22,20,4,0,46,3,49
1127925,8,66,33,7,3,117,7,124
1127926,5,61,25,3,4,98,7,105
1127927,20,86,45,13,6,170,6,176
1127928,13,73,53,13,5,157,3,160
1127929,15,88,38,15,0,156,11,167
1127930,9,62,49,9,3,132,4,136
1127931,17,90,39,9,6,161,9,170
1127932,15,95,35,9,0,154,11,165
1127933,15,81,39,6,4,145,0,145
1127934,4,115,73,17,3,212,6,218
1127935,7,39,34,4,4,88,3,91
1127936,14,78,78,17,5,192,8,200
1127937,10,75,61,10,5,161,8,169
1127938,0,0,0,0,0,0,0,0
1128001,9,49,26,3,0,87,3,90
1128002,14,50,29,3,3,99,10,109
1128003,32,106,48,13,6,205,11,216
1128004,7,80,52,5,6,150,4,154
1128005,8,42,56,25,15,146,0,146
1128006,18,92,44,6,7,167,9,176
1128007,0,0,0,0,0,0,0,0
1128008,13,61,38,10,0,122,3,125
1128009,3,63,51,9,4,130,9,139
1128010,42,85,24,8,0,159,10,169
1128011,25,68,39,5,0,137,6,143
1128012,10,75,44,6,4,139,12,151
1128013,11,41,36,16,7,111,4,115
1128014,3,57,36,7,5,108,3,111
1128101,0,13,42,18,21,94,4,98
1128102,3,26,53,21,8,111,0,111
1128103,0,39,52,27,17,135,4,139
1128104,0,37,67,17,15,136,4,140
1128105,0,25,49,16,14,104,0,104
1128106,0,19,51,8,9,87,4,91
1128107,0,33,48,19,4,104,4,108
1128108,3,18,57,19,12,109,0,109
1128109,0,8,34,27,12,81,4,85
1128110,3,41,54,27,12,137,3,140
1128201,0,0,0,0,0,0,0,0
1128202,20,83,38,19,4,164,14,178
1128203,3,98,87,20,10,218,6,224
1128204,0,78,90,19,11,198,10,208
1128205,12,101,71,9,0,193,4,197
1128206,8,62,47,7,7,131,0,131
1128207,21,57,28,6,0,112,0,112
1128208,22,69,46,12,4,153,5,158
1128209,23,60,43,3,0,129,7,136
1128210,12,77,53,7,3,152,8,160
1128211,17,84,38,11,0,150,3,153
1128212,0,62,68,16,9,155,0,155
1128213,0,45,29,7,0,81,5,86
1128214,11,81,56,18,0,166,6,172
1128215,4,82,57,19,6,168,5,173
1128216,0,33,30,12,7,82,3,85
1128217,0,41,64,16,3,124,0,124
1128218,3,12,32,16,12,75,3,78
1128219,29,136,49,14,3,231,10,241
1128220,14,74,28,13,3,132,3,135
1128221,9,95,57,12,3,176,10,186
1128222,5,65,51,8,3,132,5,137
1128223,6,82,65,10,5,168,4,172
1128224,11,67,70,12,5,165,3,168
1128225,10,27,32,11,6,86,9,95
1128226,12,65,53,19,5,154,9,163
1128227,4,74,70,11,4,163,4,167
1128228,7,72,62,8,0,149,5,154
1128229,3,71,63,17,6,160,3,163
1128230,9,84,52,18,5,168,4,172
1128231,11,98,64,18,3,194,9,203
1128232,15,49,35,9,5,113,0,113
1128233,10,83,32,15,3,143,6,149
1128234,6,59,38,8,4,115,3,118
1128235,6,99,70,17,0,192,9,201
1128236,7,66,33,6,0,112,0,112
1128237,3,56,69,12,3,143,0,143
1128238,11,68,51,5,5,140,8,148
1128239,4,43,41,10,0,98,7,105
1128301,0,39,29,6,4,78,0,78
1128302,5,66,60,17,5,153,0,153
1128303,0,29,35,19,3,86,0,86
1128304,5,93,52,14,6,170,5,175
1128305,7,105,92,26,4,234,5,239
1128306,3,51,58,12,5,129,9,138
1128307,3,67,71,18,3,162,10,172
1128308,0,22,29,12,16,79,3,82
1128309,0,26,48,25,13,112,6,118
1128310,0,18,44,6,3,71,0,71
1128311,0,0,0,0,0,0,0,0
1128312,0,3,5,0,0,8,3,11
1128313,0,19,41,24,7,91,3,94
1128314,10,80,63,11,3,167,4,171
1128315,3,27,31,14,3,78,0,78
1128316,0,49,35,3,3,90,7,97
1128317,0,31,44,19,3,97,3,100
1128401,14,58,51,5,6,134,4,138
1128402,16,66,38,9,4,133,3,136
1128403,0,41,51,14,3,109,3,112
1128404,3,35,66,13,9,126,5,131
1128405,11,99,74,26,7,217,3,220
1128406,0,43,66,11,3,123,3,126
1128407,0,62,64,19,3,148,8,156
1128408,3,40,52,12,8,115,3,118
1128409,0,67,122,19,10,218,4,222
1128410,0,10,26,19,3,58,0,58
1128411,0,37,83,12,8,140,0,140
1128412,0,35,50,22,7,114,0,114
1128413,40,136,48,10,4,238,14,252
1128414,3,40,42,6,6,97,0,97
1128415,4,78,52,17,3,154,11,165
1128416,19,82,56,14,4,175,4,179
1128417,6,53,37,9,3,108,6,114
1128418,15,74,68,8,4,169,3,172
1128419,10,103,43,7,0,163,10,173
1128420,0,50,57,12,0,119,3,122
1128421,5,60,60,16,4,145,3,148
1128422,11,69,119,22,5,226,9,235
1128423,4,44,54,14,14,130,0,130
1128424,17,46,64,11,6,144,4,148
1128425,4,39,60,16,9,128,3,131
1128426,5,55,95,32,14,201,3,204
1128427,12,87,39,13,4,155,7,162
1128428,8,69,46,11,6,140,0,140
1128429,3,15,20,5,3,46,0,46
1128430,9,61,110,24,16,220,0,220
1128431,48,149,41,8,3,249,13,262
1128501,3,16,53,23,14,109,3,112
1128502,3,31,47,27,16,124,0,124
1128503,7,30,35,7,3,82,4,86
1128504,7,41,51,14,11,124,6,130
1128505,3,39,75,17,14,148,12,160
1128506,7,44,81,28,20,180,7,187
1128507,4,34,59,23,17,137,4,141
1128508,6,22,42,13,18,101,4,105
1128509,0,44,57,20,0,121,3,124
1128510,0,36,50,25,12,123,3,126
1128511,3,34,46,11,14,108,3,111
1128512,0,9,16,17,9,51,0,51
1128513,9,57,81,29,21,197,4,201
1128514,3,35,47,9,7,101,4,105
1128515,0,21,52,19,14,106,3,109
1128516,0,0,8,4,0,12,0,12
1128601,18,76,50,12,3,159,12,171
1128602,0,0,0,0,0,0,0,0
1128603,3,37,43,24,4,111,4,115
1128604,3,58,72,17,3,153,0,153
1128605,13,56,61,9,3,142,4,146
1128606,0,44,58,16,17,135,9,144
1128607,25,125,54,19,10,233,18,251
1128608,24,60,22,7,3,116,5,121
1128609,12,60,39,6,3,120,7,127
1128610,13,77,53,14,0,157,6,163
1128611,0,43,57,13,22,135,3,138
1128612,0,0,0,0,0,0,0,0
1128613,3,94,64,15,11,187,8,195
1128614,25,105,55,14,4,203,13,216
1128615,7,72,79,27,11,196,0,196
1128616,3,17,26,11,12,69,4,73
1128617,3,22,35,10,11,81,0,81
1128618,3,45,40,12,3,103,3,106
1128619,10,76,55,19,11,171,4,175
1128620,6,68,74,16,11,175,5,180
1128621,0,36,27,14,7,84,3,87
1128622,3,39,43,15,6,106,0,106
1128623,3,26,31,13,9,82,0,82
1128701,13,47,57,10,11,138,0,138
1128702,3,38,48,20,15,124,3,127
1128703,30,83,73,20,16,222,6,228
1128704,24,124,75,20,12,255,12,267
1128705,17,64,57,12,6,156,4,160
1128706,5,42,31,15,9,102,3,105
1128707,11,66,64,16,9,166,4,170
1128708,13,93,61,18,10,195,6,201
1128709,3,40,60,23,9,135,3,138
1128710,13,57,52,13,8,143,3,146
1128711,17,46,40,6,6,115,13,128
1128712,26,32,19,3,3,83,6,89
1128713,21,41,19,3,3,87,4,91
1128714,11,83,116,39,21,270,3,273
1128715,3,3,11,3,0,20,0,20
1128716,0,31,61,26,19,137,3,140
1128717,35,106,46,10,3,200,3,203
1128718,0,50,56,9,8,123,0,123
1128719,3,46,44,15,5,113,3,116
1128720,4,41,29,7,0,81,0,81
1128721,7,67,88,23,12,197,7,204
1128722,0,0,0,0,0,0,0,0
1128723,5,45,53,20,6,129,3,132
1128724,0,27,29,19,8,83,3,86
1128725,0,19,18,3,5,45,3,48
1128726,0,0,3,0,0,3,0,3
1128801,0,26,23,9,3,61,6,67
1128802,0,44,37,10,6,97,0,97
1128803,4,36,33,9,4,86,3,89
1128804,3,25,58,15,6,107,4,111
1128805,5,29,60,23,10,127,0,127
1128806,0,10,41,21,12,84,0,84
1128807,3,36,100,39,14,192,4,196
1128808,0,24,29,15,7,75,0,75
1128809,0,37,42,11,5,95,3,98
1128810,0,0,0,0,3,3,0,3
1128811,0,23,41,11,5,80,0,80
1128812,3,53,106,29,25,216,3,219
1128901,7,110,101,26,13,257,6,263
1128902,6,49,59,16,5,135,0,135
1128903,4,73,92,26,9,204,5,209
1128904,4,25,67,25,29,150,4,154
1128905,0,10,18,13,12,53,3,56
1128906,3,34,58,31,15,141,5,146
1128907,0,17,39,17,11,84,4,88
1128908,0,9,31,9,11,60,3,63
1128909,3,23,48,24,16,114,4,118
1128910,3,25,52,25,7,112,3,115
1128911,0,8,27,8,7,50,4,54
1128912,0,13,22,14,5,54,0,54
1128913,4,48,40,8,10,110,5,115
1128914,10,82,41,8,9,150,8,158
1128915,3,53,48,8,0,112,3,115
1128916,7,82,77,10,4,180,5,185
1128917,5,65,38,15,8,131,4,135
1128918,6,39,43,17,8,113,4,117
1128919,3,15,28,16,12,74,0,74
1129001,3,69,94,11,6,183,0,183
1129002,9,133,107,13,13,275,0,275
1129003,12,87,81,14,3,197,3,200
1129004,18,123,80,4,3,228,8,236
1129005,11,118,95,16,4,244,5,249
1129006,0,37,59,20,7,123,0,123
1129007,4,7,43,16,8,78,0,78
1129008,4,46,95,32,18,195,0,195
1129009,3,38,59,27,12,139,0,139
1129010,3,30,86,21,14,154,0,154
1129011,3,32,74,8,5,122,0,122
1129012,4,32,87,27,9,159,0,159
1129013,3,58,89,26,7,183,3,186
1129014,3,60,79,16,4,162,5,167
1129015,9,32,74,19,3,137,0,137
1129016,3,38,104,20,11,176,0,176
1129017,4,35,47,15,0,101,3,104
1129018,0,36,91,30,9,166,0,166
1129019,3,25,64,17,7,116,0,116
1129020,0,32,76,16,4,128,3,131
1129021,0,41,84,23,10,158,3,161
1129022,3,44,70,12,5,134,7,141
1129023,4,49,47,14,3,117,0,117
1129024,4,46,91,21,10,172,0,172
1129025,0,28,43,12,0,83,0,83
1129026,5,50,85,25,12,177,3,180
1129027,3,32,51,21,8,115,4,119
1129028,11,68,78,13,4,174,3,177
1129029,6,51,74,23,11,165,5,170
1129030,0,25,61,12,5,103,3,106
1129031,4,52,79,25,9,169,0,169
1129032,40,93,83,23,3,242,9,251
1129033,3,105,113,22,6,249,5,254
1129034,0,18,35,8,4,65,0,65
1129035,3,62,72,12,12,161,4,165
1129036,3,59,71,15,3,151,3,154
1129037,15,158,90,14,3,280,3,283
1129038,4,48,41,7,3,103,3,106
1129039,3,16,37,11,3,70,3,73
1129040,7,64,61,32,5,169,4,173
1129041,4,65,44,3,3,119,0,119
1129042,7,65,72,23,5,172,0,172
1129043,8,97,73,22,9,209,4,213
1129044,3,13,57,15,3,91,0,91
1129045,0,49,93,35,10,187,0,187
1129046,4,35,23,10,3,75,3,78
1129047,6,11,44,12,9,82,0,82
1129101,4,21,50,28,8,111,4,115
1129102,0,14,43,18,21,96,0,96
1129103,4,20,72,29,19,144,0,144
1129104,0,18,52,29,14,113,0,113
1129105,0,22,70,30,17,139,0,139
1129106,4,30,65,25,6,130,0,130
1129107,0,18,37,11,11,77,0,77
1129108,4,30,78,24,8,144,0,144
1129109,3,28,63,31,15,140,3,143
1129110,0,22,71,27,17,137,0,137
1129111,0,18,80,35,12,145,0,145
1129112,4,15,53,20,19,111,0,111
1129113,3,27,40,12,4,86,0,86
1129114,3,24,60,18,14,119,0,119
1129115,4,17,69,33,8,131,3,134
1129116,3,50,95,23,12,183,0,183
1129117,0,14,43,17,15,89,0,89
1129118,3,28,70,14,6,121,3,124
1129119,0,23,65,26,17,131,0,131
1129120,3,15,64,23,18,123,3,126
1129121,0,22,56,23,22,123,0,123
1129122,0,15,43,15,9,82,3,85
1129123,5,23,56,16,6,106,0,106
1129124,0,13,52,19,6,90,3,93
1129125,6,68,50,13,3,140,3,143
1129126,3,37,148,64,35,287,5,292
1129127,0,0,0,0,0,0,0,0
1129128,7,39,80,24,19,169,0,169
1129129,0,26,81,33,23,163,0,163
1129130,0,15,26,16,3,60,3,63
1129131,4,18,56,19,7,104,0,104
1129132,0,23,35,8,3,69,0,69
1129133,4,33,72,26,11,146,3,149
1129134,0,10,27,19,9,65,3,68
1129135,0,33,46,11,8,98,0,98
1129136,0,10,24,18,8,60,3,63
1129137,4,9,63,36,16,128,0,128
1129138,0,0,0,0,0,0,0,0
1129139,3,31,63,23,13,133,0,133
1129140,3,33,78,17,10,141,0,141
1129141,0,27,62,19,7,115,0,115
1129142,5,33,83,25,13,159,0,159
1129143,0,33,82,46,29,190,4,194
1129144,3,27,65,26,15,136,0,136
1129145,6,34,78,24,13,155,0,155
1129146,3,41,47,18,16,125,3,128
1129147,0,0,0,0,0,0,0,0
1129201,3,23,43,12,10,91,0,91
1129202,0,28,75,27,25,155,0,155
1129203,0,13,60,26,15,114,0,114
1129204,4,35,77,25,15,156,3,159
1129205,3,16,48,17,10,94,0,94
1129206,0,36,66,19,18,139,3,142
1129207,0,24,51,18,9,102,3,105
1129208,6,18,35,15,10,84,0,84
1129209,3,28,69,17,5,122,3,125
1129210,8,23,71,24,21,147,0,147
1129211,36,78,33,8,13,168,7,175
1129212,3,44,72,28,11,158,3,161
1129213,0,34,89,37,20,180,0,180
1129214,0,0,0,0,0,0,0,0
1129215,0,24,51,11,5,91,0,91
1129216,0,26,36,18,4,84,0,84
1129217,7,34,80,32,19,172,5,177
1129218,5,59,94,28,9,195,0,195
1129219,0,59,91,30,5,185,5,190
1129220,7,81,65,17,5,175,0,175
1129221,3,48,64,18,3,136,4,140
1129222,0,24,49,23,12,108,0,108
1129223,4,14,46,17,16,97,0,97
1129224,0,19,55,18,13,105,0,105
1129225,9,61,101,22,15,208,4,212
1129226,0,14,28,14,8,64,0,64
1129227,4,19,84,40,18,165,0,165
1129228,3,14,82,37,20,156,0,156
1129229,3,14,43,13,5,78,0,78
1129230,5,31,79,26,37,178,0,178
1129231,0,41,86,29,15,171,0,171
1129232,0,13,32,13,11,69,0,69
1129233,0,17,61,27,18,123,4,127
1129234,0,32,59,27,14,132,3,135
1129235,10,53,71,9,5,148,0,148
1129236,6,54,60,15,3,138,0,138
1129237,27,96,70,14,3,210,17,227
1129238,3,27,70,33,20,153,4,157
1129239,0,23,81,34,10,148,3,151
1129240,5,41,60,21,8,135,0,135
1129241,13,102,93,24,7,239,5,244
1129242,8,53,80,23,8,172,3,175
1129243,0,0,0,0,0,0,0,0
1129244,0,24,46,23,13,106,4,110
1129245,4,65,90,18,7,184,4,188
1129246,11,48,97,36,7,199,4,203
1129247,10,82,46,16,3,157,3,160
1129248,22,173,85,12,5,297,7,304
1129249,20,134,114,13,3,284,0,284
1129250,3,53,71,12,9,148,0,148
1129251,3,84,83,26,11,207,0,207
1129252,0,0,0,0,0,0,0,0
1129253,3,31,65,16,10,125,0,125
1129254,3,18,54,22,10,107,3,110
1129255,3,17,41,22,5,88,3,91
1129256,0,15,44,23,8,90,0,90
1129257,3,16,63,32,15,129,0,129
1129258,3,6,67,28,6,110,5,115
1129259,0,14,76,28,20,138,6,144
1129260,6,60,45,20,6,137,5,142
1129261,37,238,136,28,10,449,11,460
1129262,3,30,71,30,12,146,4,150
1129263,4,30,39,6,4,83,4,87
1129264,0,9,35,16,19,79,0,79
1129301,3,24,51,18,8,104,0,104
1129302,0,23,60,21,14,118,0,118
1129303,7,42,75,24,22,170,0,170
1129304,0,15,45,21,4,85,0,85
1129305,7,67,86,14,8,182,0,182
1129306,0,22,48,16,11,97,0,97
1129307,4,27,46,16,6,99,0,99
1129308,14,73,68,21,3,179,0,179
1129309,0,9,27,16,9,61,3,64
1129310,0,21,49,12,12,94,4,98
1129311,0,13,34,17,12,76,3,79
1129312,0,4,38,11,7,60,3,63
1129313,0,35,42,14,7,98,0,98
1129314,0,17,47,11,0,75,0,75
1129315,3,44,77,16,8,148,0,148
1129316,3,16,54,12,6,91,0,91
1129317,3,29,69,31,10,142,4,146
1129318,3,17,43,16,7,86,3,89
1129319,8,27,63,14,12,124,0,124
1129320,3,24,54,20,10,111,0,111
1129321,17,74,42,25,0,158,3,161
1129322,0,24,38,18,0,80,0,80
1129323,4,14,26,8,6,58,0,58
1129324,0,19,35,15,3,72,0,72
1129325,0,28,66,23,18,135,3,138
1129326,0,17,32,15,3,67,0,67
1129327,6,29,56,21,10,122,0,122
1129328,3,23,42,18,14,100,4,104
1129329,0,31,48,22,3,104,0,104
1129330,0,25,49,20,4,98,0,98
1129331,0,27,82,23,10,142,0,142
1129332,0,34,58,4,8,104,3,107
1129333,4,42,68,15,7,136,5,141
1129334,0,41,64,17,7,129,3,132
1129335,0,10,52,23,10,95,0,95
1129336,3,35,69,19,16,142,0,142
1129337,3,22,85,39,17,166,3,169
1129338,0,24,57,21,5,107,0,107
1129339,0,25,66,30,6,127,0,127
1129340,0,22,51,26,5,104,0,104
1129341,0,21,42,6,4,73,0,73
1129342,27,51,15,5,3,101,10,111
1129343,0,0,0,0,0,0,0,0
1129344,20,55,37,10,0,122,3,125
1129345,157,200,19,0,0,376,34,410
1129346,0,0,0,0,0,0,0,0
1129347,3,41,64,16,10,134,4,138
1129348,0,39,61,11,11,122,4,126
1129349,3,35,45,9,3,95,0,95
1129350,3,44,37,4,3,91,0,91
1129351,0,35,115,37,7,194,0,194
1129352,3,8,74,21,11,117,3,120
1129353,3,9,52,13,15,92,0,92
1129354,0,9,47,17,7,80,0,80
1129355,0,13,45,7,14,79,0,79
1129356,0,25,69,22,10,126,5,131
1129357,4,23,52,23,15,117,3,120
1129358,0,38,73,11,18,140,6,146
1129359,0,23,58,15,5,101,0,101
1129360,0,35,60,14,6,115,0,115
1129361,0,15,37,14,3,69,0,69
1129362,5,51,56,15,12,139,0,139
1129363,3,47,82,31,13,176,3,179
1129364,0,17,58,17,9,101,0,101
1129401,0,17,78,42,32,169,0,169
1129402,3,13,44,29,14,103,3,106
1129403,5,64,27,13,8,117,6,123
1129404,0,4,10,3,8,25,0,25
1129405,5,67,55,11,4,142,5,147
1129406,3,14,40,28,10,95,3,98
1129407,0,17,42,17,12,88,3,91
1129408,0,21,62,38,21,142,0,142
1129409,3,9,50,26,16,104,0,104
1129410,0,19,32,21,13,85,4,89
1129411,0,10,28,11,12,61,0,61
1129412,0,12,57,31,25,125,0,125
1129413,3,37,97,32,22,191,0,191
1129414,3,25,53,20,12,113,0,113
1129415,9,29,35,21,15,109,3,112
1129416,0,21,71,25,19,136,0,136
1129501,0,12,36,13,5,66,3,69
1129502,0,28,78,34,9,149,4,153
1129503,0,33,63,24,15,135,5,140
1129504,0,24,96,25,16,161,3,164
1129505,0,34,94,38,15,181,0,181
1129506,3,36,79,28,8,154,3,157
1129507,0,23,47,19,6,95,0,95
1129508,0,12,60,23,5,100,4,104
1129509,3,35,116,38,10,202,3,205
1129510,0,12,73,30,8,123,3,126
1129511,3,31,62,17,4,117,4,121
1129512,5,32,104,30,17,188,0,188
1129513,3,15,58,21,10,107,5,112
1129514,5,33,90,29,18,175,0,175
1129515,0,26,91,21,17,155,3,158
1129516,0,20,103,43,21,187,3,190
1129517,0,13,39,14,7,73,0,73
1129518,10,55,84,21,8,178,0,178
1129519,3,39,74,22,12,150,0,150
1129520,3,33,74,29,10,149,3,152
1129521,0,22,48,20,5,95,3,98
1129522,0,40,100,31,12,183,0,183
1129523,0,39,94,25,10,168,3,171
1129524,0,38,89,32,19,178,5,183
1129525,3,22,85,29,9,148,3,151
1129526,0,22,64,16,10,112,3,115
1129527,0,19,84,23,14,140,3,143
1129528,3,16,51,18,10,98,0,98
1129529,3,21,53,33,13,123,0,123
1129530,3,27,74,32,15,151,0,151
1129531,0,19,46,15,6,86,0,86
1129532,0,13,44,25,8,90,0,90
1129533,3,26,63,19,8,119,0,119
1129534,0,15,52,31,3,101,0,101
1129535,0,38,125,48,13,224,3,227
1129536,3,30,51,22,19,125,0,125
1129537,3,40,92,19,8,162,0,162
1129538,0,18,109,26,14,167,0,167
1129539,0,21,51,11,4,87,0,87
1129540,6,26,58,23,20,133,7,140
1129541,0,13,54,16,6,89,3,92
1129542,4,29,81,35,11,160,0,160
1129543,4,51,65,19,8,147,5,152
1129544,8,34,81,23,22,168,3,171
1129545,0,20,69,41,11,141,3,144
1129546,4,53,127,27,14,225,3,228
1129547,0,20,69,21,7,117,3,120
1129548,0,22,79,26,18,145,0,145
1129601,3,13,57,22,6,101,4,105
1129602,0,24,45,23,7,99,0,99
1129603,6,56,44,22,10,138,3,141
1129604,0,15,33,14,8,70,0,70
1129605,0,23,66,15,8,112,0,112
1129606,0,18,62,39,17,136,5,141
1129607,0,12,44,15,9,80,0,80
1129608,0,39,40,8,4,91,0,91
1129609,0,20,53,18,9,100,3,103
1129610,0,31,92,34,19,176,4,180
1129611,0,19,62,26,13,120,5,125
1129612,0,22,46,24,9,101,3,104
1129613,0,14,54,18,12,98,0,98
1129614,0,30,104,32,23,189,0,189
1129615,3,27,63,19,13,125,3,128
1129616,0,13,52,29,17,111,0,111
1129617,3,22,52,20,16,113,3,116
1129618,37,29,16,3,12,97,11,108
1129619,0,29,61,23,16,129,0,129
1129620,3,19,58,39,24,143,0,143
1129621,0,20,52,25,12,109,3,112
1129622,3,41,84,35,22,185,3,188
1129623,0,26,53,20,10,109,3,112
1129624,0,13,40,14,10,77,0,77
1129625,0,23,70,31,9,133,4,137
1129626,4,8,21,33,9,75,0,75
1129627,0,22,54,20,14,110,3,113
1129628,4,19,73,37,21,154,0,154
1129629,0,8,65,26,29,128,0,128
1129630,0,14,60,24,3,101,0,101
1129631,0,9,51,24,20,104,4,108
1129632,0,17,64,34,18,133,4,137
1129701,0,7,50,26,29,112,0,112
1129702,5,7,41,20,29,102,0,102
1129703,3,11,48,35,22,119,0,119
1129704,7,24,42,15,28,116,3,119
1129705,0,30,39,25,16,110,0,110
1129706,3,13,27,13,10,66,0,66
1129707,0,15,29,22,19,85,3,88
1129708,3,13,39,16,15,86,7,93
1129709,3,18,56,37,20,134,8,142
1129710,4,22,41,26,22,115,3,118
1129711,3,4,20,15,18,60,0,60
1129712,0,14,38,12,29,93,3,96
1129713,50,114,53,11,5,233,14,247
1129714,4,24,48,44,28,148,4,152
1129715,0,9,45,24,17,95,0,95
1129716,0,15,45,6,7,73,3,76
1129717,0,16,27,17,15,75,0,75
1129718,0,17,42,19,22,100,8,108
1129719,3,20,31,20,27,101,0,101
1129720,0,20,43,14,22,99,0,99
1129721,0,15,39,21,13,88,0,88
1129722,3,7,62,28,36,136,0,136
1129723,12,56,29,14,12,123,3,126
1129724,3,18,35,16,12,84,0,84
1129725,3,17,40,25,10,95,5,100
1129726,5,35,26,14,20,100,5,105
1129727,7,24,32,8,0,71,3,74
1129728,4,16,35,20,17,92,3,95
1129729,0,16,36,20,16,88,5,93
1129730,0,13,25,15,17,70,0,70
1129731,0,17,35,21,27,100,4,104
1129732,4,22,59,25,26,136,0,136
1129733,0,17,38,27,28,110,3,113
1129734,9,69,75,26,11,190,4,194
1129735,0,20,41,13,26,100,3,103
1129736,0,28,70,24,6,128,3,131
1129737,3,31,67,24,15,140,3,143
1129738,0,15,45,21,19,100,3,103
1129739,0,11,44,24,34,113,0,113
1129740,22,17,24,20,11,94,0,94
1129741,4,15,31,15,17,82,0,82
1129742,0,9,32,20,23,84,0,84
1129743,0,33,49,17,14,113,3,116
1129744,3,16,61,12,9,101,4,105
1129745,0,8,31,23,15,77,0,77
1129746,0,17,56,19,15,107,0,107
1129747,3,31,76,13,12,135,3,138
1129748,0,27,37,39,26,129,0,129
1129749,0,10,41,20,24,95,0,95
1129750,0,17,44,33,26,120,3,123
1129751,0,4,43,35,26,108,5,113
1129752,4,5,53,35,27,124,0,124
1129753,4,34,55,35,29,157,4,161
1129754,0,14,41,20,31,106,0,106
1129755,4,17,57,22,18,118,0,118
1129756,0,27,64,25,13,129,3,132
1129757,0,6,34,13,8,61,0,61
1129758,0,12,23,19,24,78,0,78
1129801,3,6,37,23,18,87,3,90
1129802,3,12,40,13,20,88,4,92
1129803,0,27,43,23,25,118,4,122
1129804,0,4,40,16,16,76,4,80
1129805,0,13,33,7,12,65,0,65
1129806,4,19,44,28,18,113,4,117
1129807,0,29,60,24,17,130,0,130
1129808,0,19,50,14,15,98,0,98
1129809,0,18,34,20,23,95,3,98
1129810,6,22,31,9,12,80,4,84
1129811,0,32,27,25,17,101,0,101
1129812,7,35,45,15,10,112,3,115
1129813,30,66,5,0,0,101,6,107
1129814,9,52,88,18,10,177,3,180
1129815,0,19,29,15,22,85,0,85
1129816,4,11,22,9,16,62,0,62
1129817,4,13,26,20,18,81,0,81
1129901,3,25,47,17,17,109,0,109
1129902,3,54,80,29,15,181,9,190
1129903,5,39,34,22,10,110,4,114
1129904,3,13,37,20,13,86,3,89
1129905,7,43,36,3,3,92,3,95
1129906,3,9,26,10,7,55,3,58
1129907,3,27,28,13,8,79,0,79
1129908,3,48,46,7,11,115,4,119
1130001,7,31,63,24,10,135,0,135
1130002,0,51,77,25,12,165,7,172
1130003,0,15,28,13,16,72,0,72
1130004,3,23,43,33,24,126,0,126
1130005,0,15,37,14,12,78,3,81
1130006,0,3,25,28,14,70,4,74
1130007,0,12,52,28,13,105,4,109
1130008,0,0,0,0,0,0,0,0
1130009,7,32,36,21,6,102,0,102
1130010,0,32,44,15,14,105,4,109
1130011,3,18,43,23,8,95,4,99
1130012,0,21,42,12,6,81,4,85
1130013,0,23,47,16,20,106,0,106
1130014,3,18,37,14,16,88,0,88
1130015,0,27,35,20,7,89,0,89
1130016,0,43,71,51,25,190,5,195
1130017,0,15,40,23,12,90,0,90
1130018,0,9,52,23,28,112,0,112
1130019,4,11,75,33,23,146,3,149
1130020,0,10,22,10,17,59,3,62
1130021,3,12,39,13,17,84,3,87
1130022,0,29,58,30,24,141,8,149
1130023,4,23,64,32,27,150,8,158
1130024,0,11,28,19,21,79,0,79
1130025,3,17,35,20,27,102,0,102
1130026,4,37,53,27,12,133,3,136
1130027,3,23,44,12,5,87,0,87
1130028,3,16,37,24,11,91,3,94
1130029,4,27,69,31,27,158,3,161
1130030,4,17,21,6,18,66,0,66
1130031,0,35,63,26,16,140,0,140
1130032,0,13,37,16,15,81,4,85
1130033,4,10,39,20,20,93,3,96
1130034,0,19,43,29,17,108,3,111
1130035,3,17,61,36,20,137,0,137
1130036,3,26,60,15,11,115,0,115
1130037,8,26,71,24,13,142,5,147
1130038,3,13,49,20,17,102,3,105
1130039,0,0,0,0,0,0,0,0
1130040,3,25,25,24,13,90,0,90
1130041,3,19,58,32,27,139,0,139
1130042,3,9,46,28,36,122,4,126
1130043,0,25,69,40,29,163,3,166
1130044,3,16,36,23,8,86,0,86
1130045,0,28,64,19,13,124,4,128
1130046,3,17,34,10,10,74,3,77
1130047,3,60,75,30,13,181,4,185
1130048,0,17,45,34,35,131,4,135
1130049,4,49,69,29,19,170,0,170
1130050,0,12,44,21,20,97,0,97
1130051,0,9,36,36,19,100,4,104
1130052,0,7,48,18,15,88,0,88
1130053,0,10,33,19,20,82,0,82
1130054,0,28,62,18,22,130,0,130
1130055,4,26,34,20,5,89,3,92
1130056,0,19,43,27,27,116,5,121
1130057,26,30,19,5,7,87,10,97
1130058,0,19,42,14,21,96,0,96
1130059,0,8,6,6,6,26,4,30
1130060,0,6,15,12,22,55,0,55
1130061,3,0,12,7,10,32,5,37
1130062,5,28,62,30,24,149,3,152
1130063,3,20,56,22,14,115,0,115
1130101,11,44,39,19,26,139,9,148
1130102,5,16,16,7,20,64,4,68
1130103,30,41,39,22,17,149,18,167
1130104,5,44,87,32,18,186,4,190
1130105,0,23,59,16,3,101,3,104
1130106,3,20,48,19,25,115,5,120
1130107,3,31,50,42,24,150,3,153
1130108,0,16,45,33,15,109,0,109
1130109,0,36,85,29,23,173,3,176
1130110,3,21,37,33,25,119,3,122
1130111,5,19,33,18,21,96,4,100
1130112,0,24,65,19,13,121,4,125
1130113,3,30,46,12,3,94,3,97
1130114,0,38,47,28,9,122,7,129
1130115,3,39,41,25,27,135,11,146
1130116,4,48,94,36,27,209,6,215
1130117,6,8,35,20,24,93,4,97
1130118,0,26,75,48,33,182,3,185
1130119,0,12,52,28,25,117,3,120
1130120,0,15,52,30,31,128,7,135
1130121,0,25,43,39,30,137,3,140
1130122,0,15,26,16,18,75,3,78
1130201,0,26,73,22,7,128,0,128
1130202,3,17,60,10,4,94,0,94
1130203,0,13,60,27,16,116,0,116
1130204,0,38,128,26,5,197,3,200
1130205,0,28,109,24,7,168,3,171
1130206,0,37,104,24,7,172,0,172
1130207,0,17,27,11,19,74,0,74
1130208,5,17,50,22,49,143,5,148
1130209,3,20,37,25,30,115,3,118
1130210,3,37,70,18,38,166,7,173
1130211,0,29,82,18,10,139,3,142
1130212,0,29,71,14,4,118,0,118
1130213,3,13,26,23,3,68,0,68
1130214,5,18,71,17,15,126,0,126
1130215,3,15,74,28,6,126,0,126
1130216,0,8,58,21,10,97,0,97
1130217,0,10,53,22,8,93,3,96
1130218,0,36,39,23,30,128,3,131
1130219,3,20,92,30,13,158,0,158
1130220,6,84,95,12,3,200,3,203
1130221,0,15,36,25,19,95,4,99
1130222,0,25,58,19,8,110,5,115
1130223,0,9,45,17,14,85,3,88
1130224,0,26,71,18,10,125,0,125
1130225,0,14,46,22,13,95,4,99
1130226,0,16,78,20,6,120,4,124
1130227,0,8,69,9,7,93,0,93
1130228,0,15,62,22,3,102,0,102
1130229,0,8,61,16,14,99,0,99
1130230,3,19,55,22,7,106,0,106
1130231,5,36,83,21,11,156,0,156
1130232,0,24,59,12,5,100,0,100
1130233,0,15,51,18,9,93,0,93
1130234,0,18,54,12,12,96,0,96
1130235,0,11,60,20,9,100,0,100
1130236,0,17,62,17,11,107,0,107
1130237,0,22,73,21,11,127,0,127
1130238,0,23,54,18,8,103,0,103
1130239,0,0,3,3,3,9,0,9
1130240,0,19,61,22,5,107,3,110
1130241,0,27,58,11,9,105,3,108
1130242,5,16,56,9,0,86,0,86
1130243,3,30,79,22,3,137,3,140
1130244,0,9,37,15,9,70,0,70
1130301,6,34,19,11,0,70,0,70
1130302,12,44,32,11,0,99,7,106
1130303,0,0,0,0,0,0,0,0
1130304,5,39,47,20,3,114,10,124
1130305,9,60,33,13,10,125,8,133
1130306,20,57,55,13,7,152,7,159
1130307,9,54,47,17,8,135,3,138
1130308,3,53,90,21,3,170,5,175
1130309,0,0,0,3,0,3,0,3
1130310,3,42,63,6,6,120,3,123
1130311,3,41,77,25,7,153,7,160
1130312,4,34,60,17,4,119,0,119
1130313,0,0,0,3,0,3,0,3
1130314,3,43,74,20,6,146,3,149
1130315,14,62,76,21,4,177,3,180
1130316,3,26,27,4,3,63,0,63
1130317,0,37,42,12,7,98,0,98
1130318,15,49,25,12,0,101,6,107
1130319,32,122,43,4,0,201,8,209
1130320,29,110,28,4,0,171,12,183
1130321,4,26,21,10,3,64,3,67
1130322,20,61,35,13,8,137,10,147
1130323,20,51,35,13,5,124,5,129
1130324,14,62,47,5,3,131,5,136
1130325,24,79,56,18,4,181,16,197
1130326,31,45,21,9,3,109,12,121
1130327,21,67,35,7,3,133,4,137
1130328,43,170,50,0,0,263,10,273
1130329,40,108,26,0,3,177,9,186
1130330,0,0,0,0,0,0,0,0
1130331,46,214,56,7,0,323,4,327
1130332,13,20,8,3,0,44,3,47
1130333,33,140,51,5,0,229,5,234
1130334,18,112,37,6,0,173,8,181
1130335,66,160,39,6,3,274,20,294
1130336,18,45,28,6,0,97,4,101
1130337,0,0,0,0,0,0,0,0
1130338,30,60,45,12,3,150,7,157
1130339,23,46,23,6,0,98,4,102
1130340,0,11,0,0,0,11,0,11
1130341,15,59,31,7,4,116,0,116
1130342,13,42,28,13,5,101,3,104
1130401,7,46,48,11,3,115,4,119
1130402,8,47,47,6,8,116,0,116
1130403,26,62,54,5,9,156,8,164
1130404,31,69,36,28,11,175,7,182
1130405,16,35,42,11,9,113,8,121
1130406,9,55,38,13,8,123,5,128
1130407,37,72,45,10,3,167,4,171
1130408,19,37,29,10,0,95,9,104
1130409,16,44,38,8,9,115,4,119
1130410,21,54,48,12,8,143,4,147
1130411,13,46,37,11,9,116,0,116
1130412,11,51,27,11,4,104,7,111
1130413,91,81,52,20,6,250,29,279
1130414,12,38,36,5,4,95,12,107
1130415,11,33,33,15,10,102,0,102
1130416,10,47,59,32,5,153,3,156
1130417,28,84,66,12,3,193,13,206
1130418,27,98,74,14,6,219,6,225
1130419,4,42,45,26,4,121,0,121
1130420,6,56,46,18,11,137,0,137
1130421,4,41,42,17,9,113,3,116
1130422,7,33,37,9,3,89,4,93
1130423,8,43,26,8,5,90,0,90
1130424,12,67,84,20,5,188,5,193
1130425,9,55,51,8,13,136,5,141
1130426,26,83,51,18,11,189,6,195
1130427,0,0,0,0,0,0,0,0
1130428,37,55,37,7,8,144,9,153
1130429,10,49,32,12,0,103,3,106
1130430,19,72,34,15,3,143,5,148
1130431,5,30,15,4,3,57,7,64
1130432,12,52,84,21,10,179,4,183
1130433,5,35,42,17,14,113,7,120
1130434,3,42,47,26,7,125,3,128
1130435,7,52,63,23,11,156,5,161
1130436,7,48,48,19,8,130,5,135
1130437,15,57,38,11,8,129,9,138
1130438,4,26,41,16,0,87,3,90
1130439,24,71,49,23,6,173,8,181
1130440,17,42,39,12,0,110,0,110
1130441,0,0,0,0,0,0,0,0
1130442,4,38,60,11,3,116,3,119
1130501,45,96,39,4,0,184,7,191
1130502,16,37,41,12,6,112,0,112
1130503,10,53,44,12,8,127,8,135
1130504,14,45,30,8,7,104,3,107
1130505,21,48,45,16,10,140,3,143
1130506,10,69,85,23,6,193,3,196
1130507,8,49,40,6,0,103,0,103
1130508,20,47,49,17,4,137,5,142
1130509,9,115,77,12,3,216,6,222
1130510,3,36,42,23,4,108,4,112
1130511,10,49,60,16,5,140,0,140
1130512,8,30,37,12,4,91,5,96
1130513,16,45,40,16,3,120,0,120
1130514,20,78,62,20,5,185,3,188
1130515,8,36,43,16,3,106,0,106
1130516,17,39,60,21,12,149,0,149
1130517,26,79,70,25,6,206,10,216
1130518,10,45,45,12,8,120,3,123
1130519,8,51,45,11,3,118,4,122
1130520,3,24,23,12,5,67,0,67
1130521,18,52,51,18,10,149,3,152
1130522,4,44,39,13,3,103,0,103
1130523,8,35,37,10,0,90,0,90
1130524,11,65,71,21,8,176,5,181
1130525,3,41,27,12,5,88,3,91
1130526,8,54,12,0,0,74,4,78
1130527,15,130,56,10,0,211,14,225
1130528,20,55,60,8,0,143,8,151
1130529,12,70,46,11,9,148,4,152
1130530,8,48,41,7,5,109,3,112
1130531,16,61,35,8,6,126,0,126
1130532,12,38,33,6,4,93,10,103
1130533,16,58,51,17,5,147,3,150
1130534,16,71,74,25,3,189,4,193
1130535,34,51,39,8,4,136,4,140
1130536,16,38,54,17,11,136,7,143
1130537,4,34,42,8,5,93,0,93
1130538,4,74,68,19,3,168,9,177
1130539,6,59,48,25,11,149,8,157
1130540,12,38,37,5,5,97,6,103
1130541,3,44,38,8,3,96,5,101
1130542,3,18,52,29,7,109,0,109
1130543,8,33,37,11,6,95,9,104
1130544,11,45,29,8,3,96,3,99
1130545,13,49,35,20,3,120,0,120
1130546,7,42,41,15,7,112,0,112
1130547,8,48,41,20,11,128,7,135
1130548,32,30,45,20,10,137,3,140
1130549,10,71,68,23,5,177,3,180
1130550,40,79,63,24,12,218,14,232
1130551,17,59,61,11,9,157,5,162
1130552,15,37,20,8,6,86,4,90
1130553,21,56,25,8,3,113,7,120
1130554,39,88,23,3,0,153,9,162
1130555,19,60,74,14,8,175,3,178
1130556,16,48,48,19,11,142,4,146
1130557,9,50,64,13,3,139,3,142
1130558,3,46,52,3,4,108,0,108
1130559,0,40,65,31,6,142,3,145
1130560,21,53,12,3,3,92,7,99
1130561,15,87,56,11,0,169,3,172
1130562,8,54,42,9,0,113,0,113
1130563,25,81,60,20,7,193,3,196
1130601,10,38,68,24,5,145,3,148
1130602,0,17,70,23,6,116,0,116
1130603,3,148,148,29,8,336,3,339
1130604,0,0,0,0,0,0,0,0
1130605,34,37,20,3,0,94,5,99
1130606,6,39,48,13,4,110,11,121
1130607,9,24,28,12,6,79,0,79
1130608,16,67,63,23,16,185,3,188
1130609,23,30,28,3,3,87,4,91
1130610,9,25,27,8,3,72,3,75
1130611,0,39,63,17,10,129,5,134
1130612,5,56,54,14,7,136,4,140
1130613,9,48,53,18,6,134,0,134
1130614,21,43,52,8,10,134,11,145
1130615,3,39,46,16,4,108,3,111
1130616,4,35,30,8,11,88,0,88
1130617,0,28,56,25,6,115,3,118
1130618,3,15,35,21,3,77,0,77
1130619,4,25,65,24,11,129,3,132
1130620,0,38,66,28,9,141,4,145
1130621,3,40,57,26,8,134,0,134
1130622,6,42,46,18,7,119,0,119
1130623,12,37,16,7,3,75,3,78
1130624,15,65,36,11,3,130,3,133
1130625,17,59,35,20,15,146,7,153
1130626,10,50,38,16,4,118,5,123
1130627,23,47,40,7,4,121,3,124
1130628,28,33,32,9,13,115,9,124
1130629,0,0,0,0,0,0,0,0
1130630,12,63,48,11,5,139,8,147
1130631,11,33,42,18,6,110,8,118
1130632,29,49,28,7,0,113,7,120
1130633,14,46,31,13,3,107,3,110
1130634,25,46,19,7,3,100,3,103
1130635,8,36,26,8,7,85,3,88
1130636,4,20,27,13,3,67,0,67
1130637,0,18,26,13,5,62,0,62
1130638,16,62,41,11,9,139,8,147
1130639,3,39,53,12,4,111,4,115
1130640,7,29,41,13,10,100,0,100
1130641,16,58,61,24,5,164,3,167
1130642,13,42,42,12,3,112,3,115
1130643,25,54,16,6,3,104,9,113
1130644,17,24,13,4,0,58,5,63
1130645,39,67,17,5,3,131,9,140
1130646,0,37,48,23,10,118,7,125
1130647,44,57,36,4,0,141,11,152
1130648,12,34,31,9,0,86,4,90
1130649,23,58,26,7,0,114,8,122
1130650,37,44,58,15,3,157,9,166
1130701,13,62,80,18,10,183,0,183
1130702,3,31,54,11,11,110,3,113
1130703,0,49,67,5,8,129,6,135
1130704,4,28,31,6,6,75,0,75
1130705,3,56,55,19,6,139,0,139
1130706,3,42,50,7,5,107,4,111
1130707,28,54,36,18,6,142,10,152
1130708,57,49,48,18,5,177,18,195
1130709,32,62,50,9,7,160,15,175
1130710,33,73,44,16,0,166,8,174
1130711,0,38,87,26,10,161,0,161
1130712,7,46,55,17,6,131,0,131
1130713,4,24,49,20,6,103,10,113
1130714,8,37,94,23,5,167,3,170
1130715,18,52,32,14,0,116,3,119
1130716,34,73,49,8,3,167,13,180
1130717,38,69,65,9,10,191,14,205
1130718,40,70,25,5,0,140,10,150
1130719,25,44,51,6,5,131,8,139
1130720,21,80,63,17,7,188,4,192
1130721,0,4,0,0,0,4,0,4
1130722,5,26,49,20,5,105,0,105
1130723,4,26,54,24,11,119,0,119
1130724,4,27,41,15,8,95,0,95
1130725,3,29,62,23,13,130,3,133
1130726,3,43,104,28,10,188,4,192
1130727,21,63,38,7,3,132,5,137
1130728,0,13,22,6,0,41,0,41
1130729,3,42,58,11,8,122,3,125
1130730,23,55,56,27,19,180,7,187
1130731,0,25,55,14,15,109,0,109
1130732,6,19,48,11,7,91,0,91
1130733,3,30,49,13,13,108,3,111
1130734,46,76,28,12,5,167,19,186
1130735,41,71,55,13,4,184,13,197
1130736,19,53,79,15,4,170,8,178
1130737,18,27,49,19,0,113,4,117
1130738,29,57,45,22,3,156,10,166
1130739,14,48,54,12,6,134,5,139
1130740,43,55,49,14,8,169,9,178
1130741,21,63,43,21,5,153,9,162
1130742,13,66,73,21,4,177,4,181
1130743,0,25,37,25,5,92,0,92
1130744,3,32,88,26,11,160,3,163
1130745,3,24,97,29,17,170,3,173
1130746,3,28,62,25,8,126,0,126
1130747,0,35,81,30,10,156,3,159
1130748,29,83,66,24,8,210,7,217
1130749,26,76,68,17,6,193,12,205
1130750,5,47,80,30,19,181,0,181
1130751,3,29,42,22,8,104,4,108
1130752,0,26,63,37,11,137,0,137
1130753,3,37,72,21,9,142,7,149
1130754,36,93,69,21,5,224,22,246
1130755,23,72,68,14,8,185,9,194
1130756,24,89,57,8,5,183,14,197
1130801,46,60,27,13,6,152,5,157
1130802,9,48,74,16,9,156,9,165
1130803,3,38,62,11,12,126,6,132
1130804,0,22,36,13,5,76,0,76
1130805,6,48,81,15,12,162,5,167
1130806,14,46,35,14,4,113,0,113
1130807,54,74,50,13,5,196,18,214
1130808,5,38,51,16,5,115,4,119
1130809,17,72,46,20,3,158,4,162
1130810,33,100,53,10,3,199,12,211
1130811,59,65,17,6,3,150,15,165
1130812,5,43,82,22,0,152,5,157
1130813,3,47,81,23,3,157,5,162
1130814,6,65,62,26,13,172,4,176
1130815,9,35,60,19,6,129,4,133
1130816,5,41,59,17,3,125,4,129
1130817,3,23,45,21,14,106,3,109
1130818,0,4,3,6,3,16,0,16
1130819,6,39,37,21,4,107,0,107
1130820,27,69,73,13,12,194,4,198
1130821,26,61,65,22,4,178,6,184
1130822,15,56,40,10,0,121,4,125
1130823,51,80,58,22,7,218,13,231
1130824,8,35,32,15,8,98,0,98
1130825,8,36,35,8,3,90,3,93
1130826,8,55,52,14,5,134,5,139
1130827,5,72,73,24,7,181,3,184
1130828,25,82,49,9,4,169,11,180
1130829,11,97,70,18,4,200,7,207
1130830,43,87,25,9,4,168,6,174
1130831,3,29,44,13,3,92,3,95
1130832,9,42,66,28,15,160,3,163
1130833,11,47,73,32,17,180,3,183
1130834,6,67,44,15,0,132,5,137
1130835,8,33,43,22,4,110,0,110
1130836,14,63,57,18,5,157,5,162
1130837,19,61,68,14,0,162,9,171
1130838,12,61,55,22,3,153,0,153
1130839,3,27,50,9,3,92,3,95
1130840,6,43,47,17,7,120,6,126
1130841,0,0,0,0,0,0,0,0
1130842,11,81,81,25,4,202,4,206
1130843,4,41,62,40,10,157,3,160
1130844,11,64,71,22,15,183,3,186
1130845,6,68,89,23,15,201,3,204
1130846,7,51,71,29,6,164,0,164
1130847,0,24,42,13,10,89,4,93
1130848,5,37,70,21,19,152,4,156
1130849,9,48,89,24,12,182,10,192
1130850,0,44,48,21,11,124,4,128
1130851,10,65,37,15,6,133,7,140
1130901,4,30,53,29,10,126,0,126
1130902,0,27,57,16,8,108,0,108
1130903,5,31,51,13,4,104,3,107
1130904,3,29,53,11,8,104,4,108
1130905,3,34,52,24,3,116,3,119
1130906,6,57,77,19,0,159,3,162
1130907,0,34,52,20,3,109,0,109
1130908,3,50,52,9,4,118,3,121
1130909,3,28,59,9,0,99,0,99
1130910,0,23,75,21,5,124,7,131
1130911,4,23,56,15,13,111,0,111
1130912,0,26,85,25,11,147,3,150
1130913,0,16,37,6,4,63,3,66
1130914,4,56,83,23,8,174,3,177
1130915,3,11,46,12,7,79,0,79
1130916,0,17,34,24,4,79,3,82
1130917,0,32,57,11,6,106,3,109
1130918,3,37,82,28,13,163,3,166
1130919,3,27,78,31,16,155,3,158
1130920,0,17,56,9,6,88,0,88
1130921,0,30,45,16,5,96,3,99
1130922,3,41,103,30,9,186,3,189
1130923,0,18,68,9,6,101,3,104
1130924,3,41,107,17,5,173,0,173
1130925,0,31,81,26,3,141,3,144
1130926,3,15,43,8,3,72,3,75
1130927,0,30,34,7,6,77,3,80
1130928,5,28,63,33,10,139,0,139
1130929,0,29,66,20,14,129,3,132
1130930,3,19,62,26,11,121,0,121
1130931,0,19,64,21,14,118,0,118
1130932,0,28,52,25,8,113,0,113
1130933,0,9,40,13,6,68,0,68
1130934,0,27,61,20,12,120,0,120
1130935,4,28,57,10,3,102,0,102
1130936,0,17,54,21,3,95,0,95
1131001,0,66,198,51,22,337,3,340
1131002,8,130,145,30,5,318,7,325
1131003,5,147,350,72,14,588,4,592
1131004,7,77,72,13,5,174,3,177
1131005,9,46,79,20,9,163,0,163
1131006,0,17,39,10,4,70,0,70
1131007,3,23,55,3,3,87,0,87
1131008,3,47,59,17,6,132,5,137
1131009,4,80,163,29,6,282,3,285
1131010,5,59,198,37,20,319,7,326
1131011,5,29,43,10,6,93,0,93
1131012,47,155,26,4,0,232,19,251
1131013,0,30,57,19,3,109,3,112
1131014,3,41,68,17,3,132,5,137
1131015,3,33,65,4,6,111,0,111
1131016,4,95,163,30,8,300,4,304
1131017,3,42,79,27,3,154,0,154
1131018,0,35,93,13,11,152,0,152
1131019,0,27,75,23,10,135,4,139
1131020,0,31,62,17,6,116,6,122
1131021,0,28,42,10,7,87,5,92
1131022,0,34,53,19,5,111,0,111
1131023,0,73,170,32,12,287,4,291
1131024,0,0,0,0,0,0,0,0
1131025,0,32,80,28,6,146,3,149
1131026,5,97,212,48,19,381,9,390
1131027,0,24,84,25,0,133,0,133
1131028,4,106,323,59,21,513,6,519
1131029,0,32,122,31,17,202,0,202
1131030,0,20,62,29,11,122,4,126
1131031,3,102,222,60,16,403,7,410
1131101,18,80,76,19,13,206,5,211
1131102,24,70,57,8,6,165,11,176
1131103,3,32,103,25,11,174,3,177
1131104,0,35,85,30,15,165,0,165
1131105,7,43,61,15,11,137,4,141
1131106,0,21,38,9,0,68,3,71
1131107,4,37,46,19,3,109,4,113
1131108,4,47,83,14,7,155,4,159
1131109,3,31,68,30,9,141,3,144
1131110,0,21,61,22,13,117,0,117
1131111,4,35,53,9,6,107,0,107
1131112,0,32,81,19,7,139,5,144
1131113,0,3,3,3,3,12,0,12
1131114,7,91,64,15,3,180,10,190
1131115,0,29,63,12,10,114,0,114
1131116,3,85,131,33,9,261,0,261
1131117,0,40,55,19,8,122,3,125
1131118,10,35,78,26,19,168,0,168
1131119,0,4,28,22,15,69,0,69
1131120,3,29,66,18,10,126,0,126
1131121,8,62,75,25,11,181,3,184
1131122,4,42,63,18,3,130,3,133
1131123,3,45,63,23,3,137,0,137
1131124,8,91,71,12,7,189,8,197
1131125,0,27,46,17,5,95,0,95
1131126,13,56,49,18,4,140,3,143
1131127,11,66,60,17,5,159,0,159
1131128,5,38,39,10,11,103,0,103
1131129,16,43,47,8,8,122,0,122
1131130,5,41,37,23,5,111,0,111
1131131,4,26,56,32,10,128,0,128
1131132,8,53,34,4,0,99,0,99
1131133,3,53,68,12,12,148,8,156
1131134,14,33,25,6,3,81,4,85
1131135,8,26,49,15,3,101,3,104
1131136,0,25,47,16,5,93,3,96
1131137,6,39,86,22,7,160,3,163
1131138,3,31,77,18,3,132,4,136
1131139,3,48,60,18,13,142,6,148
1131140,3,61,79,24,11,178,6,184
1131141,0,35,46,8,0,89,3,92
1131142,0,21,41,14,5,81,0,81
1131143,5,53,66,10,4,138,0,138
1131144,4,27,55,19,8,113,0,113
1131145,9,73,73,17,8,180,0,180
1131146,7,58,45,10,3,123,0,123
1131147,3,13,51,12,11,90,0,90
1131148,3,24,50,15,8,100,3,103
1131149,8,72,32,6,3,121,3,124
1131150,4,40,64,13,5,126,6,132
1131151,0,42,91,27,15,175,7,182
1131152,3,38,71,26,6,144,3,147
1131153,5,67,91,10,10,183,3,186
1131154,3,30,38,8,3,82,3,85
1131155,5,43,71,11,16,146,0,146
1131156,3,70,53,17,0,143,3,146
1131157,3,41,72,15,14,145,4,149
1131158,3,36,104,31,11,185,3,188
1131201,7,19,23,11,16,76,0,76
1131202,27,132,74,18,12,263,23,286
1131203,4,8,17,12,6,47,3,50
1131204,23,58,31,10,7,129,18,147
1131205,21,55,39,13,11,139,7,146
1131206,3,42,36,18,0,99,8,107
1131207,15,39,50,11,10,125,3,128
1131208,12,42,50,17,10,131,0,131
1131209,11,57,50,18,5,141,3,144
1131210,6,57,52,28,9,152,7,159
1131211,3,15,26,17,12,73,4,77
1131212,3,24,23,7,3,60,0,60
1131213,17,42,42,9,8,118,5,123
1131214,5,37,54,14,7,117,3,120
1131215,14,51,61,23,7,156,5,161
1131216,3,37,39,3,5,87,4,91
1131217,10,42,62,26,11,151,3,154
1131218,9,34,45,7,11,106,3,109
1131219,5,23,40,14,3,85,6,91
1131220,7,40,40,24,13,124,3,127
1131221,0,0,3,0,0,3,0,3
1131222,11,32,36,12,25,116,4,120
1131223,10,27,34,9,20,100,0,100
1131224,6,31,41,18,15,111,3,114
1131225,0,0,0,0,0,0,0,0
1131226,12,78,74,21,16,201,11,212
1131227,3,27,42,27,29,128,4,132
1131228,3,20,22,10,13,68,0,68
1131229,19,68,20,7,14,128,5,133
1131230,5,29,25,21,19,99,4,103
1131231,14,38,38,14,17,121,5,126
1131232,12,47,68,20,8,155,3,158
1131233,10,28,40,17,23,118,0,118
1131301,19,36,16,0,4,75,0,75
1131302,7,33,20,5,3,68,3,71
1131303,49,77,28,8,5,167,6,173
1131304,69,78,18,4,0,169,10,179
1131305,9,44,47,18,6,124,9,133
1131306,30,63,28,4,4,129,8,137
1131307,20,57,22,13,0,112,3,115
1131308,13,28,18,6,3,68,4,72
1131309,30,44,28,13,3,118,16,134
1131310,5,36,53,17,12,123,9,132
1131311,32,46,16,4,0,98,7,105
1131312,31,43,9,5,3,91,7,98
1131313,4,29,27,3,3,66,5,71
1131314,25,57,41,10,8,141,7,148
1131315,12,28,21,5,3,69,7,76
1131316,17,34,18,4,0,73,3,76
1131317,37,54,25,13,4,133,10,143
1131318,21,64,38,13,4,140,12,152
1131319,10,38,33,14,8,103,3,106
1131320,15,57,48,16,3,139,8,147
1131321,37,51,8,3,0,99,4,103
1131322,31,57,22,3,3,116,4,120
1131323,34,43,22,3,0,102,13,115
1131324,0,0,0,0,0,0,0,0
1131325,43,49,34,3,3,132,11,143
1131326,18,22,18,5,5,68,4,72
1131327,9,61,53,28,4,155,3,158
1131328,8,48,49,18,11,134,4,138
1131329,0,0,0,0,0,0,0,0
1131330,24,46,12,0,4,86,4,90
1131331,0,0,0,0,0,0,0,0
1131332,18,58,27,9,10,122,4,126
1131333,27,59,35,4,6,131,12,143
1131334,0,30,34,8,0,72,4,76
1131335,3,44,48,19,3,117,4,121
1131336,35,65,37,13,4,154,10,164
1131337,15,39,34,3,8,99,3,102
1131338,7,37,37,16,3,100,4,104
1131339,20,39,26,3,3,91,3,94
1131340,5,10,35,4,0,54,0,54
1131341,18,32,32,11,3,96,7,103
1131342,25,55,39,18,5,142,9,151
1131343,13,30,16,6,0,65,0,65
1131344,0,0,0,0,0,0,0,0
1131345,16,56,36,11,5,124,3,127
1131346,17,48,31,12,0,108,3,111
1131347,30,81,44,9,3,167,4,171
1131348,3,39,34,17,0,93,3,96
1131349,5,47,51,19,6,128,3,131
1131350,28,83,49,15,6,181,3,184
1131351,13,38,51,6,3,111,3,114
1131352,16,30,21,0,0,67,5,72
1131401,3,63,60,9,3,138,0,138
1131402,7,51,54,22,7,141,6,147
1131403,3,44,52,16,0,115,0,115
1131404,5,36,47,13,5,106,4,110
1131405,3,40,77,20,6,146,0,146
1131406,3,38,55,17,6,119,6,125
1131407,6,40,56,15,4,121,6,127
1131408,5,43,71,18,5,142,3,145
1131409,0,29,48,9,0,86,3,89
1131410,3,32,34,15,4,88,0,88
1131411,6,55,79,15,5,160,6,166
1131412,13,40,51,9,7,120,3,123
1131413,5,37,35,20,7,104,4,108
1131414,3,36,40,5,3,87,3,90
1131415,7,25,52,23,13,120,7,127
1131416,6,13,21,9,3,52,0,52
1131417,10,42,56,31,4,143,3,146
1131418,0,0,0,0,0,0,0,0
1131419,3,26,38,25,8,100,0,100
1131420,0,0,0,0,0,0,0,0
1131421,0,0,0,0,0,0,0,0
1131422,3,41,49,5,3,101,3,104
1131423,0,48,36,15,3,102,0,102
1131501,9,32,36,12,9,98,3,101
1131502,0,32,42,16,7,97,0,97
1131503,7,18,38,8,8,79,0,79
1131504,0,48,63,28,9,148,3,151
1131505,3,30,57,20,4,114,3,117
1131506,7,57,80,17,13,174,3,177
1131507,0,3,0,0,0,3,0,3
1131508,4,26,38,18,10,96,3,99
1131509,0,30,33,8,8,79,4,83
1131510,4,29,45,13,7,98,0,98
1131511,0,27,26,13,7,73,3,76
1131512,4,20,50,21,16,111,9,120
1131513,5,41,48,12,3,109,3,112
1131514,7,50,72,27,12,168,4,172
1131515,3,30,55,12,3,103,8,111
1131516,3,59,59,21,5,147,4,151
1131517,0,48,64,17,6,135,5,140
1131518,3,35,59,18,3,118,4,122
1131519,0,32,37,13,8,90,0,90
1131520,5,64,73,24,5,171,3,174
1131521,4,41,33,16,5,99,8,107
1131522,10,61,43,15,5,134,0,134
1131523,11,47,58,18,14,148,0,148
1131524,3,46,49,26,12,136,4,140
1131525,3,31,52,16,10,112,3,115
1131526,3,14,26,10,12,65,3,68
1131527,0,23,57,21,3,104,0,104
1131528,6,33,45,16,4,104,0,104
1131529,3,34,67,16,5,125,3,128
1131530,9,32,47,17,10,115,0,115
1131531,0,26,30,10,7,73,3,76
1131532,6,28,54,15,7,110,3,113
1131533,3,39,62,16,14,134,5,139
1131534,7,21,40,8,3,79,4,83
1131535,9,48,74,19,7,157,5,162
1131536,30,31,29,7,5,102,4,106
1131537,6,52,74,18,9,159,3,162
1131538,4,33,34,18,8,97,0,97
1131539,3,42,59,14,8,126,5,131
1131540,3,32,54,18,4,111,8,119
1131541,10,20,39,13,10,92,0,92
1131542,6,38,47,16,7,114,3,117
1131543,10,38,77,15,3,143,3,146
1131544,14,71,61,9,4,159,3,162
1131545,0,29,38,7,13,87,4,91
1131546,6,37,41,14,11,109,4,113
1131601,0,0,0,0,0,0,0,0
1131602,7,12,17,4,4,44,3,47
1131603,7,35,18,6,3,69,3,72
1131604,13,209,226,37,15,500,9,509
1131605,24,76,39,8,5,152,10,162
1131606,17,62,36,4,3,122,13,135
1131607,13,51,27,5,4,100,12,112
1131608,12,43,21,4,4,84,6,90
1131609,17,30,21,3,0,71,3,74
1131610,24,60,26,10,6,126,7,133
1131611,28,55,37,8,0,128,11,139
1131612,18,30,27,8,3,86,5,91
1131613,21,64,31,13,7,136,14,150
1131614,9,39,22,5,9,84,3,87
1131615,3,39,29,17,8,96,3,99
1131616,8,41,27,7,0,83,5,88
1131617,52,78,33,8,10,181,14,195
1131618,21,47,26,11,0,105,3,108
1131619,14,46,24,3,3,90,4,94
1131620,12,43,30,11,0,96,4,100
1131621,23,39,25,8,4,99,4,103
1131622,8,33,31,17,8,97,3,100
1131623,9,60,67,31,9,176,4,180
1131624,31,48,23,6,3,111,4,115
1131625,17,49,7,7,3,83,9,92
1131626,25,45,26,9,3,108,9,117
1131627,13,29,27,5,3,77,7,84
1131628,12,49,23,5,0,89,3,92
1131629,12,40,29,7,0,88,3,91
1131630,26,47,23,10,3,109,10,119
1131631,22,46,27,6,4,105,7,112
1131632,39,60,33,11,0,143,8,151
1131633,25,47,29,8,3,112,10,122
1131634,43,66,55,9,3,176,17,193
1131635,12,22,14,0,3,51,3,54
1131636,78,57,29,4,4,172,30,202
1131637,0,0,0,0,0,0,0,0
1131638,39,68,30,6,9,152,21,173
1131639,26,72,34,12,5,149,16,165
1131640,37,67,46,9,4,163,10,173
1131641,12,64,28,11,4,119,9,128
1131701,0,0,0,0,0,0,0,0
1131702,35,70,42,12,6,165,10,175
1131703,12,60,39,15,10,136,4,140
1131704,87,189,58,6,0,340,14,354
1131705,3,35,38,9,5,90,4,94
1131706,32,58,36,8,4,138,8,146
1131707,22,70,53,11,5,161,9,170
1131708,35,61,32,7,0,135,6,141
1131709,45,96,31,3,3,178,4,182
1131710,6,43,51,19,6,125,7,132
1131711,24,72,51,11,12,170,8,178
1131712,9,39,37,9,0,94,4,98
1131713,0,0,0,0,0,0,0,0
1131714,37,55,19,12,4,127,16,143
1131715,24,63,41,7,4,139,5,144
1131716,0,0,0,0,0,0,0,0
1131717,37,68,60,17,4,186,8,194
1131718,18,53,35,17,0,123,5,128
1131719,9,52,47,15,4,127,5,132
1131720,27,64,56,16,11,174,7,181
1131721,11,56,51,18,6,142,4,146
1131722,21,61,50,20,23,175,7,182
1131723,16,27,23,3,3,72,3,75
1131724,8,20,36,10,4,78,6,84
1131725,23,41,39,9,3,115,8,123
1131726,28,67,43,17,8,163,12,175
1131727,10,36,30,7,3,86,3,89
1131728,8,35,43,18,14,118,5,123
1131729,16,38,30,13,8,105,0,105
1131730,3,49,50,17,3,122,4,126
1131731,14,62,44,21,8,149,13,162
1131732,23,45,26,5,4,103,9,112
1131733,74,75,41,13,3,206,19,225
1131734,39,108,26,0,3,176,11,187
1131735,18,101,50,14,3,186,9,195
1131736,27,77,22,5,0,131,3,134
1131737,10,64,39,4,0,117,8,125
1131738,6,62,39,10,0,117,5,122
1131739,26,100,36,8,3,173,6,179
1131740,61,105,30,3,0,199,17,216
1131741,54,134,28,3,3,222,12,234
1131742,8,71,55,5,7,146,6,152
1131743,27,122,60,7,7,223,12,235
1131744,7,50,46,7,4,114,4,118
1131745,12,88,83,18,3,204,10,214
1131746,4,42,42,20,4,112,3,115
1131801,0,0,0,0,0,0,0,0
1131802,0,0,0,0,0,0,0,0
1131803,0,0,0,0,0,0,0,0
1131901,4,17,36,21,14,92,3,95
1131902,3,26,54,16,4,103,3,106
1131903,0,19,47,18,14,98,0,98
1131904,3,9,26,19,9,66,0,66
1131905,3,25,48,20,11,107,3,110
1131906,6,22,51,7,8,94,0,94
1131907,10,36,31,11,6,94,7,101
1131908,11,29,38,24,12,114,5,119
1131909,4,29,57,31,9,130,3,133
1131910,0,0,5,0,0,5,3,8
1131911,0,0,0,0,0,0,0,0
1131912,4,29,38,17,8,96,0,96
1131913,16,78,55,9,7,165,6,171
1131914,8,81,65,18,3,175,3,178
1131915,11,34,59,18,8,130,3,133
1131916,12,61,44,14,4,135,6,141
1131917,12,52,48,20,12,144,4,148
1131918,5,63,44,16,10,138,3,141
1131919,0,13,35,6,3,57,0,57
1131920,0,3,3,0,0,6,3,9
1131921,13,74,66,25,11,189,7,196
1131922,36,67,43,12,3,161,14,175
1131923,10,58,49,7,9,133,8,141
1131924,13,43,36,13,9,114,5,119
1131925,6,41,38,15,9,109,8,117
1131926,8,7,36,15,6,72,3,75
1131927,4,20,43,19,9,95,3,98
1131928,29,75,63,13,3,183,11,194
1131929,32,65,65,13,4,179,4,183
1131930,13,43,38,9,5,108,5,113
1131931,3,71,67,28,13,182,0,182
1131932,18,42,38,13,10,121,3,124
1131933,11,52,57,14,8,142,0,142
1131934,10,51,46,14,15,136,4,140
1131935,4,45,61,25,14,149,4,153
1131936,0,14,34,23,8,79,3,82
1131937,4,60,78,21,5,168,0,168
1131938,7,46,47,7,3,110,3,113
1131939,4,26,43,30,6,109,6,115
1131940,5,28,48,21,10,112,0,112
1131941,4,47,45,21,11,128,0,128
1131942,0,28,42,17,13,100,0,100
1131943,3,22,26,10,10,71,8,79
1131944,0,19,34,14,5,72,0,72
1131945,5,26,40,8,4,83,0,83
1131946,10,56,55,11,7,139,10,149
1131947,3,27,39,9,7,85,3,88
1131948,6,44,66,18,10,144,10,154
1132001,0,0,0,0,0,0,0,0
1132002,0,0,3,0,0,3,0,3
1132003,0,0,0,0,0,0,0,0
1132101,17,93,120,27,13,270,5,275
1132102,3,53,32,3,0,91,0,91
1132103,4,57,55,3,7,126,7,133
1132104,11,108,63,11,0,193,6,199
1132105,33,69,36,10,6,154,6,160
1132106,24,62,52,8,14,160,5,165
1132107,14,83,105,22,7,231,10,241
1132108,36,44,53,19,12,164,16,180
1132109,6,42,49,18,3,118,5,123
1132110,5,24,42,15,9,95,3,98
1132111,13,86,86,14,4,203,4,207
1132112,13,61,52,9,10,145,5,150
1132113,11,48,57,21,5,142,6,148
1132114,26,69,57,15,0,167,5,172
1132115,11,43,29,3,5,91,3,94
1132116,20,48,46,14,7,135,3,138
1132117,13,26,27,4,3,73,3,76
1132118,18,39,57,8,3,125,3,128
1132119,18,82,90,16,6,212,0,212
1132120,0,0,3,0,0,3,0,3
1132121,0,0,0,0,0,0,0,0
1132122,0,0,0,0,0,0,0,0
1132123,0,0,0,0,0,0,0,0
1132201,30,78,36,8,4,156,10,166
1132202,16,49,40,10,3,118,3,121
1132203,40,75,52,8,3,178,10,188
1132204,16,45,32,7,3,103,0,103
1132205,21,56,38,8,3,126,5,131
1132206,23,44,32,9,7,115,3,118
1132207,9,34,18,7,3,71,0,71
1132208,18,38,37,12,3,108,3,111
1132209,46,90,39,14,4,193,11,204
1132210,17,51,43,3,3,117,3,120
1132211,21,57,51,18,3,150,0,150
1132212,12,21,26,9,11,79,7,86
1132213,16,56,42,9,4,127,7,134
1132214,12,28,24,4,0,68,0,68
1132215,32,95,50,8,6,191,4,195
1132216,20,153,82,14,3,272,0,272
1132217,0,0,0,0,0,0,0,0
1132218,43,99,41,10,0,193,12,205
1132219,87,366,187,26,0,666,8,674
1132220,92,29,4,4,0,129,9,138
1132221,38,111,28,4,3,184,11,195
1132222,18,45,25,9,0,97,0,97
1132223,26,81,21,5,0,133,7,140
1132224,120,69,13,0,0,202,17,219
1132225,10,33,26,4,0,73,0,73
1132226,0,37,33,5,0,75,0,75
1132227,29,88,75,17,4,213,8,221
1132228,17,41,43,11,3,115,0,115
1132229,16,53,40,17,9,135,3,138
1132230,26,54,18,3,0,101,6,107
1132231,51,107,27,0,0,185,14,199
1132232,114,74,12,0,0,200,23,223
1132233,29,81,19,3,0,132,4,136
1132234,39,94,28,3,3,167,17,184
1132235,25,58,47,13,0,143,5,148
1132236,22,67,59,9,5,162,3,165
1132237,13,47,53,12,6,131,0,131
1132238,9,47,58,12,6,132,10,142
1132239,8,53,61,13,7,142,5,147
1132240,34,86,24,7,3,154,5,159
1132241,48,78,30,12,3,171,7,178
1132242,40,85,26,3,0,154,5,159
1132243,21,32,23,3,0,79,3,82
1132244,20,50,58,9,8,145,0,145
1132245,16,38,40,8,0,102,4,106
1132246,7,32,31,15,6,91,6,97
1132247,13,33,46,14,0,106,5,111
1132248,0,0,0,0,0,0,0,0
1132301,10,43,41,15,7,116,3,119
1132302,10,31,29,16,5,91,0,91
1132303,54,52,48,11,10,175,20,195
1132304,13,39,40,14,6,112,4,116
1132305,21,64,53,18,10,166,4,170
1132306,110,98,24,3,3,238,20,258
1132307,6,44,22,9,4,85,3,88
1132308,81,62,12,3,0,158,19,177
1132309,28,104,31,0,3,166,7,173
1132310,30,81,33,4,3,151,3,154
1132311,39,60,27,6,0,132,6,138
1132312,22,48,35,3,0,108,9,117
1132313,31,83,34,3,3,154,5,159
1132314,15,83,50,7,0,155,8,163
1132315,9,31,43,24,3,110,4,114
1132316,3,30,66,8,3,110,0,110
1132317,24,44,72,22,7,169,3,172
1132318,15,41,30,5,0,91,3,94
1132319,18,43,47,8,6,122,0,122
1132320,34,64,61,8,3,170,11,181
1132321,0,0,0,0,0,0,0,0
1132322,43,95,29,7,0,174,12,186
1132323,35,78,31,3,3,150,4,154
1132324,0,0,0,0,0,0,0,0
1132325,19,80,43,11,3,156,0,156
1132326,5,30,34,18,4,91,9,100
1132327,40,135,41,3,0,219,9,228
1132328,22,84,42,4,3,155,8,163
1132329,5,18,32,5,12,72,0,72
1132401,0,0,0,0,0,0,0,0
1132501,0,0,0,0,0,0,0,0
1132601,55,76,28,0,0,159,0,159
1132602,21,66,40,7,3,137,8,145
1132603,21,40,15,5,3,84,3,87
1132604,31,60,13,8,7,119,0,119
1132605,56,92,28,3,0,179,19,198
1132606,62,130,30,4,0,226,12,238
1132607,27,95,62,5,5,194,12,206
1132608,64,104,18,0,3,189,8,197
1132609,60,89,31,9,0,189,11,200
1132610,54,112,33,3,4,206,7,213
1132611,48,118,56,11,6,239,9,248
1132612,39,73,27,11,0,150,17,167
1132613,18,55,46,10,3,132,0,132
1132614,29,67,21,6,5,128,4,132
1132615,31,99,27,4,3,164,5,169
1132616,46,117,41,8,0,212,6,218
1132617,30,77,20,5,0,132,4,136
1132618,45,65,35,6,4,155,6,161
1132619,25,62,42,3,9,141,4,145
1132620,24,102,52,13,3,194,5,199
1132621,21,61,22,6,3,113,3,116
1132622,25,80,54,15,5,179,6,185
1132623,46,159,71,3,3,282,4,286
1132624,15,51,35,4,3,108,3,111
1132625,20,56,38,9,4,127,8,135
1132626,19,45,32,3,0,99,0,99
1132627,19,67,34,6,0,126,6,132
1132628,27,66,46,11,3,153,14,167
1132629,18,90,44,14,3,169,3,172
1132630,25,84,28,8,3,148,3,151
1132631,22,56,19,5,3,105,4,109
1132632,31,62,45,14,0,152,3,155
1132633,49,80,36,4,3,172,3,175
1132634,8,27,29,4,3,71,0,71
1132635,14,38,22,3,11,88,0,88
1132636,15,44,34,4,6,103,0,103
1132637,15,67,25,8,3,118,0,118
1132638,19,68,26,7,0,120,4,124
1132639,24,52,25,3,3,107,3,110
1132640,31,61,22,5,4,123,11,134
1132641,34,29,7,4,0,74,9,83
1132642,13,41,22,9,0,85,0,85
1132643,26,61,34,5,3,129,5,134
1132644,24,76,39,7,3,149,3,152
1132645,18,45,29,9,7,108,0,108
1132646,19,39,14,3,0,75,5,80
1132647,28,85,56,0,4,173,8,181
1132648,51,101,35,5,3,195,3,198
1132649,21,50,30,9,5,115,0,115
1132650,15,35,21,7,3,81,0,81
1132651,51,96,41,12,4,204,15,219
1132652,65,76,30,7,5,183,7,190
1132653,60,97,25,7,3,192,10,202
1132654,46,44,13,0,3,106,6,112
1132655,25,58,21,7,0,111,3,114
1132656,27,88,33,4,0,152,3,155
1132657,23,59,28,5,4,119,3,122
1132658,0,5,0,4,0,9,0,9
1132659,34,66,34,11,0,145,3,148
1132660,22,46,29,6,0,103,3,106
1132661,40,96,20,6,0,162,7,169
1132662,48,116,32,8,8,212,9,221
1132701,9,63,38,7,5,122,0,122
1132702,33,83,34,5,0,155,0,155
1132703,46,86,23,3,3,161,11,172
1132704,20,100,55,8,3,186,0,186
1132705,38,87,34,0,0,159,10,169
1132706,52,109,54,8,0,223,10,233
1132707,54,96,32,6,5,193,4,197
1132708,42,114,41,12,0,209,8,217
1132709,40,88,29,7,0,164,5,169
1132710,20,79,42,7,0,148,3,151
1132711,44,87,50,16,0,197,4,201
1132712,13,37,27,5,0,82,0,82
1132713,31,85,56,4,3,179,4,183
1132714,40,128,40,10,0,218,6,224
1132715,12,67,26,7,0,112,7,119
1132716,27,72,39,6,4,148,10,158
1132717,30,36,11,0,0,77,4,81
1132718,36,65,61,8,3,173,3,176
1132719,27,67,32,4,0,130,0,130
1132720,21,63,24,4,0,112,3,115
1132721,35,66,28,3,0,132,3,135
1132722,5,59,33,4,0,101,3,104
1132723,37,110,36,3,0,186,3,189
1132724,21,66,23,0,4,114,3,117
1132725,86,120,33,7,0,246,5,251
1132726,18,43,22,4,0,87,5,92
1132727,14,50,22,6,0,92,4,96
1132728,37,41,18,4,4,104,5,109
1132729,24,87,47,3,7,168,3,171
1132730,12,50,38,4,0,104,4,108
1132731,34,79,26,6,0,145,3,148
1132732,30,88,40,3,0,161,4,165
1132733,19,75,40,9,4,147,4,151
1132734,28,96,32,3,3,162,3,165
1132735,30,68,27,5,0,130,0,130
1132736,16,54,23,0,7,100,3,103
1132737,67,98,29,4,3,201,6,207
1132738,60,120,32,7,4,223,0,223
1132739,51,95,22,10,0,178,4,182
1132740,9,40,21,7,4,81,0,81
1132741,30,50,13,7,3,103,3,106
1132742,32,80,36,7,0,155,3,158
1132743,44,69,29,0,0,142,4,146
1132744,22,43,15,3,3,86,3,89
1132745,36,58,20,3,3,120,3,123
1132746,32,47,31,0,0,110,3,113
1132747,45,49,21,0,0,115,7,122
1132748,33,81,25,0,0,139,4,143
1132749,44,100,39,4,0,187,11,198
1132750,27,78,25,15,4,149,4,153
1132801,41,77,34,14,4,170,3,173
1132802,26,76,34,8,4,148,4,152
1132803,14,41,19,6,0,80,3,83
1132804,16,47,24,3,0,90,0,90
1132805,3,5,3,0,0,11,0,11
1132806,20,59,33,3,3,118,0,118
1132807,29,99,45,6,7,186,5,191
1132808,17,44,35,11,7,114,0,114
1132809,11,44,13,4,3,75,6,81
1132810,34,66,58,5,6,169,3,172
1132811,28,88,50,11,0,177,6,183
1132812,18,65,36,4,0,123,7,130
1132813,0,5,0,0,0,5,0,5
1132814,16,50,37,5,0,108,5,113
1132815,21,69,20,4,0,114,7,121
1132816,0,0,0,0,0,0,0,0
1132817,26,74,40,14,4,158,5,163
1132818,26,42,19,6,0,93,3,96
1132819,28,83,27,3,0,141,3,144
1132820,38,106,35,0,0,179,6,185
1132821,37,113,45,9,3,207,7,214
1132822,33,73,45,4,0,155,3,158
1132901,82,67,10,7,0,166,0,166
1132902,0,0,0,0,0,0,0,0
1132903,77,65,5,3,0,150,8,158
1132904,93,53,10,0,0,156,5,161
1132905,144,61,10,0,0,215,4,219
1132906,18,39,12,0,0,69,0,69
1132907,147,64,3,0,0,214,7,221
1132908,88,33,20,5,0,146,9,155
1132909,151,129,10,0,4,294,7,301
1132910,66,86,20,4,0,176,4,180
1132911,51,31,5,0,0,87,4,91
1132912,31,129,28,3,0,191,4,195
1132913,62,81,25,0,0,168,6,174
1132914,17,125,47,9,0,198,0,198
1132915,54,20,0,0,0,74,0,74
1132916,74,33,3,0,0,110,8,118
1132917,87,52,14,0,0,153,6,159
1132918,92,45,3,4,0,144,3,147
1132919,86,91,22,0,0,199,7,206
1132920,89,61,0,0,0,150,3,153
1132921,167,113,13,3,0,296,3,299
1132922,84,103,28,0,0,215,3,218
1132923,89,49,3,3,0,144,0,144
1132924,44,114,31,3,3,195,7,202
1132925,47,40,6,0,4,97,0,97
1132926,74,87,25,6,0,192,6,198
1132927,83,160,40,5,4,292,7,299
1132928,65,49,13,3,0,130,4,134
1133001,31,118,30,7,0,186,0,186
1133002,91,239,63,3,3,399,3,402
1133003,88,83,36,0,0,207,17,224
1133004,39,110,45,6,3,203,5,208
1133005,13,50,22,3,3,91,0,91
1133006,27,91,38,7,0,163,4,167
1133007,47,88,27,4,0,166,8,174
1133008,48,120,52,5,0,225,10,235
1133009,69,125,27,3,0,224,3,227
1133010,36,128,55,7,0,226,4,230
1133011,41,151,45,9,0,246,3,249
1133012,26,152,89,17,3,287,3,290
1133013,53,97,13,3,0,166,0,166
1133014,0,4,0,0,0,4,0,4
1133015,18,138,44,3,0,203,0,203
1133016,34,127,71,10,0,242,4,246
1133017,14,79,34,4,0,131,0,131
1133018,5,8,4,0,0,17,0,17
1133019,40,199,55,5,3,302,8,310
1133020,0,0,0,0,0,0,0,0
1133021,24,78,31,3,0,136,4,140
1133022,28,83,27,5,0,143,0,143
1133023,24,71,15,3,3,116,0,116
1133024,98,204,62,7,3,374,6,380
1133025,81,144,53,7,4,289,11,300
1133026,41,108,38,8,0,195,0,195
1133027,55,103,23,3,0,184,4,188
1133028,45,121,52,4,4,226,0,226
1133029,53,104,36,0,3,196,0,196
1133030,35,100,40,14,0,189,10,199
1133031,61,232,53,6,0,352,0,352
1133032,53,209,57,0,0,319,3,322
1133101,0,0,0,0,0,0,0,0
1133102,25,52,18,8,4,107,5,112
1133103,42,162,35,6,3,248,0,248
1133104,122,381,70,3,3,579,5,584
1133105,34,79,37,10,0,160,6,166
1133106,103,59,10,0,3,175,25,200
1133107,50,57,14,0,0,121,10,131
1133108,90,37,14,8,0,149,15,164
1133109,38,43,29,5,0,115,11,126
1133110,25,52,22,3,0,102,3,105
1133111,41,87,32,6,0,166,3,169
1133112,50,53,15,7,0,125,3,128
1133113,71,79,21,3,0,174,4,178
1133114,37,104,41,5,0,187,3,190
1133115,94,118,11,0,0,223,5,228
1133116,42,105,30,7,0,184,3,187
1133117,50,126,64,6,3,249,3,252
1133118,80,109,39,0,0,228,3,231
1133119,38,83,40,0,0,161,6,167
1133120,50,100,30,9,4,193,15,208
1133121,53,79,35,0,0,167,3,170
1133122,30,56,20,0,3,109,0,109
1133123,46,86,24,5,3,164,6,170
1133124,29,121,57,7,5,219,3,222
1133125,23,66,37,9,0,135,3,138
1133126,94,149,23,3,0,269,5,274
1133127,46,84,25,9,0,164,6,170
1133128,0,0,0,0,0,0,0,0
1133129,43,52,9,3,3,110,5,115
1133130,153,97,18,0,0,268,18,286
1133131,126,102,14,3,0,245,21,266
1133132,100,73,7,0,0,180,10,190
1133133,67,64,20,5,0,156,7,163
1133134,56,48,18,3,0,125,9,134
1133135,20,52,25,5,0,102,4,106
1133136,54,65,38,4,3,164,5,169
1133137,33,37,21,4,0,95,0,95
1133138,25,76,28,3,5,137,4,141
1133139,62,88,25,8,3,186,6,192
1133140,41,86,26,8,0,161,3,164
1133141,67,71,13,0,0,151,7,158
1133142,78,78,25,4,0,185,7,192
1133201,70,44,13,5,0,132,7,139
1133202,3,9,0,0,0,12,0,12
1133203,0,0,0,0,0,0,0,0
1133204,53,138,38,11,0,240,4,244
1133205,61,79,20,7,3,170,5,175
1133206,57,128,45,6,5,241,3,244
1133207,41,74,27,7,0,149,0,149
1133208,70,105,40,9,0,224,5,229
1133209,23,40,18,3,0,84,0,84
1133210,17,68,21,3,0,109,0,109
1133211,56,60,8,4,0,128,3,131
1133212,45,78,26,3,3,155,0,155
1133213,31,72,13,0,0,116,0,116
1133214,0,0,0,0,0,0,0,0
1133215,40,68,20,0,0,128,0,128
1133216,48,72,13,0,3,136,3,139
1133217,71,107,20,0,3,201,7,208
1133218,29,55,23,5,0,112,7,119
1133219,24,75,35,3,3,140,3,143
1133220,55,94,41,4,0,194,5,199
1133221,27,69,36,3,0,135,0,135
1133222,79,122,18,5,0,224,13,237
1133223,66,114,34,8,0,222,6,228
1133224,67,134,28,4,0,233,4,237
1133225,14,81,34,6,0,135,0,135
1133226,50,97,42,4,0,193,4,197
1133227,85,102,19,4,0,210,14,224
1133228,62,79,21,3,0,165,4,169
1133229,46,79,28,3,0,156,3,159
1133230,55,97,21,4,3,180,6,186
1133231,26,85,26,3,4,144,3,147
1133232,96,109,19,3,0,227,7,234
1133233,33,47,22,4,0,106,3,109
1133234,83,104,33,3,0,223,4,227
1133235,35,80,36,3,3,157,6,163
1133236,42,101,28,8,0,179,5,184
1133237,31,64,30,7,0,132,0,132
1133238,46,77,26,0,0,149,7,156
1133239,34,99,20,4,0,157,0,157
1133240,92,166,34,3,0,295,7,302
1133241,31,82,30,8,0,151,0,151
1133242,17,86,33,4,0,140,3,143
1133243,41,118,39,3,3,204,3,207
1133244,35,84,24,3,0,146,0,146
1133245,87,99,23,4,0,213,3,216
1133246,27,66,19,0,0,112,6,118
1133247,40,81,31,3,0,155,0,155
1133248,94,83,18,0,4,199,9,208
1133249,80,156,28,8,8,280,3,283
1133250,67,99,18,0,0,184,4,188
1133251,114,55,12,3,0,184,3,187
1133252,79,67,18,0,0,164,8,172
1133301,28,30,3,0,0,61,0,61
1133302,96,67,12,0,4,179,4,183
1133303,50,61,8,3,3,125,3,128
1133304,41,68,7,3,0,119,0,119
1133305,170,144,21,0,3,338,8,346
1133306,173,95,13,3,0,284,5,289
1133307,174,59,0,0,3,236,4,240
1133308,93,43,3,0,0,139,0,139
1133309,67,34,3,3,0,107,9,116
1133310,120,82,8,0,0,210,9,219
1133311,120,45,3,0,0,168,0,168
1133312,124,56,7,0,0,187,6,193
1133313,127,117,13,3,0,260,0,260
1133314,90,151,28,7,0,276,4,280
1133315,84,42,4,0,0,130,4,134
1133316,82,27,9,0,0,118,3,121
1133317,4,12,4,0,0,20,0,20
1133318,85,78,16,0,3,182,3,185
1133319,58,88,18,0,0,164,7,171
1133320,103,104,20,0,0,227,3,230
1133321,35,17,6,0,0,58,5,63
1133322,94,69,19,5,0,187,7,194
1133323,120,42,8,0,3,173,15,188
1133324,83,75,18,0,3,179,12,191
1133325,58,92,39,6,0,195,4,199
1133326,83,60,8,0,3,154,0,154
1133327,27,18,3,0,0,48,0,48
1133328,37,36,5,0,0,78,4,82
1133329,80,149,39,5,0,273,9,282
1133330,100,74,11,4,0,189,6,195
1133331,115,134,14,5,4,272,9,281
1133332,10,42,19,3,3,77,3,80
1133333,43,95,31,3,0,172,0,172
1133334,106,93,23,0,0,222,3,225
1133335,17,55,21,0,0,93,4,97
1133336,129,57,8,0,0,194,3,197
1133337,48,28,3,0,0,79,0,79
1133338,178,106,8,3,0,295,3,298
1133339,117,50,4,4,0,175,4,179
1133340,50,100,35,3,0,188,3,191
1133341,36,68,15,0,0,119,4,123
1133342,99,102,18,4,0,223,3,226
1133343,116,116,8,5,3,248,7,255
1133344,77,51,18,0,0,146,3,149
1133345,144,170,27,0,0,341,8,349
1133346,124,93,11,0,0,228,7,235
1133347,191,101,8,0,6,306,17,323
1133348,98,118,23,8,0,247,4,251
1133349,86,95,14,0,3,198,6,204
1133401,6,50,11,5,0,72,0,72
1133402,127,115,32,3,0,277,4,281
1133403,80,130,34,3,0,247,11,258
1133404,52,90,15,0,0,157,3,160
1133405,43,56,14,0,4,117,0,117
1133406,39,85,10,4,0,138,4,142
1133407,140,191,29,0,3,363,0,363
1133408,49,120,14,3,3,189,4,193
1133409,70,84,23,0,0,177,0,177
1133410,75,151,27,3,0,256,0,256
1133411,16,61,76,13,0,166,0,166
1133412,101,175,69,3,3,351,9,360
1133413,67,75,22,4,0,168,4,172
1133414,0,0,0,0,0,0,0,0
1133415,83,229,112,14,0,438,7,445
1133416,14,124,62,9,4,213,0,213
1133417,55,146,74,5,0,280,0,280
1133418,100,173,39,4,0,316,5,321
1133419,21,95,39,3,0,158,0,158
1133420,17,26,7,0,0,50,0,50
1133421,60,117,23,0,0,200,17,217
1133422,24,82,26,3,3,138,0,138
1133423,84,104,4,0,0,192,0,192
1133424,342,19,0,0,0,361,0,361
1133425,60,52,6,3,0,121,3,124
1133426,98,62,10,0,3,173,9,182
1133427,125,103,9,0,0,237,4,241
1133428,132,59,8,0,0,199,3,202
1133429,96,52,4,0,0,152,9,161
1133430,80,77,19,0,0,176,14,190
1133431,85,141,21,0,0,247,5,252
1133432,81,66,10,0,0,157,7,164
1133433,41,42,6,0,0,89,0,89
1133434,91,131,26,3,0,251,10,261
1133435,91,83,20,7,4,205,7,212
1133436,71,60,3,3,3,140,3,143
1133437,16,27,3,3,0,49,0,49
1133438,54,103,16,0,0,173,3,176
1133439,22,15,6,0,0,43,3,46
1133501,30,78,27,4,0,139,8,147
1133502,64,103,25,0,0,192,4,196
1133503,44,211,78,6,3,342,5,347
1133504,18,82,20,3,0,123,0,123
1133505,27,99,50,15,0,191,0,191
1133506,40,74,20,7,0,141,10,151
1133507,62,83,21,3,3,172,5,177
1133508,0,0,0,0,0,0,0,0
1133509,22,79,21,4,0,126,0,126
1133510,86,90,23,6,0,205,0,205
1133511,55,76,9,3,0,143,6,149
1133512,33,4,0,0,0,37,3,40
1133513,209,50,4,0,0,263,7,270
1133514,85,104,18,3,0,210,4,214
1133515,62,44,9,0,0,115,3,118
1133516,87,151,25,0,0,263,0,263
1133517,55,41,10,0,0,106,8,114
1133518,86,97,12,0,0,195,3,198
1133519,65,80,14,3,0,162,6,168
1133520,42,9,0,3,0,54,3,57
1133521,62,108,28,0,0,198,10,208
1133522,28,76,26,5,0,135,0,135
1133523,83,68,10,4,0,165,4,169
1133524,0,0,0,0,0,0,0,0
1133525,51,54,22,3,0,130,6,136
1133526,42,67,24,0,0,133,0,133
1133527,346,58,0,0,5,409,37,446
1133528,63,44,12,3,3,125,6,131
1133529,35,38,23,3,0,99,0,99
1133530,54,34,14,0,0,102,17,119
1133531,291,76,5,0,0,372,54,426
1133532,101,114,22,0,0,237,10,247
1133533,61,117,30,3,0,211,3,214
1133534,55,77,18,4,3,157,6,163
1133535,129,167,33,3,0,332,7,339
1133536,36,52,27,3,3,121,11,132
1133537,38,63,19,5,3,128,4,132
1133538,168,28,3,0,0,199,23,222
1133539,30,62,22,4,0,118,3,121
1133540,53,57,16,4,8,138,23,161
1133541,33,49,16,6,0,104,6,110
1133542,50,94,36,10,0,190,6,196
1133601,0,0,0,0,0,0,0,0
1133602,71,62,22,3,0,158,6,164
1133603,84,93,18,5,0,200,13,213
1133604,142,146,36,0,0,324,5,329
1133605,57,105,22,3,3,190,5,195
1133606,171,92,18,0,0,281,13,294
1133607,83,90,13,0,3,189,6,195
1133608,85,110,19,4,0,218,3,221
1133609,343,70,0,0,5,418,44,462
1133610,87,73,8,3,0,171,3,174
1133611,97,40,6,0,0,143,5,148
1133612,121,57,14,3,0,195,10,205
1133613,53,91,12,0,0,156,4,160
1133614,84,75,14,0,0,173,3,176
1133615,60,72,17,0,0,149,8,157
1133616,125,106,12,3,0,246,3,249
1133617,96,52,6,0,0,154,0,154
1133618,82,87,5,0,0,174,6,180
1133619,149,80,7,0,0,236,9,245
1133620,118,102,9,0,0,229,3,232
1133621,195,101,22,3,0,321,6,327
1133622,64,71,14,0,0,149,3,152
1133623,64,31,5,0,0,100,0,100
1133624,32,41,7,0,4,84,3,87
1133625,70,118,28,4,0,220,3,223
1133626,40,48,30,0,3,121,0,121
1133627,126,91,14,0,0,231,6,237
1133628,114,121,23,0,6,264,5,269
1133629,22,64,33,6,3,128,4,132
1133630,51,89,30,5,0,175,3,178
1133631,35,71,27,0,0,133,4,137
1133632,52,71,11,3,0,137,3,140
1133633,65,85,12,0,0,162,4,166
1133634,49,97,31,0,3,180,5,185
1133635,46,49,11,0,0,106,6,112
1133636,122,87,19,3,0,231,9,240
1133701,176,41,4,3,0,224,4,228
1133702,39,13,5,0,0,57,3,60
1133703,270,98,13,4,0,385,22,407
1133704,24,22,4,0,0,50,0,50
1133705,115,60,11,0,0,186,3,189
1133706,155,78,17,0,0,250,6,256
1133707,146,109,12,0,0,267,7,274
1133708,65,31,3,0,0,99,3,102
1133709,158,56,6,0,0,220,17,237
1133710,91,84,20,0,0,195,5,200
1133711,165,67,4,0,0,236,13,249
1133712,387,153,22,0,0,562,27,589
1133713,0,0,0,0,0,0,0,0
1133714,124,44,3,3,0,174,11,185
1133715,211,146,19,0,3,379,9,388
1133716,161,83,13,0,0,257,6,263
1133717,82,84,5,0,0,171,3,174
1133718,102,64,17,0,0,183,10,193
1133719,196,90,6,3,0,295,10,305
1133720,0,0,0,0,0,0,0,0
1133721,383,202,27,3,3,618,7,625
1133722,10,72,46,7,3,138,0,138
1133723,21,64,29,4,0,118,4,122
1133724,41,56,17,5,0,119,5,124
1133725,34,34,17,4,0,89,6,95
1133726,82,40,5,0,0,127,17,144
1133727,29,15,0,0,0,44,3,47
1133728,4,0,0,0,0,4,0,4
1133729,54,52,5,0,0,111,0,111
1133730,6,20,5,0,4,35,3,38
1133731,0,0,0,0,0,0,0,0
1133732,0,0,0,0,0,0,0,0
1133733,68,26,3,0,0,97,3,100
1133734,108,57,9,0,0,174,12,186
1133735,66,8,0,0,0,74,0,74
1133736,91,49,3,0,0,143,0,143
1133737,117,93,7,0,0,217,11,228
1133738,209,87,0,0,0,296,9,305
1133739,0,0,0,0,0,0,0,0
1133740,40,23,3,0,0,66,0,66
1133741,0,0,0,0,0,0,0,0
1133742,124,169,41,3,3,340,3,343
1133743,30,69,25,4,0,128,3,131
1133744,35,75,11,4,0,125,0,125
1133745,0,0,0,0,0,0,0,0
1133746,95,15,6,0,0,116,3,119
1133747,122,73,4,3,0,202,4,206
1133748,45,23,3,0,0,71,3,74
1133749,50,88,14,3,0,155,0,155
1133750,0,0,0,0,0,0,0,0
1133751,98,47,18,3,0,166,3,169
1133752,46,23,5,0,0,74,7,81
1133801,104,40,6,0,0,150,20,170
1133802,220,58,3,0,6,287,29,316
1133803,40,167,46,3,3,259,3,262
1133804,121,65,17,3,5,211,26,237
1133805,63,61,8,3,3,138,10,148
1133806,59,23,0,0,4,86,12,98
1133807,96,242,82,8,0,428,7,435
1133808,10,90,38,0,0,138,4,142
1133809,19,151,51,3,3,227,0,227
1133810,11,63,44,3,0,121,3,124
1133811,28,126,55,3,4,216,4,220
1133812,16,31,7,0,0,54,0,54
1133813,13,109,43,3,3,171,4,175
1133814,20,84,57,7,0,168,4,172
1133815,9,52,31,8,3,103,0,103
1133816,19,63,44,4,0,130,0,130
1133817,28,125,48,18,3,222,6,228
1133818,30,155,42,8,0,235,0,235
1133819,0,0,0,0,0,0,0,0
1133820,59,234,136,15,5,449,9,458
1133821,9,43,44,22,6,124,3,127
1133822,65,140,45,4,4,258,5,263
1133823,101,213,51,3,5,373,10,383
1133824,20,46,64,10,10,150,4,154
1133825,41,388,179,17,5,630,16,646
1133826,19,87,67,19,6,198,3,201
1133827,24,63,58,19,11,175,6,181
1133828,56,117,56,8,3,240,7,247
1133829,59,128,42,5,0,234,11,245
1133830,138,141,31,4,0,314,10,324
1133831,26,88,26,3,0,143,3,146
1133832,40,80,17,0,0,137,4,141
1133833,24,83,24,0,0,131,3,134
1133834,23,91,23,3,0,140,3,143
1133835,37,131,29,0,0,197,3,200
1133836,18,74,12,4,5,113,3,116
1133837,96,64,14,7,0,181,20,201
1133838,213,49,4,0,0,266,43,309
1133839,227,65,5,0,3,300,58,358
1133840,62,33,7,0,0,102,18,120
1133841,130,89,6,0,0,225,22,247
1133901,28,117,52,12,9,218,3,221
1133902,12,50,56,5,5,128,0,128
1133903,7,26,47,5,3,88,3,91
1133904,36,107,63,5,3,214,10,224
1133905,9,56,63,14,4,146,0,146
1133906,25,70,48,6,0,149,3,152
1133907,9,47,36,10,0,102,0,102
1133908,22,78,54,5,0,159,4,163
1133909,0,0,0,0,3,3,0,3
1133910,27,88,44,10,0,169,6,175
1133911,18,88,59,11,4,180,4,184
1133912,29,86,48,4,3,170,6,176
1133913,10,58,38,9,0,115,4,119
1133914,16,45,40,3,3,107,4,111
1133915,38,67,29,3,0,137,6,143
1133916,0,0,0,0,0,0,0,0
1133917,27,68,26,3,3,127,7,134
1133918,14,30,31,6,3,84,4,88
1133919,40,80,32,8,0,160,5,165
1133920,9,32,35,3,0,79,0,79
1133921,23,69,32,12,0,136,4,140
1133922,35,91,39,0,8,173,9,182
1133923,89,117,45,7,0,258,18,276
1133924,31,59,22,5,0,117,7,124
1133925,12,50,29,0,0,91,5,96
1133926,4,47,31,6,0,88,4,92
1133927,29,70,37,4,0,140,5,145
1133928,9,31,29,12,3,84,3,87
1133929,28,50,26,4,3,111,5,116
1133930,4,67,36,10,0,117,5,122
1133931,13,31,26,3,0,73,0,73
1133932,13,46,41,5,3,108,3,111
1133933,63,120,42,3,5,233,7,240
1133934,59,160,41,3,3,266,18,284
1133935,93,142,33,3,0,271,14,285
1133936,60,85,40,4,4,193,15,208
1133937,27,92,44,6,0,169,0,169
1133938,35,86,46,4,3,174,3,177
1133939,45,102,40,3,3,193,8,201
1133940,57,104,43,4,0,208,8,216
1133941,39,44,15,0,5,103,7,110
1133942,22,44,34,8,3,111,3,114
1133943,36,87,33,6,4,166,9,175
1133944,22,84,54,9,3,172,8,180
1133945,25,64,38,10,0,137,8,145
1133946,16,49,21,5,0,91,5,96
1133947,9,54,34,10,0,107,3,110
1134001,45,62,19,3,0,129,11,140
1134002,34,72,26,5,0,137,0,137
1134003,45,125,48,5,3,226,5,231
1134004,59,125,38,4,0,226,5,231
1134005,58,98,43,7,0,206,17,223
1134006,21,59,45,7,3,135,4,139
1134007,47,117,38,10,0,212,15,227
1134008,97,127,33,3,0,260,8,268
1134009,72,83,29,5,3,192,15,207
1134010,64,100,30,3,3,200,6,206
1134011,117,125,37,3,0,282,15,297
1134012,92,116,45,4,0,257,11,268
1134013,68,133,55,4,3,263,9,272
1134014,47,120,55,8,0,230,3,233
1134015,37,67,41,8,3,156,3,159
1134016,52,62,24,3,0,141,4,145
1134017,29,92,48,11,4,184,6,190
1134018,57,147,60,7,4,275,3,278
1134019,24,47,18,5,0,94,0,94
1134020,13,38,28,6,5,90,0,90
1134021,53,91,33,8,3,188,4,192
1134022,31,71,23,5,4,134,0,134
1134023,27,66,28,0,3,124,3,127
1134024,36,86,25,6,0,153,12,165
1134025,47,106,42,4,3,202,8,210
1134026,39,69,52,6,3,169,7,176
1134027,4,54,58,11,4,131,3,134
1134028,10,38,41,7,0,96,4,100
1134029,8,46,75,21,3,153,9,162
1134030,39,109,61,10,4,223,5,228
1134031,65,129,57,3,0,254,7,261
1134032,27,51,47,7,3,135,5,140
1134033,62,135,62,7,3,269,8,277
1134034,0,0,0,0,0,0,0,0
1134035,11,33,10,4,0,58,0,58
1134036,22,68,47,0,3,140,0,140
1134037,8,36,31,5,3,83,3,86
1134038,17,69,53,7,3,149,0,149
1134039,17,84,52,8,0,161,0,161
1134040,7,39,50,13,0,109,5,114
1134041,6,29,21,5,3,64,3,67
1134042,48,121,57,7,0,233,4,237
1134043,45,74,64,11,5,199,7,206
1134044,3,19,45,6,0,73,4,77
1134045,25,29,23,4,0,81,0,81
1134046,0,0,0,0,0,0,0,0
1134047,29,88,43,3,3,166,11,177
1134101,38,58,29,0,0,125,3,128
1134102,17,31,16,0,0,64,4,68
1134103,58,143,47,3,0,251,9,260
1134104,8,41,33,11,0,93,5,98
1134105,57,47,8,0,0,112,3,115
1134106,64,70,21,3,3,161,7,168
1134107,17,75,38,9,0,139,0,139
1134108,34,93,36,8,0,171,6,177
1134109,70,91,15,3,0,179,11,190
1134110,17,70,48,6,3,144,7,151
1134111,36,86,28,0,3,153,8,161
1134112,31,104,37,5,3,180,7,187
1134113,11,54,24,5,0,94,0,94
1134114,52,92,20,0,0,164,5,169
1134115,20,74,46,5,0,145,3,148
1134116,102,95,17,3,3,220,19,239
1134117,79,182,18,0,0,279,16,295
1134118,17,41,19,3,0,80,4,84
1134119,42,71,22,0,0,135,4,139
1134120,68,76,23,3,5,175,3,178
1134121,76,79,32,3,0,190,5,195
1134122,46,57,5,3,0,111,7,118
1134123,52,69,26,8,3,158,7,165
1134124,49,81,19,3,4,156,8,164
1134125,38,38,10,0,0,86,0,86
1134126,37,99,45,11,4,196,4,200
1134127,72,102,44,3,3,224,13,237
1134128,19,92,84,11,4,210,4,214
1134129,8,71,49,7,4,139,4,143
1134130,13,45,43,7,3,111,8,119
1134131,25,86,49,5,3,168,5,173
1134132,9,37,41,6,0,93,7,100
1134133,61,96,41,18,0,216,9,225
1134134,22,80,25,11,3,141,3,144
1134135,36,94,63,7,3,203,0,203
1134136,0,0,0,0,0,0,0,0
1134137,19,67,32,6,3,127,3,130
1134138,84,103,38,6,3,234,11,245
1134139,25,55,33,3,0,116,3,119
1134201,0,0,0,0,0,0,0,0
1134301,19,92,51,12,0,174,15,189
1134302,31,159,75,8,4,277,3,280
1134303,30,132,50,5,5,222,8,230
1134304,27,120,58,11,6,222,8,230
1134305,16,71,56,5,3,151,10,161
1134306,13,88,51,11,3,166,6,172
1134307,42,153,72,11,4,282,8,290
1134308,76,148,76,16,0,316,10,326
1134309,38,57,12,3,0,110,3,113
1134310,17,38,6,4,0,65,4,69
1134311,25,102,36,5,3,171,9,180
1134312,13,63,67,11,16,170,4,174
1134313,7,21,71,27,16,142,3,145
1134314,0,21,51,25,11,108,0,108
1134315,0,13,22,7,5,47,0,47
1134316,9,37,51,12,9,118,0,118
1134317,38,103,46,12,3,202,10,212
1134318,4,13,33,15,3,68,3,71
1134319,22,79,53,14,3,171,5,176
1134320,28,90,34,4,0,156,4,160
1134321,22,68,35,5,3,133,4,137
1134322,42,86,35,4,4,171,8,179
1134323,6,44,34,0,4,88,0,88
1134324,32,87,49,0,3,171,9,180
1134325,39,85,51,3,0,178,7,185
1134326,68,88,16,0,0,172,3,175
1134327,51,125,40,7,3,226,8,234
1134328,72,87,38,0,3,200,7,207
1134329,22,85,23,3,0,133,3,136
1134330,19,66,35,4,0,124,5,129
1134331,8,68,67,14,3,160,3,163
1134332,18,104,77,8,6,213,6,219
1134333,7,34,67,15,16,139,4,143
1134334,0,23,35,10,0,68,0,68
1134335,26,134,59,4,0,223,0,223
1134336,41,64,40,10,0,155,3,158
1134337,28,86,28,6,4,152,0,152
1134338,28,110,63,12,3,216,3,219
1134339,10,50,58,8,3,129,10,139
1134340,10,83,63,8,10,174,7,181
1134341,5,35,38,5,3,86,3,89
1134342,11,56,45,8,0,120,0,120
1134343,38,77,26,4,0,145,6,151
1134344,0,16,35,9,7,67,0,67
1134345,0,23,49,22,4,98,0,98
1134346,12,73,67,17,5,174,10,184
1134347,59,153,61,4,0,277,14,291
1134348,11,60,70,16,3,160,5,165
1134349,8,69,74,16,14,181,3,184
1134350,10,38,52,17,8,125,4,129
1134351,11,39,42,17,4,113,8,121
1134352,13,54,47,9,7,130,5,135
1134353,5,65,61,26,3,160,3,163
1134354,10,44,49,12,10,125,6,131
1134355,37,119,52,10,0,218,7,225
1134356,58,146,45,11,3,263,10,273
1134357,34,81,34,3,3,155,0,155
1134401,24,139,88,19,3,273,4,277
1134402,5,27,58,19,6,115,6,121
1134403,11,69,75,12,10,177,3,180
1134404,35,114,43,4,4,200,4,204
1134405,30,67,56,9,3,165,3,168
1134406,30,95,54,13,3,195,3,198
1134407,34,98,58,12,4,206,6,212
1134408,22,76,64,14,3,179,6,185
1134409,35,49,51,10,3,148,7,155
1134410,11,49,47,5,3,115,3,118
1134411,10,55,59,7,4,135,6,141
1134412,44,114,92,9,0,259,10,269
1134413,12,65,46,14,3,140,6,146
1134414,20,54,60,9,6,149,0,149
1134415,36,56,31,19,4,146,11,157
1134416,3,23,54,27,11,118,4,122
1134417,6,34,42,23,7,112,4,116
1134418,23,60,77,21,11,192,8,200
1134419,18,73,47,7,4,149,3,152
1134420,10,43,36,6,0,95,7,102
1134421,4,30,52,31,6,123,0,123
1134422,15,60,72,11,14,172,4,176
1134423,3,28,63,17,4,115,0,115
1134424,5,22,91,27,29,174,6,180
1134501,94,106,30,0,0,230,9,239
1134502,60,132,38,3,3,236,6,242
1134503,34,87,41,3,0,165,5,170
1134504,32,74,46,10,4,166,0,166
1134505,49,103,44,5,4,205,0,205
1134506,37,70,9,3,3,122,3,125
1134507,40,98,52,8,0,198,3,201
1134508,33,110,36,8,0,187,3,190
1134509,73,98,33,4,0,208,8,216
1134510,42,96,25,3,3,169,4,173
1134511,6,60,26,5,0,97,3,100
1134512,22,113,66,10,3,214,4,218
1134513,13,49,35,3,0,100,0,100
1134514,0,0,0,0,0,0,0,0
1134515,0,0,0,0,0,0,0,0
1134516,31,113,58,7,0,209,4,213
1134517,11,53,40,3,3,110,0,110
1134518,57,85,43,4,0,189,9,198
1134519,53,83,26,7,3,172,4,176
1134520,100,133,37,6,0,276,10,286
1134521,15,69,26,10,0,120,3,123
1134522,0,0,0,0,0,0,0,0
1134523,14,98,45,9,4,170,0,170
1134524,56,104,36,4,0,200,4,204
1134525,14,69,13,3,4,103,4,107
1134526,49,137,35,11,3,235,8,243
1134527,25,72,39,9,0,145,0,145
1134528,39,107,32,3,0,181,3,184
1134529,40,78,56,6,4,184,4,188
1134530,53,101,48,4,3,209,3,212
1134531,12,103,50,6,0,171,3,174
1134532,3,6,24,7,3,43,0,43
1134533,43,94,31,13,0,181,0,181
1134534,45,60,24,3,3,135,3,138
1134535,55,110,47,5,0,217,3,220
1134536,74,86,15,0,0,175,8,183
1134537,103,135,28,3,0,269,7,276
1134601,36,65,31,4,0,136,13,149
1134602,9,33,32,7,3,84,4,88
1134603,11,40,54,16,3,124,0,124
1134604,7,18,40,15,11,91,4,95
1134605,3,20,41,17,5,86,4,90
1134606,4,13,81,31,22,151,5,156
1134607,0,0,0,0,0,0,0,0
1134608,4,20,52,22,13,111,0,111
1134609,4,17,62,35,10,128,3,131
1134610,26,61,33,0,4,124,0,124
1134611,0,0,0,0,0,0,0,0
1134612,12,60,63,22,7,164,6,170
1134613,3,22,52,23,17,117,7,124
1134614,0,26,31,13,7,77,3,80
1134615,11,45,50,9,0,115,0,115
1134616,17,59,45,7,3,131,4,135
1134617,4,50,59,22,11,146,6,152
1134618,14,90,91,24,5,224,7,231
1134619,0,0,0,0,0,0,0,0
1134620,42,154,79,11,3,289,7,296
1134621,6,42,48,8,0,104,3,107
1134622,9,61,54,6,0,130,3,133
1134623,3,24,49,15,6,97,0,97
1134624,13,79,64,9,5,170,3,173
1134625,19,82,66,9,4,180,4,184
1134626,6,44,70,12,6,138,6,144
1134627,4,41,58,18,0,121,9,130
1134628,5,58,70,23,13,169,4,173
1134629,0,6,3,0,0,9,0,9
1134630,0,33,61,18,24,136,0,136
1134631,4,34,38,13,5,94,0,94
1134632,20,61,43,12,12,148,7,155
1134701,21,96,52,8,0,177,4,181
1134702,29,94,44,7,3,177,9,186
1134703,104,55,11,5,7,182,14,196
1134704,36,123,75,5,7,246,10,256
1134705,9,85,112,15,9,230,9,239
1134706,39,160,61,10,0,270,4,274
1134707,18,66,46,8,3,141,3,144
1134708,49,104,60,9,3,225,8,233
1134709,35,62,23,0,0,120,4,124
1134710,25,92,49,12,3,181,7,188
1134711,7,45,37,12,0,101,4,105
1134712,28,83,30,4,0,145,7,152
1134713,16,60,50,9,4,139,6,145
1134714,38,131,49,6,5,229,9,238
1134715,34,82,25,3,3,147,6,153
1134716,40,93,33,6,3,175,7,182
1134717,26,33,21,0,3,83,4,87
1134801,9,113,84,12,4,222,9,231
1134802,14,57,70,10,3,154,3,157
1134803,14,85,75,13,4,191,3,194
1134804,115,91,36,13,6,261,23,284
1134805,13,47,34,4,3,101,0,101
1134806,43,116,41,3,0,203,10,213
1134807,19,107,44,6,0,176,5,181
1134808,14,62,22,0,0,98,7,105
1134809,11,37,34,6,0,88,0,88
1134810,47,84,25,5,3,164,0,164
1134811,30,79,62,9,0,180,3,183
1134812,3,48,51,5,0,107,3,110
1134813,17,106,48,10,5,186,3,189
1134814,25,95,78,11,4,213,3,216
1134815,8,34,43,8,4,97,3,100
1134816,25,92,59,10,7,193,4,197
1134817,19,71,57,12,0,159,4,163
1134818,13,40,38,5,0,96,0,96
1134819,24,83,57,6,3,173,3,176
1134820,23,97,28,10,5,163,0,163
1134821,30,109,57,3,0,199,7,206
1134822,6,28,42,6,4,86,0,86
1134823,40,125,48,4,0,217,6,223
1134824,33,102,63,11,0,209,5,214
1134825,11,66,46,10,0,133,0,133
1134826,13,69,49,13,3,147,4,151
1134827,179,65,5,0,3,252,32,284
1134828,4,28,42,5,4,83,3,86
1134829,11,32,43,8,3,97,3,100
1134830,27,134,55,10,0,226,3,229
1134831,20,79,43,3,0,145,0,145
1134832,42,110,50,7,3,212,6,218
1134833,42,78,27,4,0,151,6,157
1134834,16,73,40,3,0,132,4,136
1134835,24,117,54,9,0,204,0,204
1134836,26,110,39,10,0,185,5,190
1134837,10,43,42,16,3,114,3,117
1134838,47,125,52,3,4,231,4,235
1134839,39,110,56,9,3,217,3,220
1134840,14,83,47,6,0,150,5,155
1134841,55,121,43,3,0,222,9,231
1134842,76,147,62,10,3,298,9,307
1134843,44,119,59,8,0,230,3,233
1134844,43,82,31,3,3,162,4,166
1134845,52,120,50,7,6,235,9,244
1134846,36,96,36,9,3,180,4,184
1134847,18,50,65,9,0,142,0,142
1134848,8,14,39,20,7,88,3,91
1134849,15,63,53,8,0,139,3,142
1134850,3,29,45,6,3,86,0,86
1134851,8,28,49,13,3,101,0,101
1134852,3,13,43,14,3,76,0,76
1134853,6,33,22,6,4,71,6,77
1134854,9,21,52,11,5,98,0,98
1134855,0,11,14,0,0,25,3,28
1134856,8,33,30,9,0,80,3,83
1134857,15,34,39,4,0,92,0,92
1134858,9,32,33,5,4,83,4,87
1134859,121,73,13,0,0,207,20,227
1134860,6,45,32,4,3,90,0,90
1134901,5,33,20,5,0,63,4,67
1134902,3,27,52,13,3,98,3,101
1134903,43,125,44,0,3,215,6,221
1134904,53,93,45,5,0,196,3,199
1134905,29,49,19,7,0,104,0,104
1134906,24,41,9,3,3,80,0,80
1134907,84,152,66,10,6,318,5,323
1134908,6,21,25,6,0,58,0,58
1134909,10,59,74,20,6,169,6,175
1134910,14,37,42,14,4,111,0,111
1134911,0,0,0,0,0,0,0,0
1134912,22,85,57,4,10,178,3,181
1134913,10,85,39,5,0,139,4,143
1134914,101,73,15,3,4,196,4,200
1134915,33,49,40,12,3,137,4,141
1134916,26,63,40,13,3,145,10,155
1134917,13,57,56,8,3,137,6,143
1134918,23,51,43,6,4,127,4,131
1134919,72,84,29,8,3,196,12,208
1134920,5,34,80,13,3,135,3,138
1134921,11,72,48,9,0,140,0,140
1134922,4,83,54,8,0,149,5,154
1134923,23,53,38,8,9,131,3,134
1134924,34,92,51,14,4,195,7,202
1134925,76,79,28,3,0,186,10,196
1134926,32,49,31,0,3,115,4,119
1134927,84,77,20,0,0,181,16,197
1134928,121,79,19,0,0,219,8,227
1134929,37,53,40,3,3,136,3,139
1134930,28,51,38,12,0,129,5,134
1134931,25,46,54,16,7,148,3,151
1134932,8,51,60,21,3,143,4,147
1134933,3,54,57,15,10,139,3,142
1134934,9,35,49,18,6,117,4,121
1134935,60,113,30,0,3,206,11,217
1134936,114,198,69,16,0,397,12,409
1134937,34,90,33,8,3,168,5,173
1134938,55,103,45,7,3,213,9,222
1134939,32,92,18,0,0,142,4,146
1134940,25,12,4,0,0,41,4,45
1134941,10,39,23,14,0,86,3,89
1134942,10,47,40,4,0,101,0,101
1134943,38,54,26,5,4,127,7,134
1134944,16,61,59,11,5,152,5,157
1134945,10,47,22,8,3,90,0,90
1134946,13,47,30,5,0,95,3,98
1134947,23,68,46,9,3,149,10,159
1134948,51,143,48,4,0,246,8,254
1134949,18,40,30,4,0,92,0,92
1134950,22,63,32,8,0,125,8,133
1134951,70,115,24,3,0,212,3,215
1134952,60,87,25,4,3,179,9,188
1134953,40,46,19,0,3,108,3,111
1134954,107,87,18,3,0,215,6,221
1134955,136,98,13,6,0,253,13,266
1134956,58,76,13,4,0,151,4,155
1134957,40,60,20,5,0,125,3,128
1134958,26,38,11,0,0,75,0,75
1134959,30,68,23,6,0,127,4,131
1135001,47,52,36,7,3,145,8,153
1135002,18,62,56,17,5,158,9,167
1135003,11,55,50,19,14,149,5,154
1135004,10,33,53,13,5,114,6,120
1135005,11,63,84,25,14,197,4,201
1135006,10,49,61,29,6,155,3,158
1135007,13,8,7,0,0,28,3,31
1135008,6,22,52,20,5,105,5,110
1135009,10,34,51,16,3,114,3,117
1135010,3,29,34,9,8,83,3,86
1135011,5,42,47,19,9,122,0,122
1135012,11,58,49,14,7,139,8,147
1135013,120,75,13,3,0,211,18,229
1135014,14,27,29,14,5,89,5,94
1135015,9,31,47,26,13,126,0,126
1135016,21,174,177,30,15,417,10,427
1135017,80,66,39,9,5,199,16,215
1135018,19,45,73,14,5,156,6,162
1135019,15,27,38,8,8,96,10,106
1135020,58,77,58,10,3,206,9,215
1135021,17,63,63,26,5,174,4,178
1135022,7,59,43,18,3,130,3,133
1135023,7,37,59,22,13,138,3,141
1135024,0,3,0,0,0,3,0,3
1135025,0,0,0,0,0,0,0,0
1135026,0,0,0,0,0,0,0,0
1135027,3,34,25,12,4,78,5,83
1135028,0,0,0,0,0,0,0,0
1135029,0,55,64,20,4,143,8,151
1135030,6,42,42,21,12,123,3,126
1135031,123,60,11,3,7,204,31,235
1135032,46,54,45,8,3,156,10,166
1135033,11,38,50,19,7,125,6,131
1135034,4,23,30,11,13,81,0,81
1135035,82,66,49,8,11,216,11,227
1135036,27,34,46,13,3,123,10,133
1135037,11,53,65,11,11,151,3,154
1135038,3,49,72,24,7,155,0,155
1135039,11,52,71,24,10,168,4,172
1135040,12,48,63,21,5,149,4,153
1135041,5,47,50,13,0,115,0,115
1135042,10,44,39,11,3,107,0,107
1135043,17,35,32,16,6,106,3,109
1135044,9,49,65,23,3,149,6,155
1135045,22,69,82,27,3,203,6,209
1135046,37,134,66,12,5,254,8,262
1135047,5,24,33,13,9,84,0,84
1135048,46,56,67,18,12,199,9,208
1135101,94,55,7,0,3,159,19,178
1135102,18,41,23,3,3,88,3,91
1135103,6,33,54,14,4,111,6,117
1135104,3,41,41,8,8,101,46,147
1135105,10,63,58,6,3,140,4,144
1135106,32,105,63,10,6,216,10,226
1135107,12,64,59,11,3,149,3,152
1135108,12,46,46,13,3,120,0,120
1135109,0,0,0,0,0,0,0,0
1135110,57,79,22,8,0,166,15,181
1135111,11,35,52,9,3,110,7,117
1135112,12,54,46,13,4,129,7,136
1135113,20,64,30,15,9,138,6,144
1135114,34,63,21,4,0,122,0,122
1135115,32,87,78,10,3,210,6,216
1135116,12,91,82,23,0,208,6,214
1135117,14,80,86,18,0,198,3,201
1135118,9,38,50,12,3,112,6,118
1135119,20,46,40,16,12,134,13,147
1135120,15,46,61,18,7,147,3,150
1135121,21,61,45,6,9,142,0,142
1135122,4,21,21,8,4,58,4,62
1135123,6,20,48,16,13,103,3,106
1135124,3,41,62,39,13,158,3,161
1135125,11,49,25,6,0,91,4,95
1135126,49,79,41,7,0,176,9,185
1135127,47,123,62,18,10,260,8,268
1135128,15,51,43,8,3,120,0,120
1135129,31,72,36,7,7,153,3,156
1135130,55,75,24,6,5,165,8,173
1135131,16,74,48,11,5,154,3,157
1135132,48,91,39,3,3,184,4,188
1135133,42,84,42,4,0,172,5,177
1135134,16,72,46,9,0,143,0,143
1135135,10,65,53,17,4,149,7,156
1135136,30,61,43,15,3,152,8,160
1135137,21,65,58,14,4,162,3,165
1135138,23,69,63,14,10,179,3,182
1135139,16,47,53,17,3,136,3,139
1135140,9,54,47,12,10,132,4,136
1135141,17,44,36,0,4,101,4,105
1135142,15,37,51,7,7,117,5,122
1135143,43,62,32,7,3,147,3,150
1135144,5,57,63,20,7,152,6,158
1135145,10,29,45,15,7,106,4,110
1135146,89,184,46,6,0,325,4,329
1135147,38,50,34,3,3,128,3,131
1135148,24,64,52,15,3,158,7,165
1135149,18,91,66,11,5,191,6,197
1135150,22,47,28,7,3,107,4,111
1135151,111,55,29,9,0,204,21,225
1135152,80,127,58,4,4,273,10,283
1135153,119,52,12,0,0,183,21,204
1135154,18,67,30,3,3,121,4,125
1135155,25,64,38,10,3,140,12,152
1135156,104,235,49,5,0,393,5,398
1135157,25,71,15,3,0,114,3,117
1135158,69,152,41,10,3,275,5,280
1135159,5,61,69,16,4,155,6,161
1135160,34,106,65,8,3,216,3,219
1135161,20,110,78,11,0,219,3,222
1135162,31,115,49,3,3,201,11,212
1135163,3,62,59,10,6,140,3,143
1135164,38,125,86,9,3,261,6,267
1135165,38,111,39,5,8,201,6,207
1135166,7,55,35,11,4,112,3,115
1135167,12,46,47,10,5,120,3,123
1135201,0,0,0,0,0,0,0,0
1135202,18,83,27,3,0,131,3,134
1135203,3,57,62,10,0,132,7,139
1135204,34,66,22,6,3,131,4,135
1135205,125,103,27,6,0,261,14,275
1135206,7,55,26,3,3,94,3,97
1135207,8,31,45,10,3,97,3,100
1135208,31,27,9,0,0,67,3,70
1135209,54,67,13,0,0,134,3,137
1135210,68,67,25,0,0,160,6,166
1135211,22,66,38,5,5,136,0,136
1135212,3,37,29,6,0,75,4,79
1135213,17,101,50,10,0,178,4,182
1135214,11,49,24,8,0,92,9,101
1135215,10,52,35,6,7,110,3,113
1135216,6,21,24,3,3,57,3,60
1135217,20,115,54,8,4,201,6,207
1135218,18,66,50,9,0,143,6,149
1135219,12,86,39,7,4,148,0,148
1135220,46,118,30,3,0,197,8,205
1135221,25,93,28,3,3,152,5,157
1135222,48,131,38,10,3,230,12,242
1135223,53,96,41,8,3,201,14,215
1135224,50,67,18,3,0,138,0,138
1135225,44,130,37,10,4,225,10,235
1135226,50,80,34,8,0,172,9,181
1135227,68,120,53,0,0,241,6,247
1135228,22,47,23,6,4,102,4,106
1135229,42,80,40,3,3,168,0,168
1135230,59,139,44,6,4,252,11,263
1135231,37,100,32,3,0,172,6,178
1135232,27,64,31,5,0,127,5,132
1135233,22,67,27,4,0,120,5,125
1135234,36,98,69,13,3,219,0,219
1135235,15,45,42,9,5,116,3,119
1135236,21,79,34,7,0,141,10,151
1135237,36,82,16,5,0,139,4,143
1135238,52,105,51,5,3,216,3,219
1135239,25,106,32,4,0,167,5,172
1135240,18,80,46,10,3,157,6,163
1135241,0,14,51,10,0,75,0,75
1135242,50,156,52,6,0,264,14,278
1135243,12,45,28,5,0,90,3,93
1135244,41,106,36,3,0,186,6,192
1135245,51,123,46,3,3,226,19,245
1135246,32,101,39,5,3,180,4,184
1135247,26,76,77,9,6,194,3,197
1135248,5,45,39,10,3,102,0,102
1135249,23,88,63,14,0,188,4,192
1135250,29,78,50,5,8,170,0,170
1135251,10,46,37,0,0,93,0,93
1135252,23,70,22,4,4,123,4,127
1135253,22,86,39,6,0,153,3,156
1135254,11,54,31,9,0,105,9,114
1135255,42,78,36,4,0,160,5,165
1135256,54,99,48,3,5,209,8,217
1135257,23,75,47,5,3,153,0,153
1135258,13,28,32,11,3,87,0,87
1135259,58,144,57,10,0,269,5,274
1135260,16,75,51,7,0,149,3,152
1135261,91,113,42,11,5,262,10,272
1135262,43,107,32,8,4,194,8,202
1135263,21,111,72,7,0,211,3,214
1135264,14,105,69,3,3,194,0,194
1135265,34,109,45,7,0,195,11,206
1135266,43,79,39,0,4,165,4,169
1135267,28,107,47,10,0,192,6,198
1135268,27,59,35,0,0,121,6,127
1135301,13,57,16,0,0,86,9,95
1135302,0,0,0,0,0,0,0,0
1135303,7,40,47,25,9,128,3,131
1135304,15,59,74,26,10,184,0,184
1135305,45,42,32,4,4,127,13,140
1135306,0,0,0,0,0,0,0,0
1135307,18,43,25,10,3,99,8,107
1135308,3,0,3,0,0,6,0,6
1135309,15,47,16,0,0,78,0,78
1135310,100,251,91,9,0,451,14,465
1135311,33,125,31,0,4,193,6,199
1135312,14,33,41,10,4,102,0,102
1135313,11,33,30,12,5,91,0,91
1135314,11,38,15,8,3,75,3,78
1135315,4,36,28,18,8,94,9,103
1135316,19,54,41,17,3,134,7,141
1135317,26,93,62,8,3,192,10,202
1135318,32,84,39,14,4,173,8,181
1135319,23,75,46,5,3,152,7,159
1135320,60,133,48,7,0,248,11,259
1135321,26,101,44,8,3,182,8,190
1135322,6,44,37,9,3,99,8,107
1135323,12,46,40,14,6,118,10,128
1135324,7,37,46,18,6,114,3,117
1135325,11,36,28,12,7,94,4,98
1135326,11,46,51,19,13,140,6,146
1135327,4,30,35,7,12,88,3,91
1135328,16,42,65,20,6,149,8,157
1135329,14,39,25,6,3,87,8,95
1135330,4,43,42,18,9,116,3,119
1135331,20,42,42,20,9,133,9,142
1135332,17,90,36,11,3,157,6,163
1135333,8,81,45,0,6,140,0,140
1135334,21,64,28,0,0,113,10,123
1135335,16,68,28,6,0,118,3,121
1135336,33,131,69,8,0,241,17,258
1135337,11,29,38,17,3,98,6,104
1135338,19,43,32,6,10,110,11,121
1135339,36,142,63,10,0,251,10,261
1135340,17,43,19,6,3,88,4,92
1135341,0,0,0,0,0,0,0,0
1135342,9,50,53,16,4,132,5,137
1135343,23,45,10,4,0,82,9,91
1135344,0,0,0,0,0,0,0,0
1135345,3,0,3,0,0,6,0,6
1135346,0,0,0,0,0,0,0,0
1135347,7,58,27,4,3,99,6,105
1135348,8,45,40,11,3,107,5,112
1135349,6,32,44,10,12,104,0,104
1135350,55,128,50,7,0,240,11,251
1135351,40,131,49,0,3,223,6,229
1135352,37,102,42,3,3,187,4,191
1135353,23,98,37,7,3,168,6,174
1135354,52,112,45,4,3,216,6,222
1135355,24,105,55,4,0,188,3,191
1135356,38,131,58,3,3,233,12,245
1135357,49,142,65,8,3,267,9,276
1135358,27,46,14,0,3,90,7,97
1135359,0,0,0,0,0,0,0,0
1135360,0,0,0,0,0,0,0,0
1135361,8,31,26,9,3,77,0,77
1135362,4,15,22,9,5,55,4,59
1135363,18,37,34,12,6,107,5,112
1135364,16,46,50,16,14,142,3,145
1135365,39,41,57,13,8,158,9,167
1135366,5,34,56,16,16,127,3,130
1135367,18,37,23,9,10,97,10,107
1135368,26,45,40,16,4,131,10,141
1135369,6,0,0,0,0,6,0,6
1135370,12,59,52,20,7,150,9,159
1135371,32,93,44,19,4,192,15,207
1135372,21,58,39,4,0,122,6,128
1135401,4,22,59,29,16,130,0,130
1135402,10,34,37,21,11,113,9,122
1135403,7,36,88,21,11,163,4,167
1135404,6,31,41,14,6,98,3,101
1135405,0,33,48,17,4,102,3,105
1135406,3,44,63,23,12,145,4,149
1135407,3,20,28,14,6,71,0,71
1135408,10,33,42,11,0,96,5,101
1135409,38,55,30,14,3,140,22,162
1135410,26,58,47,13,5,149,14,163
1135411,3,43,31,10,6,93,3,96
1135412,11,29,48,14,5,107,5,112
1135413,14,54,59,15,12,154,11,165
1135414,9,35,47,21,7,119,3,122
1135415,18,78,85,18,9,208,9,217
1135416,0,0,0,0,0,0,0,0
1135417,4,18,65,16,8,111,3,114
1135418,10,50,42,18,15,135,9,144
1135419,39,68,58,20,7,192,9,201
1135420,3,38,47,20,10,118,4,122
1135421,41,65,43,19,5,173,12,185
1135422,24,81,53,11,8,177,8,185
1135423,0,4,0,0,0,4,0,4
1135424,0,17,40,23,15,95,3,98
1135425,3,22,29,15,9,78,3,81
1135426,3,20,30,14,3,70,5,75
1135427,9,54,86,27,9,185,0,185
1135428,3,26,47,18,10,104,7,111
1135429,4,19,33,12,4,72,8,80
1135430,6,19,27,10,3,65,4,69
1135431,3,34,39,13,3,92,4,96
1135432,3,32,36,10,8,89,3,92
1135433,7,20,35,14,14,90,0,90
1135434,7,29,45,15,5,101,0,101
1135435,11,60,74,13,10,168,3,171
1135436,5,31,54,18,9,117,0,117
1135437,0,0,0,0,0,0,0,0
1135438,4,25,26,14,3,72,3,75
1135439,17,50,56,17,8,148,3,151
1135440,0,17,38,24,12,91,0,91
1135441,24,48,35,14,4,125,11,136
1135442,11,29,32,16,8,96,4,100
1135443,5,49,48,13,8,123,0,123
1135444,4,49,59,17,10,139,0,139
1135445,99,85,27,4,4,219,23,242
1135446,33,56,27,11,4,131,15,146
1135447,29,45,29,7,4,114,12,126
1135448,9,31,38,17,5,100,4,104
1135449,7,18,22,11,5,63,0,63
1135450,8,69,47,17,3,144,6,150
1135451,3,33,50,4,0,90,5,95
1135452,26,52,29,9,0,116,12,128
1135453,26,37,16,8,5,92,11,103
1135454,23,26,19,5,8,81,7,88
1135501,0,0,0,0,0,0,0,0
1135502,0,0,0,0,0,0,0,0
1135601,0,0,0,0,0,0,0,0
1135602,0,0,0,0,0,0,0,0
1135603,10,24,43,12,10,99,4,103
1135604,0,0,0,0,0,0,0,0
1135605,0,0,0,0,0,0,0,0
1135606,11,62,60,22,3,158,3,161
1135607,3,33,36,13,9,94,3,97
1135608,5,67,63,17,4,156,3,159
1135609,25,54,52,20,15,166,10,176
1135610,14,58,59,16,12,159,5,164
1135611,12,42,45,28,16,143,4,147
1135612,20,56,52,22,5,155,8,163
1135613,16,66,65,17,16,180,5,185
1135614,13,45,46,17,0,121,10,131
1135615,13,53,42,14,9,131,10,141
1135616,4,28,36,16,6,90,0,90
1135617,7,24,27,14,11,83,0,83
1135618,11,49,46,27,8,141,4,145
1135619,13,43,55,15,20,146,4,150
1135620,0,0,0,0,0,0,0,0
1135621,5,44,46,17,5,117,5,122
1135622,0,0,0,0,0,0,0,0
1135623,14,45,65,17,5,146,3,149
1135624,12,34,43,22,7,118,0,118
1135625,10,40,35,8,11,104,3,107
1135626,19,39,40,6,5,109,7,116
1135627,8,28,35,13,7,91,4,95
1135628,8,44,44,12,11,119,4,123
1135629,3,21,31,9,8,72,0,72
1135701,14,50,45,14,10,133,0,133
1135702,24,30,32,13,9,108,4,112
1135703,39,44,33,4,7,127,17,144
1135704,7,36,35,10,8,96,6,102
1135705,13,67,30,3,7,120,4,124
1135706,17,64,71,16,15,183,6,189
1135707,8,32,46,10,3,99,6,105
1135708,7,52,53,19,16,147,8,155
1135709,7,28,41,19,12,107,0,107
1135710,4,37,39,12,8,100,3,103
1135711,30,78,60,22,7,197,8,205
1135712,15,58,68,31,4,176,10,186
1135713,5,58,63,8,4,138,4,142
1135714,14,31,21,8,9,83,3,86
1135715,7,41,40,10,6,104,5,109
1135716,20,67,81,19,3,190,0,190
1135717,3,25,24,11,11,74,0,74
1135718,6,43,60,11,8,128,0,128
1135719,11,23,23,11,4,72,7,79
1135720,8,27,39,10,11,95,5,100
1135721,20,74,49,10,3,156,4,160
1135722,3,33,35,20,12,103,5,108
1135723,9,32,62,17,5,125,9,134
1135724,5,29,35,8,9,86,13,99
1135725,17,41,48,14,11,131,3,134
1135726,12,30,57,25,11,135,8,143
1135727,12,42,46,19,10,129,6,135
1135728,25,78,61,22,7,193,7,200
1135729,7,40,47,17,10,121,4,125
1135730,16,53,30,9,11,119,5,124
1135731,13,34,47,18,9,121,0,121
1135732,23,36,61,16,15,151,5,156
1135733,26,63,59,28,7,183,5,188
1135734,11,37,37,22,17,124,7,131
1135735,5,35,62,18,13,133,5,138
1135736,20,49,52,18,7,146,6,152
1135737,3,35,34,20,4,96,8,104
1135738,30,54,45,15,8,152,23,175
1135739,5,38,49,17,13,122,12,134
1135740,18,54,26,15,9,122,8,130
1135741,12,41,42,19,5,119,4,123
1135742,7,30,32,19,6,94,5,99
1135743,3,40,47,11,3,104,8,112
1135744,10,31,40,16,8,105,4,109
1135745,32,42,37,11,10,132,7,139
1135746,5,24,30,14,10,83,3,86
1135747,9,27,28,7,6,77,3,80
1135748,29,32,39,7,6,113,13,126
1135749,0,0,0,0,0,0,0,0
1135750,17,31,39,11,17,115,8,123
1135751,12,35,21,4,4,76,3,79
1135752,13,42,46,16,4,121,3,124
1135753,15,37,53,11,10,126,7,133
1135754,5,18,31,12,3,69,5,74
1135755,6,16,25,8,4,59,4,63
1135756,24,29,20,8,3,84,10,94
1135757,9,31,31,5,4,80,5,85
1135758,14,30,14,6,5,69,9,78
1135801,30,61,40,10,8,149,10,159
1135802,19,21,31,8,8,87,6,93
1135803,13,63,55,18,10,159,6,165
1135804,30,76,70,25,11,212,8,220
1135805,13,55,37,6,8,119,0,119
1135806,0,0,0,0,0,0,0,0
1135807,20,44,23,7,4,98,0,98
1135808,21,100,57,15,10,203,3,206
1135809,10,76,50,14,12,162,3,165
1135810,11,67,74,23,9,184,8,192
1135811,3,54,46,14,8,125,6,131
1135812,12,30,43,11,3,99,6,105
1135813,14,41,29,7,3,94,0,94
1135814,20,63,49,21,9,162,5,167
1135815,21,66,41,10,4,142,3,145
1135816,47,87,41,14,3,192,7,199
1135817,0,0,0,0,0,0,0,0
1135818,4,66,49,10,4,133,4,137
1135819,10,46,51,9,4,120,9,129
1135820,7,42,71,19,10,149,5,154
1135821,9,38,72,20,10,149,4,153
1135822,24,48,19,0,9,100,7,107
1135823,18,74,71,20,3,186,4,190
1135824,4,24,33,19,6,86,6,92
1135825,0,10,10,4,3,27,0,27
1135826,66,57,21,4,7,155,11,166
1135827,4,25,72,25,16,142,5,147
1135828,11,57,66,20,11,165,4,169
1135829,3,35,47,16,3,104,0,104
1135830,7,48,67,9,12,143,0,143
1135831,18,52,41,31,7,149,13,162
1135832,3,35,35,11,4,88,5,93
1135833,11,19,44,20,8,102,0,102
1135834,8,89,62,6,5,170,5,175
1135835,0,0,0,0,0,0,0,0
1135836,3,39,57,21,8,128,0,128
1135837,3,24,39,13,3,82,0,82
1135838,22,55,46,10,14,147,15,162
1135839,16,64,50,27,9,166,5,171
1135840,4,32,48,11,6,101,3,104
1135841,3,28,56,17,9,113,0,113
1135842,23,52,61,33,9,178,9,187
1135901,41,59,52,12,3,167,11,178
1135902,15,38,34,13,0,100,0,100
1135903,27,46,47,20,0,140,5,145
1135904,12,43,40,8,16,119,0,119
1135905,0,34,64,25,21,144,4,148
1135906,7,31,62,15,10,125,4,129
1135907,25,69,50,12,3,159,5,164
1135908,10,62,68,12,4,156,0,156
1135909,3,35,42,13,4,97,3,100
1135910,0,0,0,0,0,0,0,0
1135911,7,51,72,17,9,156,5,161
1135912,3,35,62,14,11,125,3,128
1135913,3,21,41,24,15,104,3,107
1135914,4,63,66,12,0,145,0,145
1135915,15,67,58,22,12,174,7,181
1135916,11,54,43,16,4,128,3,131
1135917,11,55,48,15,6,135,3,138
1135918,11,49,36,13,6,115,3,118
1135919,13,64,51,8,7,143,3,146
1135920,11,23,26,9,5,74,9,83
1135921,12,47,43,8,9,119,4,123
1135922,0,0,0,0,0,0,0,0
1135923,0,44,83,44,20,191,6,197
1135924,7,43,74,33,15,172,3,175
1135925,9,60,68,20,7,164,8,172
1135926,15,44,85,28,19,191,8,199
1135927,6,41,50,14,9,120,0,120
1135928,0,39,63,21,6,129,0,129
1135929,4,32,58,17,11,122,4,126
1135930,7,46,69,25,19,166,0,166
1135931,8,36,53,22,10,129,3,132
1135932,8,64,73,19,10,174,4,178
1135933,12,42,56,23,15,148,3,151
1135934,27,79,73,26,11,216,11,227
1135935,15,82,55,20,14,186,9,195
1135936,10,38,36,20,12,116,3,119
1135937,20,51,62,22,12,167,3,170
1135938,0,24,55,13,6,98,5,103
1135939,3,32,65,12,13,125,3,128
1135940,3,26,55,17,7,108,4,112
1135941,0,0,0,3,0,3,0,3
1135942,11,33,67,23,19,153,3,156
1135943,0,31,78,18,7,134,0,134
1135944,3,46,57,17,7,130,0,130
1135945,0,44,65,39,15,163,3,166
1135946,0,29,48,20,7,104,4,108
1135947,21,68,51,32,3,175,7,182
1135948,7,46,45,16,4,118,6,124
1135949,20,89,59,23,4,195,5,200
1135950,18,30,68,16,13,145,5,150
1135951,3,41,43,13,6,106,0,106
1135952,0,0,0,0,0,0,0,0
1135953,4,35,44,17,5,105,5,110
1135954,6,73,81,24,9,193,0,193
1135955,7,51,50,18,12,138,0,138
1135956,15,61,59,20,3,158,10,168
1135957,36,46,62,12,13,169,5,174
1135958,22,39,35,13,6,115,5,120
1135959,18,60,59,26,5,168,0,168
1135960,26,78,49,15,14,182,7,189
1135961,12,33,44,8,3,100,3,103
1136001,40,81,44,15,7,187,14,201
1136002,26,66,45,20,7,164,11,175
1136003,9,62,61,22,3,157,4,161
1136004,21,48,40,4,6,119,6,125
1136005,39,45,42,19,6,151,8,159
1136006,7,45,40,10,4,106,3,109
1136007,11,40,54,14,8,127,3,130
1136008,8,51,60,8,4,131,5,136
1136009,19,46,56,15,14,150,4,154
1136010,6,23,38,11,7,85,0,85
1136011,3,35,31,14,4,87,5,92
1136012,3,30,41,14,6,94,3,97
1136013,10,40,38,13,5,106,4,110
1136014,20,60,78,18,11,187,5,192
1136015,4,27,38,20,4,93,4,97
1136016,14,58,75,22,13,182,9,191
1136017,14,50,66,22,7,159,4,163
1136018,8,82,67,29,13,199,0,199
1136019,33,120,67,9,6,235,10,245
1136020,13,34,23,7,0,77,11,88
1136021,12,56,36,14,3,121,6,127
1136022,24,52,38,0,4,118,6,124
1136023,10,39,39,14,0,102,4,106
1136024,31,61,47,16,4,159,8,167
1136025,9,37,21,9,4,80,5,85
1136026,6,54,66,21,14,161,3,164
1136027,22,76,64,17,11,190,10,200
1136028,22,44,24,4,0,94,10,104
1136029,30,94,79,11,8,222,5,227
1136030,13,40,42,18,14,127,8,135
1136031,5,31,37,10,5,88,4,92
1136032,21,54,51,22,5,153,7,160
1136033,15,74,67,14,6,176,7,183
1136034,6,43,33,12,7,101,3,104
1136035,9,53,56,15,7,140,3,143
1136101,16,42,34,10,3,105,0,105
1136102,0,0,0,0,0,0,0,0
1136103,11,28,26,12,6,83,0,83
1136104,9,55,89,20,13,186,4,190
1136105,14,39,26,7,7,93,8,101
1136106,13,59,34,14,4,124,4,128
1136107,32,67,35,16,4,154,6,160
1136108,27,60,47,23,7,164,14,178
1136109,15,25,38,9,6,93,3,96
1136110,4,35,37,13,5,94,3,97
1136111,14,31,12,5,0,62,0,62
1136112,16,79,47,15,3,160,5,165
1136113,15,56,59,4,3,137,3,140
1136114,42,47,49,16,3,157,9,166
1136115,36,66,35,16,15,168,18,186
1136116,4,28,28,12,11,83,9,92
1136117,21,80,58,15,6,180,9,189
1136118,15,40,38,10,5,108,6,114
1136119,22,61,24,8,7,122,13,135
1136120,14,37,33,14,4,102,7,109
1136121,15,36,42,19,6,118,6,124
1136122,23,53,60,19,5,160,5,165
1136123,14,36,19,15,3,87,3,90
1136124,7,40,44,23,16,130,4,134
1136125,5,26,40,8,3,82,6,88
1136126,13,46,64,11,6,140,5,145
1136127,17,51,52,19,12,151,5,156
1136128,13,46,36,9,3,107,0,107
1136129,12,34,45,9,7,107,0,107
1136130,8,35,40,13,6,102,4,106
1136131,7,30,37,14,7,95,3,98
1136132,11,57,42,16,7,133,7,140
1136133,9,41,45,13,5,113,0,113
1136134,13,55,63,23,10,164,0,164
1136135,6,37,43,17,0,103,5,108
1136136,11,48,40,7,3,109,7,116
1136137,20,74,41,8,5,148,0,148
1136138,12,57,37,17,3,126,10,136
1136139,9,30,30,6,9,84,3,87
1136140,13,66,60,9,3,151,3,154
1136141,3,32,36,16,3,90,4,94
1136142,30,79,64,27,12,212,10,222
1136143,17,76,18,0,4,115,8,123
1136144,24,26,28,6,3,87,7,94
1136145,16,43,31,13,10,113,3,116
1136146,5,36,48,8,6,103,5,108
1136201,20,31,15,8,0,74,6,80
1136202,13,28,20,9,6,76,4,80
1136203,21,42,36,4,7,110,10,120
1136204,29,56,30,6,3,124,10,134
1136205,23,54,47,11,7,142,3,145
1136206,34,44,27,12,4,121,5,126
1136207,11,56,67,17,6,157,10,167
1136208,8,45,49,13,5,120,3,123
1136209,20,47,44,18,17,146,6,152
1136210,11,42,48,11,10,122,0,122
1136211,25,65,51,7,8,156,7,163
1136212,25,71,59,24,4,183,7,190
1136213,31,42,65,19,3,160,6,166
1136214,17,44,35,6,4,106,10,116
1136215,6,84,34,4,3,131,10,141
1136216,13,39,60,12,7,131,7,138
1136217,11,36,59,16,5,127,5,132
1136218,12,38,46,8,7,111,3,114
1136219,30,57,58,16,8,169,6,175
1136220,17,42,62,11,3,135,6,141
1136221,20,44,63,16,9,152,6,158
1136222,22,53,49,5,12,141,7,148
1136223,26,101,35,11,4,177,14,191
1136224,20,79,38,15,0,152,4,156
1136225,27,75,56,13,5,176,5,181
1136226,19,87,59,6,3,174,4,178
1136227,20,81,71,27,7,206,5,211
1136228,31,72,62,13,7,185,4,189
1136229,23,82,37,14,10,166,5,171
1136230,23,65,61,14,4,167,4,171
1136231,30,48,33,14,4,129,3,132
1136232,57,105,40,6,3,211,12,223
1136233,18,70,38,9,6,141,3,144
1136234,24,43,38,10,5,120,6,126
1136235,30,87,66,26,10,219,7,226
1136236,10,31,35,5,4,85,5,90
1136237,7,34,16,6,0,63,0,63
1136238,54,99,32,5,3,193,16,209
1136239,18,72,45,14,11,160,4,164
1136240,17,25,22,11,0,75,5,80
1136241,23,36,14,5,3,81,7,88
1136242,26,46,14,6,0,92,3,95
1136243,26,56,20,3,6,111,9,120
1136301,19,32,19,5,0,75,4,79
1136302,26,69,47,9,8,159,6,165
1136303,19,58,46,22,9,154,0,154
1136304,24,60,56,9,6,155,5,160
1136305,13,54,40,18,3,128,6,134
1136306,16,31,32,7,3,89,4,93
1136307,23,89,24,11,0,147,8,155
1136308,46,103,30,4,3,186,8,194
1136309,65,103,20,3,3,194,6,200
1136310,37,63,23,9,3,135,7,142
1136311,17,41,38,14,0,110,5,115
1136312,38,44,28,9,0,119,5,124
1136313,17,66,34,12,0,129,13,142
1136314,6,29,36,6,3,80,6,86
1136315,5,42,58,14,13,132,10,142
1136316,44,70,49,5,6,174,4,178
1136317,15,36,28,7,3,89,0,89
1136318,16,55,43,21,7,142,8,150
1136319,21,96,39,12,3,171,9,180
1136320,23,99,60,14,0,196,6,202
1136321,26,81,24,4,3,138,3,141
1136322,24,75,38,6,0,143,11,154
1136323,22,53,35,10,0,120,7,127
1136324,51,80,36,9,0,176,8,184
1136325,32,77,19,4,3,135,3,138
1136326,30,66,17,5,0,118,5,123
1136327,36,112,39,7,0,194,8,202
1136328,30,85,32,6,3,156,11,167
1136329,47,102,26,3,3,181,14,195
1136330,56,84,26,6,4,176,7,183
1136331,32,48,16,5,0,101,7,108
1136332,36,47,15,3,3,104,8,112
1136333,40,55,21,5,4,125,3,128
1136334,28,62,20,3,4,117,6,123
1136335,33,83,48,4,3,171,8,179
1136336,47,114,46,12,3,222,10,232
1136337,47,65,26,3,0,141,7,148
1136338,23,59,26,10,3,121,6,127
1136339,9,52,13,3,0,77,3,80
1136340,36,80,23,0,0,139,3,142
1136341,46,58,23,7,0,134,3,137
1136342,31,84,35,0,0,150,6,156
1136343,19,64,25,5,0,113,4,117
1136344,29,87,65,15,3,199,13,212
1136345,30,73,45,18,5,171,7,178
1136346,10,56,52,25,8,151,7,158
1136347,16,45,50,17,4,132,3,135
1136348,0,0,0,0,0,0,0,0
1136349,13,44,33,6,3,99,0,99
1136350,20,54,63,15,3,155,10,165
1136351,32,82,45,4,3,166,6,172
1136352,12,19,29,3,3,66,5,71
1136353,10,46,21,8,5,90,13,103
1136354,27,48,19,0,4,98,3,101
1136355,21,57,26,0,0,104,9,113
1136356,31,37,15,3,0,86,4,90
1136357,21,38,19,5,0,83,8,91
1136358,57,89,14,0,4,164,13,177
1136359,26,60,6,0,0,92,3,95
1136360,20,43,19,0,0,82,7,89
1136361,7,33,15,4,5,64,9,73
1136362,38,46,14,0,0,98,5,103
1136363,26,62,22,9,3,122,9,131
1136364,13,36,38,14,0,101,4,105
1136365,23,41,18,8,8,98,6,104
1136366,4,25,30,5,4,68,0,68
1136367,26,36,15,0,0,77,4,81
1136401,8,24,42,11,4,89,0,89
1136402,14,50,72,27,6,169,4,173
1136403,27,111,60,7,4,209,5,214
1136404,5,37,25,17,0,84,4,88
1136405,8,45,45,23,12,133,3,136
1136406,35,112,49,9,3,208,5,213
1136407,15,68,56,19,0,158,3,161
1136408,15,29,27,4,3,78,3,81
1136409,4,30,29,14,3,80,3,83
1136410,10,36,40,3,3,92,0,92
1136411,8,38,31,21,4,102,0,102
1136412,22,56,44,15,4,141,5,146
1136413,8,48,47,20,12,135,6,141
1136414,15,64,56,13,3,151,6,157
1136415,21,46,59,19,11,156,6,162
1136416,13,58,77,15,8,171,6,177
1136417,19,62,42,20,5,148,3,151
1136418,16,37,33,11,4,101,3,104
1136419,9,21,20,7,3,60,0,60
1136420,13,53,61,6,6,139,8,147
1136421,4,42,42,13,7,108,4,112
1136422,9,41,45,23,18,136,5,141
1136423,19,39,39,12,6,115,6,121
1136424,5,42,35,9,3,94,3,97
1136425,19,38,27,3,3,90,3,93
1136426,9,31,28,16,0,84,3,87
1136427,7,25,36,20,8,96,3,99
1136428,10,58,77,26,5,176,8,184
1136429,0,0,0,0,0,0,0,0
1136430,29,44,67,22,5,167,10,177
1136431,11,39,71,26,16,163,8,171
1136432,17,47,37,7,5,113,3,116
1136433,22,66,60,25,9,182,0,182
1136434,12,38,36,11,3,100,0,100
1136435,8,41,55,17,18,139,4,143
1136436,29,82,81,20,8,220,5,225
1136437,13,45,58,14,7,137,3,140
1136438,33,90,64,21,9,217,13,230
1136439,7,41,44,18,3,113,3,116
1136440,11,69,63,29,5,177,6,183
1136441,20,48,47,17,3,135,3,138
1136442,13,45,55,12,5,130,3,133
1136443,9,30,44,13,6,102,3,105
1136444,14,54,57,15,6,146,4,150
1136445,8,47,48,7,6,116,3,119
1136446,7,59,82,22,10,180,11,191
1136447,27,73,57,24,5,186,13,199
1136448,0,24,29,8,5,66,3,69
1136449,7,76,59,20,15,177,3,180
1136450,17,92,55,11,6,181,8,189
1136451,7,19,23,10,9,68,3,71
1136452,18,53,48,14,10,143,0,143
1136453,5,37,23,8,3,76,0,76
1136454,15,39,21,8,3,86,8,94
1136455,4,19,41,13,3,80,4,84
1136456,11,57,52,17,5,142,6,148
1136457,9,31,33,21,8,102,0,102
1136458,10,34,41,10,3,98,6,104
1136501,28,81,50,13,6,178,4,182
1136502,29,90,36,13,7,175,15,190
1136503,22,44,18,4,7,95,5,100
1136504,20,63,43,22,4,152,8,160
1136505,9,49,46,19,8,131,3,134
1136506,27,74,21,3,3,128,9,137
1136507,18,79,23,3,3,126,11,137
1136508,26,73,26,0,0,125,13,138
1136509,36,72,25,3,0,136,3,139
1136510,16,50,20,3,3,92,18,110
1136511,40,120,37,11,12,220,8,228
1136512,22,68,42,6,3,141,3,144
1136513,17,96,49,8,3,173,5,178
1136514,8,40,38,11,4,101,8,109
1136515,13,54,52,16,5,140,14,154
1136516,18,46,18,3,0,85,3,88
1136517,18,37,18,3,0,76,4,80
1136518,44,110,40,4,0,198,21,219
1136519,50,125,32,3,3,213,14,227
1136520,29,74,32,3,3,141,3,144
1136521,20,62,27,11,0,120,0,120
1136522,16,79,40,13,9,157,5,162
1136523,19,109,33,3,0,164,14,178
1136524,22,83,24,0,3,132,8,140
1136525,32,88,28,7,0,155,14,169
1136526,24,61,14,6,5,110,12,122
1136527,11,63,32,3,0,109,8,117
1136528,21,84,37,9,5,156,9,165
1136529,22,80,38,12,6,158,12,170
1136530,42,100,37,5,5,189,8,197
1136531,22,61,26,6,0,115,13,128
1136532,43,134,50,4,8,239,9,248
1136533,22,90,32,9,0,153,8,161
1136534,27,70,26,5,0,128,7,135
1136535,11,55,45,16,5,132,4,136
1136536,37,87,42,0,11,177,4,181
1136537,27,74,35,8,3,147,9,156
1136538,24,74,24,3,3,128,10,138
1136539,34,57,15,0,3,109,5,114
1136540,35,96,33,3,3,170,9,179
1136541,15,76,25,3,0,119,10,129
1136542,36,101,33,4,3,177,7,184
1136543,14,71,28,6,3,122,7,129
1136544,29,58,29,3,3,122,5,127
1136545,30,64,32,0,9,135,3,138
1136546,13,41,33,4,0,91,3,94
1136547,11,32,36,17,9,105,3,108
1136548,25,92,40,10,5,172,14,186
1136549,31,113,45,10,7,206,19,225
1136550,29,73,31,5,3,141,7,148
1136551,25,60,25,3,3,116,4,120
1136552,13,35,18,12,3,81,4,85
1136601,5,41,35,16,6,103,4,107
1136602,23,76,65,13,6,183,7,190
1136603,55,80,32,3,3,173,28,201
1136604,12,67,45,11,6,141,5,146
1136605,4,29,38,12,4,87,7,94
1136606,5,46,53,18,8,130,3,133
1136607,14,43,41,13,6,117,9,126
1136608,10,34,37,3,3,87,3,90
1136609,17,66,57,13,8,161,13,174
1136610,16,45,19,13,10,103,3,106
1136611,45,77,19,5,3,149,12,161
1136612,33,61,31,6,0,131,8,139
1136613,34,46,19,3,3,105,10,115
1136614,28,41,10,3,6,88,4,92
1136615,12,40,35,18,9,114,6,120
1136616,20,63,31,5,4,123,5,128
1136617,17,46,39,3,0,105,4,109
1136618,10,63,46,13,5,137,4,141
1136619,27,19,21,3,0,70,3,73
1136620,12,40,31,16,3,102,3,105
1136621,26,56,45,16,14,157,11,168
1136622,9,27,39,5,3,83,3,86
1136623,12,47,34,18,4,115,5,120
1136624,19,53,54,8,8,142,4,146
1136625,9,33,35,10,3,90,0,90
1136626,3,40,56,20,5,124,5,129
1136627,13,37,41,18,10,119,6,125
1136628,10,32,37,7,3,89,3,92
1136629,5,39,55,16,8,123,8,131
1136630,0,26,35,12,7,80,6,86
1136631,3,31,31,17,6,88,4,92
1136632,13,33,35,11,13,105,3,108
1136633,5,27,25,9,3,69,3,72
1136634,8,42,43,10,7,110,4,114
1136635,9,37,25,9,16,96,3,99
1136636,8,40,49,20,10,127,6,133
1136637,23,55,30,6,3,117,9,126
1136638,16,43,44,20,7,130,7,137
1136639,8,25,39,15,4,91,3,94
1136640,11,30,35,9,13,98,3,101
1136641,0,0,0,0,0,0,0,0
1136642,19,50,47,28,8,152,9,161
1136643,7,35,50,10,3,105,5,110
1136644,0,0,5,0,0,5,0,5
1136645,12,58,55,9,8,142,9,151
1136646,12,32,40,13,0,97,13,110
1136647,13,32,30,9,9,93,3,96
1136648,3,24,18,14,3,62,3,65
1136701,14,43,54,16,9,136,0,136
1136702,21,58,69,16,7,171,7,178
1136703,11,39,42,11,3,106,6,112
1136704,7,63,57,20,10,157,0,157
1136705,3,16,17,9,0,45,0,45
1136706,26,37,31,15,4,113,8,121
1136707,8,41,61,14,8,132,9,141
1136708,7,25,40,18,11,101,3,104
1136709,10,38,44,14,5,111,6,117
1136710,22,27,24,5,7,85,6,91
1136711,9,52,52,14,7,134,0,134
1136712,14,54,62,13,0,143,6,149
1136713,22,70,74,18,11,195,11,206
1136714,8,47,47,14,6,122,3,125
1136715,8,45,41,23,5,122,3,125
1136716,13,50,51,17,5,136,3,139
1136717,24,41,54,19,8,146,5,151
1136718,3,66,81,20,9,179,6,185
1136719,13,45,50,17,7,132,4,136
1136720,22,67,85,19,12,205,3,208
1136721,19,127,54,6,4,210,7,217
1136722,19,84,54,10,5,172,20,192
1136723,14,93,63,12,11,193,9,202
1136724,16,81,66,16,11,190,8,198
1136725,12,34,76,18,6,146,5,151
1136726,12,33,66,27,4,142,6,148
1136727,24,60,73,23,10,190,13,203
1136728,22,55,58,11,13,159,4,163
1136801,5,23,31,6,3,68,0,68
1136802,18,64,29,8,0,119,3,122
1136803,18,54,32,6,0,110,3,113
1136804,29,130,32,0,3,194,0,194
1136805,34,68,7,0,0,109,5,114
1136806,58,100,48,6,3,215,6,221
1136807,49,71,21,8,0,149,4,153
1136808,62,106,32,4,4,208,4,212
1136809,19,45,64,8,9,145,3,148
1136810,63,63,44,15,3,188,3,191
1136811,10,35,46,14,6,111,6,117
1136812,8,46,76,18,10,158,4,162
1136813,13,31,60,13,12,129,3,132
1136814,15,43,54,14,4,130,3,133
1136815,10,54,58,25,8,155,3,158
1136816,35,62,20,3,3,123,3,126
1136817,101,172,41,4,0,318,10,328
1136818,12,38,48,12,3,113,9,122
1136819,9,40,56,15,10,130,0,130
1136820,19,49,60,24,5,157,8,165
1136821,5,37,47,7,9,105,4,109
1136822,6,46,33,6,4,95,3,98
1136823,14,41,25,4,4,88,3,91
1136824,33,57,44,7,3,144,8,152
1136825,63,97,23,0,4,187,12,199
1136826,33,95,42,12,4,186,5,191
1136827,22,65,16,8,0,111,0,111
1136828,47,81,22,4,0,154,6,160
1136829,60,145,33,10,5,253,3,256
1136830,47,77,21,5,0,150,4,154
1136831,50,83,24,3,0,160,4,164
1136832,125,126,25,0,3,279,7,286
1136833,13,54,41,7,9,124,3,127
1136834,4,51,50,23,4,132,3,135
1136835,25,65,47,7,6,150,5,155
1136836,13,38,24,11,4,90,3,93
1136837,12,44,39,12,0,107,3,110
1136838,4,42,52,9,4,111,3,114
1136839,11,45,39,22,10,127,0,127
1136840,6,59,55,15,4,139,11,150
1136841,15,70,54,16,9,164,4,168
1136842,9,40,49,15,7,120,0,120
1136843,63,108,54,8,0,233,3,236
1136901,5,27,31,19,3,85,3,88
1136902,9,61,56,22,5,153,3,156
1136903,55,125,41,4,0,225,10,235
1136904,0,0,0,0,0,0,0,0
1136905,29,77,28,4,0,138,6,144
1136906,37,134,42,3,3,219,4,223
1136907,51,184,36,0,3,274,4,278
1136908,45,139,51,3,3,241,7,248
1136909,24,82,63,19,4,192,5,197
1136910,31,121,51,15,4,222,6,228
1136911,11,66,65,16,6,164,4,168
1136912,9,54,51,14,10,138,4,142
1136913,14,51,50,15,3,133,3,136
1136914,3,64,78,32,17,194,0,194
1136915,9,37,49,10,6,111,3,114
1136916,5,38,68,13,6,130,0,130
1136917,12,32,59,23,7,133,0,133
1136918,0,48,80,20,18,166,0,166
1136919,20,81,39,4,3,147,4,151
1136920,15,58,19,9,0,101,6,107
1136921,31,116,33,9,0,189,7,196
1136922,35,90,59,14,7,205,8,213
1136923,17,62,58,22,0,159,8,167
1136924,27,103,27,3,0,160,3,163
1136925,27,73,57,0,0,157,3,160
1136926,45,126,29,5,4,209,5,214
1136927,62,190,51,7,0,310,6,316
1136928,57,203,57,4,3,324,12,336
1136929,60,177,43,5,3,288,5,293
1136930,31,112,47,6,3,199,8,207
1136931,3,54,42,18,7,124,6,130
1136932,11,46,43,12,7,119,4,123
1136933,56,187,71,4,0,318,6,324
1136934,11,44,34,13,4,106,3,109
1136935,17,54,59,14,11,155,7,162
1136936,13,77,59,11,4,164,7,171
1136937,43,107,65,14,3,232,0,232
1136938,9,59,39,18,11,136,5,141
1136939,19,62,56,21,3,161,3,164
1136940,5,30,22,14,6,77,3,80
1136941,5,35,49,18,6,113,0,113
1136942,10,54,69,30,10,173,3,176
1136943,4,32,37,8,11,92,0,92
1136944,6,54,56,14,0,130,0,130
1136945,13,88,65,29,6,201,4,205
1136946,4,79,55,24,4,166,4,170
1136947,0,0,0,0,0,0,0,0
1136948,4,55,64,18,3,144,5,149
1136949,3,25,35,6,3,72,0,72
1136950,9,55,71,19,13,167,0,167
1137001,7,22,26,11,0,66,4,70
1137002,9,51,47,19,8,134,3,137
1137003,14,47,43,9,0,113,0,113
1137004,21,58,44,9,0,132,7,139
1137005,8,68,31,10,3,120,6,126
1137006,32,66,37,11,0,146,4,150
1137007,14,101,45,3,3,166,0,166
1137008,15,81,30,6,0,132,3,135
1137009,31,52,40,8,3,134,9,143
1137010,9,55,58,15,12,149,10,159
1137011,19,82,65,14,3,183,3,186
1137012,29,53,33,6,3,124,0,124
1137013,9,25,30,5,4,73,0,73
1137014,27,89,44,7,7,174,10,184
1137015,62,59,33,4,0,158,7,165
1137016,72,43,19,8,0,142,4,146
1137017,23,60,48,8,3,142,8,150
1137018,27,68,59,20,3,177,5,182
1137019,24,92,87,23,5,231,5,236
1137020,19,72,43,4,7,145,4,149
1137021,8,30,40,10,0,88,4,92
1137022,8,68,43,6,0,125,8,133
1137023,13,61,44,14,0,132,0,132
1137024,21,64,75,13,7,180,7,187
1137025,14,51,72,17,13,167,3,170
1137026,31,84,78,11,8,212,11,223
1137027,6,39,43,12,7,107,0,107
1137028,7,52,63,12,7,141,3,144
1137029,11,45,49,18,4,127,5,132
1137030,37,93,26,6,0,162,11,173
1137101,7,23,35,12,5,82,0,82
1137102,8,37,47,13,6,111,0,111
1137103,4,21,42,10,4,81,0,81
1137104,7,34,52,24,6,123,0,123
1137105,3,27,55,22,7,114,4,118
1137106,18,41,32,4,0,95,6,101
1137107,3,56,72,37,11,179,0,179
1137108,5,60,73,38,18,194,5,199
1137109,7,50,68,19,13,157,5,162
1137110,4,55,71,24,15,169,4,173
1137111,27,102,59,13,3,204,0,204
1137112,7,41,66,18,9,141,0,141
1137113,6,32,58,20,10,126,4,130
1137114,24,94,44,12,4,178,4,182
1137115,7,40,58,18,6,129,5,134
1137116,7,37,44,13,5,106,0,106
1137117,4,24,34,9,0,71,3,74
1137118,19,58,56,18,4,155,4,159
1137119,8,43,56,8,7,122,0,122
1137120,14,56,59,21,8,158,4,162
1137121,8,43,53,17,3,124,0,124
1137122,8,52,54,11,0,125,0,125
1137123,9,23,31,3,7,73,0,73
1137124,10,32,16,8,3,69,3,72
1137125,4,43,62,10,5,124,3,127
1137126,37,142,52,11,3,245,8,253
1137127,11,71,51,15,4,152,6,158
1137128,13,62,55,10,5,145,5,150
1137129,18,42,39,17,3,119,3,122
1137130,7,33,58,12,4,114,5,119
1137131,6,37,34,5,0,82,4,86
1137201,3,48,101,34,9,195,4,199
1137202,4,32,72,33,15,156,5,161
1137203,6,46,53,26,16,147,0,147
1137204,0,4,0,0,0,4,0,4
1137205,4,23,50,17,12,106,3,109
1137206,6,67,77,33,12,195,5,200
1137207,6,39,70,24,8,147,0,147
1137208,5,36,69,24,10,144,0,144
1137209,0,0,0,0,0,0,0,0
1137210,6,42,47,8,11,114,6,120
1137211,6,48,56,13,0,123,3,126
1137212,7,39,47,13,14,120,0,120
1137213,13,59,73,25,6,176,6,182
1137214,9,47,72,10,7,145,4,149
1137215,12,47,42,10,3,114,0,114
1137216,57,71,53,10,9,200,13,213
1137217,22,27,19,7,4,79,9,88
1137218,21,83,69,16,14,203,4,207
1137219,11,80,88,19,10,208,0,208
1137220,10,55,47,13,6,131,0,131
1137221,14,63,72,24,10,183,9,192
1137222,7,46,33,14,8,108,5,113
1137223,4,50,73,23,5,155,9,164
1137224,5,39,30,13,7,94,8,102
1137225,4,13,46,16,9,88,0,88
1137226,4,22,37,17,8,88,3,91
1137227,102,42,18,11,4,177,15,192
1137228,11,29,36,16,6,98,5,103
1137229,0,31,50,20,13,114,0,114
1137230,4,34,96,26,19,179,3,182
1137231,4,33,81,20,18,156,3,159
1137232,16,67,73,26,10,192,7,199
1137233,17,38,40,12,3,110,3,113
1137234,3,27,56,26,9,121,3,124
1137235,15,42,28,17,3,105,4,109
1137236,3,26,54,10,9,102,4,106
1137237,3,31,63,28,10,135,5,140
1137238,5,51,88,21,12,177,0,177
1137239,12,39,40,11,8,110,8,118
1137240,4,37,36,19,6,102,3,105
1137241,32,34,34,12,5,117,9,126
1137242,0,12,50,20,11,93,4,97
1137243,0,21,50,12,6,89,0,89
1137244,0,13,36,32,16,97,3,100
1137245,4,35,53,17,0,109,3,112
1137301,24,71,23,3,0,121,7,128
1137302,39,79,66,14,13,211,5,216
1137303,18,106,47,10,0,181,7,188
1137304,49,71,74,14,5,213,10,223
1137305,5,41,38,3,3,90,9,99
1137306,11,53,31,7,4,106,0,106
1137307,0,0,0,0,0,0,0,0
1137308,20,48,14,7,0,89,7,96
1137309,80,77,16,3,4,180,16,196
1137310,44,37,4,0,4,89,8,97
1137311,0,0,0,0,0,0,0,0
1137312,124,64,7,3,4,202,17,219
1137313,60,74,20,0,4,158,8,166
1137314,72,44,13,0,0,129,14,143
1137315,0,0,0,0,0,0,0,0
1137316,24,92,75,10,3,204,5,209
1137317,24,65,36,7,4,136,9,145
1137318,37,107,53,11,4,212,8,220
1137319,23,66,52,15,3,159,7,166
1137320,24,27,20,11,4,86,7,93
1137321,19,52,24,19,6,120,10,130
1137322,23,58,52,9,3,145,5,150
1137323,18,64,57,13,3,155,6,161
1137324,71,59,33,9,3,175,12,187
1137325,39,89,48,7,4,187,4,191
1137401,44,84,23,0,0,151,7,158
1137402,57,122,33,5,0,217,6,223
1137403,42,69,19,5,0,135,5,140
1137404,25,54,16,0,0,95,0,95
1137405,12,29,25,10,5,81,6,87
1137406,51,165,75,8,4,303,9,312
1137407,13,43,43,12,0,111,0,111
1137408,21,86,52,8,3,170,4,174
1137409,22,34,33,10,4,103,0,103
1137410,26,80,34,0,3,143,4,147
1137411,32,54,10,4,3,103,3,106
1137412,3,21,31,9,6,70,3,73
1137413,20,79,62,12,4,177,7,184
1137414,5,55,45,16,4,125,4,129
1137415,5,43,37,6,0,91,3,94
1137416,18,63,65,17,5,168,10,178
1137417,11,51,62,20,14,158,5,163
1137418,14,72,55,14,3,158,6,164
1137419,7,38,43,15,10,113,4,117
1137420,45,74,16,3,0,138,3,141
1137421,19,69,45,18,6,157,7,164
1137422,58,76,16,6,0,156,5,161
1137423,16,43,37,3,3,102,5,107
1137424,10,39,23,6,0,78,4,82
1137425,48,79,17,3,0,147,4,151
1137426,32,65,16,5,0,118,4,122
1137427,40,113,28,3,0,184,6,190
1137428,36,69,14,0,0,119,3,122
1137429,33,129,49,5,3,219,5,224
1137430,4,32,80,26,12,154,0,154
1137431,3,19,29,18,6,75,3,78
1137432,0,19,27,20,11,77,0,77
1137433,5,32,70,25,11,143,4,147
1137434,12,46,49,19,8,134,0,134
1137435,4,30,33,13,4,84,3,87
1137436,3,34,59,22,8,126,0,126
1137437,3,47,90,16,13,169,4,173
1137438,3,17,49,24,9,102,0,102
1137439,4,28,72,29,18,151,4,155
1137440,4,16,30,6,11,67,0,67
1137441,7,23,62,22,7,121,4,125
1137442,3,39,72,34,21,169,0,169
1137443,3,18,67,16,9,113,3,116
1137444,5,40,35,16,4,100,0,100
1137445,5,30,72,18,10,135,0,135
1137446,15,71,77,13,4,180,5,185
1137447,9,44,58,16,5,132,5,137
1137448,7,22,55,22,3,109,3,112
1137449,33,58,47,15,9,162,4,166
1137450,7,34,28,5,0,74,3,77
1137451,4,26,19,6,3,58,0,58
1137452,3,25,79,25,14,146,4,150
1137453,0,0,0,0,0,0,0,0
1137454,11,23,33,6,6,79,0,79
1137455,3,36,40,24,3,106,0,106
1137456,0,18,40,19,9,86,3,89
1137457,4,15,51,30,22,122,4,126
1137458,4,28,58,28,17,135,3,138
1137501,11,48,47,10,8,124,0,124
1137502,19,54,51,20,9,153,4,157
1137503,17,73,51,14,5,160,4,164
1137504,7,30,35,12,5,89,0,89
1137505,98,137,36,4,3,278,25,303
1137506,13,51,20,3,0,87,8,95
1137507,11,41,41,13,5,111,3,114
1137508,0,0,3,0,0,3,0,3
1137509,44,161,59,4,0,268,6,274
1137510,27,65,57,12,3,164,12,176
1137511,20,51,27,23,8,129,5,134
1137512,14,56,45,20,6,141,3,144
1137513,16,58,49,9,5,137,11,148
1137514,15,68,51,24,7,165,3,168
1137515,12,26,15,8,0,61,3,64
1137516,47,146,56,10,0,259,6,265
1137517,3,5,0,4,0,12,0,12
1137518,13,56,73,13,9,164,8,172
1137519,89,267,84,7,3,450,8,458
1137520,22,55,30,7,3,117,7,124
1137521,0,0,0,0,0,0,0,0
1137522,25,81,54,11,7,178,14,192
1137523,9,43,41,16,11,120,5,125
1137524,10,45,44,12,3,114,6,120
1137525,10,34,36,12,4,96,3,99
1137526,18,35,28,11,8,100,4,104
1137527,0,24,16,12,0,52,3,55
1137528,4,36,50,15,5,110,9,119
1137529,14,31,42,11,3,101,4,105
1137530,5,36,29,6,0,76,0,76
1137531,19,83,43,16,4,165,5,170
1137532,19,49,43,12,9,132,5,137
1137533,15,64,19,13,5,116,4,120
1137534,48,86,37,5,7,183,5,188
1137535,28,62,27,4,0,121,3,124
1137601,7,42,39,21,4,113,3,116
1137602,20,58,61,18,3,160,6,166
1137603,13,45,46,14,3,121,5,126
1137604,10,55,25,7,3,100,0,100
1137605,11,50,52,11,6,130,3,133
1137606,27,109,45,8,0,189,4,193
1137607,10,29,38,4,4,85,0,85
1137608,55,158,51,5,4,273,17,290
1137609,12,29,18,5,4,68,0,68
1137610,4,47,48,17,0,116,4,120
1137611,9,27,28,14,0,78,0,78
1137612,5,20,18,9,4,56,4,60
1137613,9,41,33,12,6,101,3,104
1137614,18,65,55,17,6,161,3,164
1137615,17,67,58,8,3,153,3,156
1137616,60,116,32,0,0,208,4,212
1137617,64,100,26,4,0,194,8,202
1137618,37,70,23,3,0,133,6,139
1137619,42,87,18,0,0,147,7,154
1137620,3,48,43,17,3,114,0,114
1137621,3,36,37,10,3,89,0,89
1137622,3,27,41,6,4,81,0,81
1137623,7,33,30,14,3,87,3,90
1137624,10,44,60,20,13,147,5,152
1137625,10,60,68,22,8,168,5,173
1137626,4,48,83,19,10,164,6,170
1137627,19,65,63,22,8,177,8,185
1137628,11,54,66,17,8,156,0,156
1137629,18,73,22,3,3,119,10,129
1137630,76,120,28,4,0,228,7,235
1137631,33,71,36,0,3,143,5,148
1137632,18,74,66,23,4,185,0,185
1137633,10,56,40,12,7,125,5,130
1137634,5,60,44,20,3,132,0,132
1137635,25,89,44,3,0,161,8,169
1137636,29,126,54,10,3,222,3,225
1137637,12,62,32,5,3,114,3,117
1137638,17,99,59,9,3,187,5,192
1137639,19,108,35,9,5,176,5,181
1137640,5,54,51,25,12,147,7,154
1137641,26,94,67,9,0,196,6,202
1137642,13,73,57,9,7,159,6,165
1137643,7,38,46,18,7,116,9,125
1137644,13,38,58,17,10,136,7,143
1137645,9,47,52,18,4,130,3,133
1137646,7,24,25,11,0,67,4,71
1137647,19,102,49,6,3,179,0,179
1137648,18,45,48,20,6,137,9,146
1137649,17,42,47,17,4,127,5,132
1137650,8,39,41,8,7,103,0,103
1137651,15,64,68,5,3,155,11,166
1137652,14,44,52,13,3,126,0,126
1137653,11,46,64,15,3,139,7,146
1137654,13,59,62,9,7,150,4,154
1137655,12,53,43,9,4,121,3,124
1137656,17,65,54,16,10,162,8,170
1137657,9,55,33,13,3,113,6,119
1137701,10,57,34,9,3,113,3,116
1137702,17,45,25,4,0,91,0,91
1137703,9,37,25,5,3,79,4,83
1137704,41,62,40,3,0,146,8,154
1137705,12,48,40,9,0,109,5,114
1137706,6,36,40,6,0,88,0,88
1137707,3,48,61,21,3,136,5,141
1137708,14,40,40,17,5,116,3,119
1137709,3,21,27,13,10,74,3,77
1137710,11,36,30,8,6,91,4,95
1137711,7,26,21,9,0,63,0,63
1137712,0,44,39,4,8,95,0,95
1137713,7,48,28,8,3,94,3,97
1137714,11,36,57,17,4,125,4,129
1137715,14,48,60,10,0,132,3,135
1137716,8,32,43,8,7,98,4,102
1137717,8,44,23,11,4,90,3,93
1137718,13,50,49,13,3,128,3,131
1137719,20,75,37,8,4,144,4,148
1137720,6,46,21,10,4,87,0,87
1137721,14,58,42,12,6,132,3,135
1137722,27,62,61,18,7,175,10,185
1137723,37,44,30,4,5,120,8,128
1137724,19,69,35,17,8,148,0,148
1137725,20,43,37,13,4,117,9,126
1137726,3,37,34,5,0,79,6,85
1137727,36,108,54,12,3,213,7,220
1137728,8,39,56,18,3,124,3,127
1137729,15,60,96,22,6,199,6,205
1137730,20,51,39,16,8,134,6,140
1137731,3,18,29,11,5,66,0,66
1137732,5,45,36,10,3,99,3,102
1137733,15,44,45,14,4,122,3,125
1137734,6,39,50,13,5,113,0,113
1137801,13,43,22,5,0,83,7,90
1137802,41,112,47,3,0,203,10,213
1137803,46,105,22,3,3,179,5,184
1137804,7,43,36,7,5,98,5,103
1137805,25,79,40,4,3,151,3,154
1137806,41,125,25,3,0,194,7,201
1137807,36,99,19,0,0,154,5,159
1137808,12,43,53,11,12,131,4,135
1137809,0,0,0,0,0,0,0,0
1137810,11,46,44,9,4,114,5,119
1137811,16,72,47,13,0,148,5,153
1137812,0,0,0,0,0,0,0,0
1137813,20,68,65,14,3,170,4,174
1137814,16,28,28,6,0,78,0,78
1137815,0,0,0,0,3,3,0,3
1137816,8,57,48,16,6,135,0,135
1137817,39,72,39,7,0,157,8,165
1137818,13,56,17,0,0,86,0,86
1137819,32,110,33,0,0,175,9,184
1137820,16,30,22,4,3,75,3,78
1137821,9,60,34,5,4,112,5,117
1137822,31,91,45,8,3,178,4,182
1137823,17,50,17,0,0,84,9,93
1137824,23,65,16,0,3,107,3,110
1137825,58,104,20,0,0,182,0,182
1137826,54,132,44,4,0,234,9,243
1137827,40,67,18,3,3,131,3,134
1137901,3,39,27,13,8,90,3,93
1137902,25,69,56,14,11,175,5,180
1137903,47,130,47,6,0,230,10,240
1137904,39,151,70,8,3,271,11,282
1137905,30,78,25,0,0,133,3,136
1137906,42,105,39,7,0,193,4,197
1137907,17,113,60,10,5,205,7,212
1137908,9,36,41,12,9,107,0,107
1137909,0,28,31,14,4,77,6,83
1137910,10,40,46,14,5,115,4,119
1137911,16,28,34,17,3,98,3,101
1137912,44,177,81,9,3,314,13,327
1137913,17,103,36,6,0,162,4,166
1137914,13,59,16,3,3,94,4,98
1137915,28,87,42,10,0,167,7,174
1137916,0,27,34,5,0,66,0,66
1137917,9,51,53,12,3,128,8,136
1137918,12,49,59,20,12,152,3,155
1137919,39,136,62,11,0,248,6,254
1137920,30,93,47,3,0,173,7,180
1137921,39,113,44,6,0,202,3,205
1137922,3,24,47,16,9,99,5,104
1137923,9,52,65,20,13,159,4,163
1137924,4,29,46,17,0,96,0,96
1137925,19,49,51,26,3,148,3,151
1137926,0,0,0,0,0,0,0,0
1137927,6,24,34,9,3,76,3,79
1137928,5,21,29,11,5,71,3,74
1137929,4,33,37,9,12,95,5,100
1137930,12,44,64,14,10,144,0,144
1137931,3,16,49,13,12,93,0,93
1137932,6,41,38,18,5,108,0,108
1137933,6,41,65,24,18,154,3,157
1137934,32,93,20,8,0,153,3,156
1137935,23,118,46,5,0,192,3,195
1137936,8,41,40,14,4,107,0,107
1137937,13,42,35,5,3,98,0,98
1138001,4,50,54,25,6,139,8,147
1138002,12,55,69,15,3,154,3,157
1138003,12,39,29,3,5,88,4,92
1138004,6,28,40,10,6,90,3,93
1138005,15,37,41,16,6,115,4,119
1138006,14,48,49,7,5,123,5,128
1138007,11,51,38,18,3,121,6,127
1138008,9,51,56,14,11,141,6,147
1138009,14,79,64,22,3,182,10,192
1138010,20,68,69,21,12,190,13,203
1138011,42,169,58,9,0,278,4,282
1138012,8,26,29,3,3,69,0,69
1138013,14,69,46,6,0,135,0,135
1138014,35,124,49,8,0,216,13,229
1138015,9,28,28,14,3,82,3,85
1138016,10,28,33,9,8,88,4,92
1138017,24,136,46,4,4,214,8,222
1138018,42,159,49,5,3,258,6,264
1138019,21,87,51,8,7,174,9,183
1138020,18,79,59,11,10,177,11,188
1138021,33,51,25,12,5,126,6,132
1138022,27,87,42,8,3,167,9,176
1138023,58,149,52,5,0,264,4,268
1138024,27,129,38,5,0,199,4,203
1138025,28,74,30,0,4,136,8,144
1138026,44,172,51,0,0,267,11,278
1138027,39,122,37,18,3,219,9,228
1138028,25,83,55,15,3,181,9,190
1138029,16,42,43,11,6,118,0,118
1138030,3,43,70,22,5,143,3,146
1138031,8,36,55,16,6,121,0,121
1138032,9,45,32,4,6,96,6,102
1138101,21,41,19,7,3,91,4,95
1138102,9,22,18,0,0,49,0,49
1138103,42,46,13,4,0,105,7,112
1138104,43,70,36,10,3,162,8,170
1138105,50,115,34,10,3,212,10,222
1138106,10,25,23,5,7,70,8,78
1138107,7,34,26,7,0,74,0,74
1138108,6,37,15,5,3,66,0,66
1138109,18,40,50,9,9,126,3,129
1138110,8,36,28,16,0,88,3,91
1138111,12,60,64,13,12,161,7,168
1138112,6,29,33,13,3,84,3,87
1138113,10,43,45,16,3,117,0,117
1138114,8,29,46,16,18,117,4,121
1138115,0,0,0,0,0,0,0,0
1138116,24,55,39,3,3,124,11,135
1138117,21,48,47,23,7,146,3,149
1138118,38,76,43,17,4,178,4,182
1138119,51,151,47,3,0,252,7,259
1138120,11,21,14,8,6,60,0,60
1138121,23,37,30,14,4,108,3,111
1138122,13,66,24,4,3,110,4,114
1138123,89,141,37,6,5,278,12,290
1138124,51,110,21,5,0,187,7,194
1138125,9,56,26,3,0,94,4,98
1138126,22,101,42,3,0,168,5,173
1138127,7,45,24,11,6,93,5,98
1138128,0,5,0,0,0,5,0,5
1138129,36,97,26,0,0,159,0,159
1138130,62,154,52,10,0,278,3,281
1138131,59,71,22,3,0,155,4,159
1138132,25,72,33,6,0,136,6,142
1138133,50,118,39,3,0,210,6,216
1138134,29,79,51,16,5,180,8,188
1138135,11,29,36,11,3,90,4,94
1138136,5,33,49,14,6,107,0,107
1138137,21,84,47,12,0,164,9,173
1138138,31,59,33,9,4,136,3,139
1138139,4,0,4,0,0,8,0,8
1138140,24,64,34,8,0,130,3,133
1138141,20,57,31,4,0,112,4,116
1138142,17,64,20,0,0,101,0,101
1138143,9,22,24,11,7,73,3,76
1138144,37,38,25,11,4,115,5,120
1138145,29,87,23,3,0,142,5,147
1138146,20,43,11,7,0,81,4,85
1138147,8,58,43,16,6,131,7,138
1138201,6,15,43,11,3,78,0,78
1138202,31,93,50,6,4,184,6,190
1138203,18,126,60,3,3,210,5,215
1138204,8,26,32,3,4,73,0,73
1138205,13,53,55,12,7,140,11,151
1138206,23,81,65,15,0,184,5,189
1138207,46,182,60,12,3,303,5,308
1138208,13,61,63,17,7,161,5,166
1138209,11,39,52,20,0,122,5,127
1138210,11,37,58,17,10,133,0,133
1138211,4,40,54,13,6,117,7,124
1138212,23,53,42,18,3,139,19,158
1138213,10,25,21,3,3,62,0,62
1138214,26,89,56,18,3,192,3,195
1138215,17,69,46,10,0,142,4,146
1138216,14,47,30,0,3,94,3,97
1138217,45,69,62,11,4,191,10,201
1138218,6,48,41,6,0,101,3,104
1138219,13,37,59,23,5,137,0,137
1138220,11,55,64,8,5,143,4,147
1138221,4,17,44,16,12,93,7,100
1138222,8,79,75,27,5,194,10,204
1138223,13,52,50,10,10,135,3,138
1138224,22,94,68,20,6,210,9,219
1138225,40,113,41,7,5,206,6,212
1138226,26,65,36,6,3,136,6,142
1138227,20,72,43,8,6,149,6,155
1138228,23,94,54,4,0,175,6,181
1138229,13,100,92,35,6,246,4,250
1138230,17,63,59,14,15,168,6,174
1138231,7,35,33,14,4,93,0,93
1138232,19,86,26,3,0,134,4,138
1138233,3,53,55,15,0,126,4,130
1138234,9,36,52,22,7,126,6,132
1138235,6,34,60,23,3,126,0,126
1138236,17,81,77,13,7,195,5,200
1138237,11,46,38,13,0,108,4,112
1138238,9,91,48,5,3,156,10,166
1138239,13,55,26,10,3,107,4,111
1138301,26,108,45,6,6,191,5,196
1138302,7,60,56,15,3,141,3,144
1138303,0,0,0,0,0,0,0,0
1138304,9,25,34,15,6,89,0,89
1138305,0,0,0,0,0,0,0,0
1138306,17,55,59,16,7,154,0,154
1138307,12,57,74,15,10,168,6,174
1138308,18,37,50,10,3,118,3,121
1138309,36,52,44,12,7,151,4,155
1138310,10,31,53,9,8,111,6,117
1138311,13,53,45,9,3,123,5,128
1138312,12,48,55,20,11,146,5,151
1138313,6,22,48,14,7,97,3,100
1138314,54,90,35,13,5,197,10,207
1138315,9,54,66,16,7,152,0,152
1138316,8,41,39,12,8,108,0,108
1138317,9,37,37,11,5,99,0,99
1138318,4,15,23,16,7,65,0,65
1138319,15,81,93,12,3,204,3,207
1138320,11,131,141,16,6,305,5,310
1138321,5,52,73,15,3,148,3,151
1138322,13,35,61,25,8,142,3,145
1138323,5,58,51,15,7,136,0,136
1138324,13,48,43,23,3,130,4,134
1138325,24,70,50,10,8,162,3,165
1138326,14,43,63,25,16,161,4,165
1138327,7,24,51,7,12,101,4,105
1138328,6,62,79,15,4,166,3,169
1138329,5,76,92,22,7,202,8,210
1138330,13,75,75,20,3,186,3,189
1138331,13,48,67,13,7,148,4,152
1138332,0,0,0,0,0,0,0,0
1138333,4,42,65,20,8,139,4,143
1138334,21,62,59,27,8,177,0,177
1138335,19,103,55,9,4,190,5,195
1138336,0,0,0,0,0,0,0,0
1138337,12,36,78,16,14,156,3,159
1138338,6,48,79,25,6,164,0,164
1138339,0,45,60,15,3,123,0,123
1138340,4,55,92,36,8,195,0,195
1138341,6,30,66,18,7,127,4,131
1138342,0,24,23,8,9,64,5,69
1138343,0,31,35,15,4,85,0,85
1138344,13,109,122,35,7,286,3,289
1138345,5,63,45,17,7,137,0,137
1138346,0,0,0,0,0,0,0,0
1138347,9,41,58,25,14,147,4,151
1138348,11,47,64,22,8,152,5,157
1138349,5,102,107,9,3,226,0,226
1138401,13,34,37,6,4,94,0,94
1138402,6,41,52,16,7,122,4,126
1138403,8,45,36,9,3,101,4,105
1138404,9,39,26,0,0,74,0,74
1138405,0,0,0,0,0,0,0,0
1138406,9,39,33,18,3,102,0,102
1138407,25,72,66,17,12,192,12,204
1138408,15,74,73,16,3,181,3,184
1138409,12,58,25,10,5,110,9,119
1138410,20,64,53,8,3,148,0,148
1138411,13,53,42,10,3,121,3,124
1138412,8,5,3,0,0,16,0,16
1138413,0,0,0,0,0,0,0,0
1138414,0,0,0,0,0,0,0,0
1138415,7,42,30,3,0,82,3,85
1138416,169,684,234,23,0,1110,22,1132
1138417,9,74,33,3,0,119,4,123
1138418,5,47,56,16,10,134,4,138
1138419,16,43,72,19,7,157,5,162
1138420,7,53,53,16,5,134,0,134
1138421,5,81,35,4,0,125,3,128
1138422,8,56,35,3,0,102,3,105
1138423,8,82,47,8,3,148,4,152
1138424,36,205,94,5,0,340,4,344
1138425,81,298,90,15,3,487,6,493
1138426,0,0,0,0,0,0,0,0
1138427,43,143,83,14,0,283,3,286
1138428,5,53,49,9,0,116,0,116
1138429,7,37,56,8,6,114,0,114
1138430,17,48,44,8,6,123,3,126
1138431,22,68,49,6,3,148,0,148
1138432,6,12,5,0,0,23,0,23
1138433,7,38,56,24,6,131,3,134
1138434,40,96,53,10,6,205,7,212
1138435,6,56,63,24,8,157,0,157
1138436,11,52,61,13,10,147,3,150
1138437,14,30,29,13,5,91,0,91
1138438,8,62,50,13,8,141,0,141
1138439,62,186,54,3,0,305,10,315
1138440,0,0,0,0,0,0,0,0
1138501,24,88,55,6,0,173,3,176
1138502,8,64,48,11,0,131,0,131
1138503,18,113,65,9,6,211,5,216
1138504,11,88,73,12,5,189,12,201
1138505,22,69,65,14,3,173,0,173
1138506,8,79,75,5,3,170,3,173
1138507,34,100,67,10,3,214,3,217
1138508,12,76,64,7,5,164,3,167
1138509,8,77,52,4,6,147,3,150
1138510,10,36,34,12,3,95,0,95
1138511,11,50,51,15,8,135,3,138
1138512,9,35,62,19,12,137,3,140
1138513,8,45,51,4,8,116,0,116
1138514,18,78,53,11,0,160,3,163
1138515,5,27,38,10,3,83,0,83
1138516,36,41,51,7,9,144,6,150
1138517,22,34,52,12,4,124,6,130
1138518,10,54,40,13,11,128,9,137
1138519,22,154,81,6,6,269,7,276
1138520,23,43,69,15,4,154,11,165
1138521,24,61,65,14,5,169,3,172
1138522,14,55,37,14,4,124,4,128
1138523,36,101,60,11,7,215,3,218
1138524,8,32,47,9,0,96,8,104
1138525,0,25,54,18,8,105,3,108
1138526,15,59,51,12,0,137,10,147
1138527,11,76,68,11,6,172,3,175
1138528,15,108,71,12,5,211,8,219
1138529,18,87,49,7,0,161,6,167
1138530,9,24,45,3,3,84,0,84
1138531,11,51,65,18,5,150,4,154
1138532,16,55,56,14,3,144,5,149
1138533,13,71,46,12,3,145,4,149
1138534,13,52,41,11,3,120,3,123
1138535,14,68,64,7,4,157,3,160
1138536,9,72,47,3,5,136,3,139
1138537,25,122,50,4,8,209,0,209
1138538,10,56,78,13,6,163,3,166
1138539,5,25,39,10,3,82,3,85
1138540,10,47,73,27,8,165,3,168
1138541,20,39,49,9,0,117,3,120
1138542,18,98,82,5,4,207,4,211
1138543,8,104,73,12,3,200,3,203
1138601,52,50,30,6,0,138,8,146
1138602,6,43,39,18,8,114,3,117
1138603,16,116,96,17,7,252,3,255
1138604,13,67,71,17,13,181,0,181
1138605,11,71,49,6,3,140,0,140
1138606,5,42,54,21,3,125,4,129
1138607,7,93,77,13,3,193,5,198
1138608,15,56,40,3,3,117,4,121
1138609,22,152,87,6,3,270,3,273
1138610,6,32,42,8,3,91,4,95
1138611,12,104,75,8,4,203,0,203
1138612,0,0,0,0,0,0,0,0
1138613,21,100,72,10,4,207,6,213
1138614,16,45,24,14,8,107,3,110
1138615,13,56,63,15,5,152,6,158
1138616,35,109,77,18,3,242,10,252
1138617,12,73,66,15,0,166,6,172
1138618,14,47,55,9,3,128,5,133
1138619,0,3,0,0,0,3,0,3
1138620,11,50,51,22,5,139,3,142
1138621,6,28,30,11,0,75,5,80
1138622,6,46,52,9,8,121,3,124
1138623,46,74,53,13,9,195,15,210
1138624,58,54,38,5,9,164,11,175
1138625,6,27,40,10,3,86,0,86
1138626,10,55,59,15,0,139,0,139
1138627,4,64,36,10,0,114,4,118
1138628,9,103,75,14,3,204,3,207
1138629,26,85,73,9,6,199,6,205
1138630,16,40,33,3,3,95,3,98
1138631,0,0,0,0,0,0,0,0
1138632,18,52,49,15,3,137,4,141
1138633,21,89,44,12,3,169,5,174
1138634,31,110,77,6,3,227,12,239
1138635,43,80,37,6,7,173,14,187
1138636,20,55,63,28,8,174,5,179
1138637,14,55,64,9,9,151,5,156
1138638,45,118,56,9,5,233,10,243
1138639,5,85,64,8,0,162,3,165
1138640,21,238,134,14,4,411,3,414
1138641,7,21,30,11,7,76,3,79
1138642,12,32,31,14,4,93,0,93
1138643,11,51,49,10,3,124,3,127
1138644,18,57,59,15,6,155,3,158
1138645,0,62,71,14,4,151,0,151
1138646,31,73,55,12,5,176,4,180
1138647,10,34,22,11,3,80,4,84
1138648,15,35,49,9,3,111,4,115
1138649,15,73,57,5,0,150,0,150
1138650,13,60,55,16,5,149,6,155
1138701,25,109,34,6,3,177,4,181
1138702,10,51,21,9,0,91,0,91
1138703,5,26,32,7,0,70,3,73
1138704,36,107,30,3,0,176,3,179
1138705,18,122,44,0,0,184,0,184
1138706,13,93,63,7,0,176,3,179
1138707,20,52,31,5,0,108,0,108
1138708,33,130,57,9,4,233,0,233
1138709,36,111,46,11,3,207,10,217
1138710,46,107,46,7,3,209,3,212
1138711,3,81,30,7,3,124,0,124
1138712,13,105,40,9,3,170,3,173
1138713,15,60,19,6,3,103,0,103
1138714,61,128,41,0,3,233,11,244
1138715,0,48,47,8,3,106,0,106
1138716,94,87,29,5,3,218,20,238
1138717,14,71,40,5,0,130,0,130
1138718,14,80,52,8,0,154,0,154
1138719,16,49,41,3,0,109,3,112
1138720,30,100,51,7,0,188,4,192
1138721,11,91,80,5,3,190,3,193
1138722,11,54,40,5,0,110,4,114
1138723,20,80,47,0,0,147,5,152
1138724,0,0,0,0,0,0,0,0
1138725,19,72,35,3,0,129,3,132
1138726,22,131,46,5,0,204,3,207
1138727,16,76,40,0,0,132,3,135
1138728,35,63,35,8,3,144,3,147
1138729,9,62,56,15,7,149,4,153
1138730,0,0,0,0,0,0,0,0
1138731,24,120,82,10,3,239,0,239
1138732,34,112,41,6,3,196,3,199
1138733,24,60,38,3,3,128,0,128
1138734,11,60,51,15,0,137,4,141
1138735,3,61,21,8,0,93,0,93
1138736,38,139,78,6,0,261,5,266
1138737,21,109,54,13,4,201,5,206
1138738,0,0,0,0,0,0,0,0
1138739,18,59,37,7,0,121,5,126
1138740,13,60,32,7,0,112,3,115
1138741,54,37,15,4,0,110,11,121
1138742,19,81,34,4,4,142,5,147
1138801,31,72,63,7,0,173,3,176
1138802,18,76,53,9,3,159,4,163
1138803,20,56,34,6,3,119,3,122
1138804,20,61,25,7,3,116,7,123
1138805,22,76,47,8,5,158,3,161
1138806,33,65,56,7,3,164,5,169
1138807,26,70,45,4,8,153,0,153
1138808,25,67,54,8,3,157,3,160
1138809,27,71,57,8,6,169,4,173
1138810,35,137,64,7,0,243,5,248
1138811,51,95,34,3,3,186,6,192
1138812,20,107,54,6,0,187,4,191
1138813,19,75,40,6,0,140,3,143
1138814,10,56,37,6,0,109,3,112
1138815,68,78,32,5,3,186,7,193
1138816,14,61,39,3,3,120,3,123
1138817,37,119,45,14,5,220,5,225
1138818,46,71,29,8,3,157,5,162
1138819,29,108,60,9,0,206,3,209
1138820,20,76,40,8,0,144,5,149
1138821,44,79,35,0,0,158,4,162
1138822,78,163,65,6,0,312,6,318
1138823,13,80,46,4,0,143,3,146
1138824,60,137,42,3,3,245,4,249
1138825,31,86,40,4,6,167,6,173
1138826,24,77,39,7,0,147,3,150
1138827,13,99,80,8,0,200,4,204
1138828,18,92,59,8,0,177,4,181
1138829,54,133,54,7,4,252,9,261
1138830,39,116,58,12,0,225,0,225
1138831,15,62,60,6,0,143,0,143
1138832,22,62,51,8,0,143,3,146
1138833,34,74,53,14,0,175,8,183
1138834,22,83,50,15,5,175,3,178
1138835,41,74,48,5,3,171,6,177
1138836,16,93,48,9,0,166,0,166
1138837,41,90,50,8,0,189,8,197
1138838,58,143,74,6,3,284,13,297
1138839,14,69,29,3,3,118,6,124
1138840,13,62,49,0,7,131,0,131
1138841,8,61,45,3,0,117,4,121
1138842,30,122,74,15,3,244,7,251
1138843,41,89,55,5,4,194,4,198
1138844,12,52,33,8,0,105,3,108
1138845,14,105,61,7,5,192,3,195
1138846,27,93,53,9,0,182,4,186
1138847,21,65,34,10,0,130,0,130
1138848,13,87,63,7,4,174,0,174
1138849,15,89,61,7,4,176,3,179
1138850,22,57,22,3,0,104,0,104
1138851,29,90,38,0,0,157,4,161
1138852,15,118,70,8,7,218,6,224
1138853,29,81,49,8,3,170,7,177
1138854,23,124,72,10,3,232,3,235
1138855,31,111,48,5,3,198,8,206
1138901,0,0,0,0,0,0,0,0
1138902,9,61,63,18,9,160,0,160
1138903,27,113,63,8,3,214,4,218
1138904,16,92,77,10,0,195,3,198
1138905,0,0,0,0,0,0,0,0
1138906,23,128,52,6,4,213,3,216
1138907,52,125,51,11,0,239,0,239
1138908,19,104,60,5,3,191,3,194
1138909,0,3,0,0,0,3,0,3
1138910,0,0,0,0,0,0,0,0
1138911,19,98,76,14,3,210,13,223
1138912,42,123,63,9,3,240,14,254
1138913,19,98,48,8,9,182,5,187
1138914,132,97,25,4,6,264,22,286
1138915,38,81,74,12,4,209,10,219
1138916,28,126,71,11,5,241,5,246
1138917,38,116,68,10,0,232,0,232
1138918,14,95,62,5,0,176,4,180
1138919,22,122,64,10,6,224,11,235
1138920,19,76,35,3,0,133,5,138
1138921,25,88,63,7,3,186,3,189
1138922,22,78,46,5,3,154,3,157
1138923,26,137,43,3,3,212,3,215
1138924,10,122,89,3,3,227,4,231
1138925,4,64,62,4,0,134,0,134
1138926,18,89,44,4,3,158,3,161
1138927,18,83,37,10,0,148,0,148
1138928,25,148,60,7,0,240,0,240
1138929,24,86,41,3,3,157,0,157
1138930,29,104,58,7,0,198,0,198
1139001,28,100,50,6,3,187,3,190
1139002,29,72,36,9,3,149,8,157
1139003,29,51,22,0,3,105,3,108
1139004,49,89,27,3,3,171,7,178
1139005,12,91,78,17,3,201,4,205
1139006,23,46,10,3,0,82,3,85
1139007,62,91,20,3,0,176,3,179
1139008,47,98,38,3,3,189,4,193
1139009,33,104,24,3,3,167,4,171
1139010,32,80,29,3,0,144,0,144
1139011,44,93,20,4,0,161,4,165
1139012,51,110,29,0,0,190,5,195
1139013,89,124,33,5,0,251,5,256
1139014,46,103,17,3,3,172,6,178
1139015,53,61,8,0,0,122,5,127
1139016,85,106,15,0,0,206,10,216
1139017,27,93,20,5,5,150,3,153
1139018,23,113,26,6,0,168,3,171
1139019,27,80,22,3,3,135,3,138
1139020,51,123,38,4,0,216,7,223
1139021,14,54,43,9,0,120,3,123
1139022,41,47,18,0,0,106,3,109
1139023,40,44,13,0,3,100,0,100
1139024,27,56,23,7,0,113,0,113
1139025,50,90,44,3,3,190,4,194
1139026,18,73,32,4,3,130,9,139
1139027,25,53,50,8,0,136,3,139
1139028,44,81,31,5,0,161,6,167
1139029,14,94,70,20,4,202,3,205
1139030,9,43,36,10,3,101,4,105
1139031,25,87,77,6,3,198,7,205
1139032,12,58,43,15,6,134,3,137
1139033,102,102,22,4,3,233,17,250
1139034,34,60,22,5,0,121,5,126
1139035,29,78,38,13,3,161,5,166
1139036,55,158,50,7,3,273,7,280
1139037,35,112,35,5,8,195,3,198
1139038,30,72,32,4,6,144,4,148
1139039,48,77,26,8,0,159,3,162
1139040,31,64,21,3,3,122,3,125
1139041,22,66,17,0,0,105,3,108
1139042,70,122,39,0,3,234,0,234
1139043,40,83,28,4,3,158,7,165
1139044,21,85,27,5,0,138,5,143
1139045,42,98,20,6,3,169,0,169
1139046,49,65,4,0,3,121,6,127
1139047,70,70,14,0,0,154,5,159
1139048,40,47,26,3,0,116,9,125
1139049,33,56,23,7,4,123,5,128
1139050,26,35,14,0,0,75,6,81
1139051,39,75,20,7,3,144,5,149
1139052,42,60,21,6,0,129,5,134
1139053,11,26,27,8,0,72,0,72
1139101,18,33,35,8,4,98,7,105
1139102,35,73,34,8,4,154,13,167
1139103,16,40,37,5,0,98,4,102
1139104,18,34,37,7,3,99,0,99
1139105,23,65,42,5,3,138,3,141
1139106,62,88,19,4,4,177,10,187
1139107,74,95,27,3,0,199,7,206
1139108,32,72,16,5,0,125,12,137
1139109,24,39,9,3,0,75,3,78
1139110,23,77,50,13,0,163,3,166
1139111,10,28,37,19,4,98,4,102
1139112,12,34,37,9,3,95,0,95
1139113,74,87,35,4,3,203,4,207
1139114,42,96,38,4,3,183,6,189
1139115,22,53,53,10,5,143,4,147
1139116,48,69,42,7,0,166,6,172
1139117,12,28,15,3,0,58,3,61
1139118,26,45,32,6,6,115,8,123
1139119,27,61,20,5,3,116,3,119
1139120,21,57,36,11,3,128,6,134
1139121,39,102,27,5,0,173,6,179
1139122,4,43,36,13,3,99,3,102
1139123,30,79,44,20,13,186,9,195
1139124,40,79,17,3,0,139,7,146
1139125,30,48,18,11,3,110,7,117
1139126,17,82,40,17,4,160,4,164
1139127,6,86,70,7,7,176,3,179
1139128,12,63,56,9,3,143,3,146
1139129,70,68,36,10,3,187,6,193
1139130,44,33,3,3,0,83,0,83
1139131,116,157,51,3,8,335,11,346
1139132,76,84,12,0,3,175,8,183
1139133,12,33,22,5,3,75,0,75
1139134,37,112,31,8,3,191,5,196
1139135,32,86,34,10,0,162,7,169
1139136,28,51,7,0,0,86,0,86
1139137,18,32,28,14,6,98,4,102
1139138,13,55,40,4,3,115,4,119
1139139,17,68,60,13,5,163,3,166
1139140,8,28,45,9,4,94,3,97
1139141,31,74,42,19,6,172,5,177
1139142,19,36,42,18,5,120,5,125
1139143,36,50,39,10,3,138,4,142
1139144,22,67,47,14,4,154,5,159
1139145,20,50,51,23,9,153,4,157
1139146,21,107,45,11,8,192,0,192
1139147,18,66,54,8,4,150,8,158
1139148,39,31,3,0,0,73,6,79
1139149,23,43,31,10,0,107,3,110
1139201,39,62,43,7,0,151,5,156
1139202,35,63,48,12,0,158,4,162
1139203,20,42,16,4,4,86,4,90
1139204,14,34,51,17,4,120,3,123
1139205,13,61,53,25,6,158,3,161
1139206,11,37,47,10,6,111,3,114
1139207,9,64,80,19,4,176,3,179
1139208,6,32,27,16,7,88,8,96
1139209,0,0,0,0,0,0,0,0
1139210,11,89,26,3,0,129,3,132
1139211,26,85,44,7,0,162,4,166
1139212,27,79,37,4,4,151,7,158
1139213,21,83,44,11,4,163,3,166
1139214,18,58,18,11,3,108,3,111
1139215,35,72,45,9,5,166,7,173
1139216,14,81,60,9,4,168,6,174
1139217,14,51,35,4,3,107,3,110
1139218,12,47,40,8,3,110,0,110
1139219,16,77,46,11,3,153,5,158
1139220,29,99,38,7,10,183,0,183
1139221,12,63,49,13,4,141,0,141
1139222,25,108,35,8,6,182,3,185
1139223,6,28,36,17,4,91,3,94
1139224,5,30,33,13,5,86,3,89
1139225,12,41,30,11,3,97,3,100
1139226,5,32,32,10,0,79,3,82
1139301,7,56,61,18,9,151,5,156
1139302,7,47,49,10,12,125,3,128
1139303,7,52,65,22,5,151,4,155
1139304,46,114,38,0,5,203,8,211
1139305,11,38,43,9,3,104,0,104
1139306,5,19,19,3,3,49,3,52
1139307,17,55,23,6,4,105,0,105
1139308,20,53,38,3,3,117,9,126
1139309,17,90,34,7,5,153,5,158
1139310,34,74,10,3,0,121,6,127
1139311,6,35,46,21,3,111,5,116
1139312,31,87,56,3,3,180,5,185
1139313,26,74,72,14,4,190,9,199
1139314,19,59,70,19,3,170,4,174
1139315,8,43,45,10,5,111,0,111
1139316,12,41,59,18,8,138,3,141
1139317,9,50,69,23,12,163,3,166
1139318,15,38,35,14,5,107,3,110
1139319,23,79,67,11,5,185,5,190
1139320,22,73,56,13,7,171,0,171
1139321,29,99,72,11,6,217,6,223
1139322,40,51,27,15,3,136,10,146
1139323,11,46,34,9,4,104,0,104
1139324,12,31,32,6,11,92,4,96
1139325,21,42,26,7,4,100,4,104
1139326,10,48,68,28,8,162,8,170
1139327,10,39,35,17,6,107,3,110
1139328,17,39,41,19,3,119,0,119
1139329,14,53,41,14,4,126,3,129
1139330,22,68,53,16,7,166,10,176
1139331,13,63,55,18,5,154,4,158
1139332,40,132,43,8,5,228,18,246
1139333,0,24,39,14,8,85,4,89
1139334,17,64,40,27,9,157,4,161
1139335,23,61,46,8,0,138,9,147
1139336,26,68,45,3,10,152,5,157
1139337,44,40,35,9,4,132,7,139
1139338,22,77,71,15,5,190,7,197
1139339,10,12,33,14,4,73,4,77
1139340,9,56,26,7,6,104,3,107
1139401,29,187,93,6,0,315,3,318
1139402,33,58,12,3,3,109,6,115
1139403,21,82,42,7,3,155,4,159
1139404,43,72,41,11,4,171,7,178
1139405,22,79,33,3,3,140,3,143
1139406,45,165,53,7,3,273,9,282
1139407,28,101,42,10,3,184,6,190
1139408,19,49,29,10,0,107,4,111
1139409,31,73,25,10,0,139,0,139
1139410,43,84,30,10,4,171,6,177
1139411,24,84,41,7,3,159,5,164
1139412,5,53,46,6,4,114,0,114
1139413,14,40,32,3,0,89,3,92
1139414,21,58,46,3,3,131,3,134
1139415,7,76,30,13,4,130,0,130
1139416,31,88,36,6,0,161,4,165
1139417,26,104,55,9,7,201,7,208
1139418,21,94,65,3,5,188,3,191
1139419,15,114,40,0,0,169,0,169
1139420,24,94,47,11,6,182,3,185
1139421,22,65,33,5,0,125,6,131
1139422,20,62,25,0,0,107,3,110
1139423,35,72,32,6,8,153,6,159
1139424,35,94,31,3,0,163,5,168
1139425,33,65,39,6,4,147,6,153
1139426,23,51,25,3,0,102,0,102
1139427,32,57,29,8,0,126,0,126
1139428,47,100,48,3,8,206,12,218
1139429,26,72,32,13,0,143,4,147
1139430,64,93,42,6,7,212,3,215
1139431,30,96,46,10,0,182,6,188
1139432,23,94,52,9,5,183,7,190
1139433,16,60,17,8,0,101,0,101
1139434,66,106,42,5,4,223,8,231
1139435,34,88,32,0,3,157,5,162
1139436,46,89,31,3,0,169,5,174
1139437,30,83,26,0,4,143,6,149
1139438,10,61,25,3,0,99,0,99
1139439,15,43,22,0,7,87,0,87
1139501,33,90,32,5,3,163,3,166
1139502,41,88,33,3,0,165,5,170
1139503,10,42,71,19,5,147,10,157
1139504,7,22,32,11,5,77,0,77
1139505,8,31,35,12,3,89,0,89
1139506,12,51,71,23,8,165,4,169
1139507,11,35,51,18,10,125,3,128
1139508,16,59,39,12,7,133,8,141
1139509,71,141,36,5,0,253,10,263
1139510,26,62,20,3,3,114,3,117
1139511,45,70,24,3,0,142,0,142
1139512,37,98,24,3,3,165,5,170
1139513,52,123,13,3,0,191,4,195
1139514,49,98,28,5,0,180,10,190
1139515,19,39,46,15,6,125,3,128
1139516,34,97,40,4,0,175,3,178
1139517,20,65,43,4,0,132,3,135
1139518,13,53,58,10,4,138,8,146
1139519,45,89,41,7,0,182,7,189
1139520,28,72,34,4,0,138,0,138
1139521,24,102,41,10,0,177,6,183
1139522,24,80,49,5,3,161,3,164
1139523,38,85,35,11,4,173,0,173
1139524,12,67,50,5,0,134,3,137
1139525,15,46,46,12,3,122,4,126
1139526,23,37,43,9,0,112,7,119
1139527,16,44,48,12,4,124,3,127
1139528,21,70,47,12,7,157,0,157
1139529,21,93,45,8,0,167,6,173
1139530,13,50,58,19,10,150,8,158
1139531,27,79,53,5,5,169,13,182
1139532,6,64,71,11,15,167,4,171
1139601,59,152,50,3,3,267,8,275
1139602,27,140,46,6,4,223,8,231
1139603,9,59,24,8,3,103,0,103
1139604,39,140,59,6,0,244,10,254
1139605,6,5,23,7,7,48,0,48
1139606,25,94,24,5,0,148,0,148
1139607,40,72,16,0,3,131,0,131
1139608,18,78,49,3,3,151,5,156
1139609,20,49,15,3,3,90,5,95
1139610,11,62,50,19,8,150,0,150
1139611,46,59,20,7,0,132,4,136
1139612,18,85,27,10,4,144,3,147
1139613,6,40,36,16,13,111,0,111
1139614,35,71,15,3,3,127,7,134
1139615,35,94,41,5,5,180,0,180
1139616,28,100,43,4,4,179,3,182
1139617,50,107,26,5,0,188,17,205
1139618,37,105,24,5,0,171,6,177
1139619,15,54,24,6,0,99,3,102
1139620,4,42,50,15,10,121,3,124
1139621,0,0,0,0,0,0,0,0
1139622,0,0,4,0,0,4,0,4
1139623,0,0,0,0,0,0,0,0
1139624,10,72,81,19,7,189,0,189
1139625,35,152,87,8,8,290,8,298
1139626,26,178,74,12,4,294,4,298
1139627,0,0,0,0,0,0,0,0
1139628,8,30,24,6,0,68,0,68
1139629,38,91,30,6,3,168,8,176
1139701,3,33,31,13,5,85,3,88
1139702,44,70,10,3,0,127,3,130
1139703,0,0,0,0,0,0,0,0
1139704,0,0,0,0,0,0,0,0
1139705,37,102,34,6,0,179,8,187
1139706,7,26,69,34,20,156,9,165
1139707,12,42,45,32,19,150,5,155
1139708,16,78,70,13,10,187,4,191
1139709,10,45,49,9,7,120,6,126
1139710,4,35,46,14,9,108,0,108
1139711,19,64,45,13,5,146,3,149
1139712,10,44,42,10,4,110,3,113
1139713,49,73,23,6,0,151,10,161
1139714,37,84,33,3,3,160,4,164
1139715,34,86,46,14,7,187,8,195
1139716,77,62,16,4,0,159,9,168
1139717,9,29,36,14,3,91,0,91
1139718,13,48,36,12,5,114,0,114
1139719,79,68,15,0,0,162,12,174
1139720,49,49,43,11,10,162,4,166
1139721,40,50,9,0,0,99,5,104
1139722,3,33,57,21,11,125,4,129
1139723,3,38,71,38,9,159,4,163
1139724,5,24,45,14,13,101,4,105
1139725,14,37,61,17,4,133,0,133
1139726,59,119,33,3,0,214,3,217
1139727,65,121,29,7,0,222,10,232
1139728,16,35,7,0,0,58,3,61
1139729,60,130,30,0,3,223,12,235
1139730,71,156,50,0,0,277,4,281
1139731,21,56,13,3,0,93,0,93
1139732,18,23,3,5,0,49,4,53
1139733,95,108,29,3,3,238,9,247
1139734,15,77,64,26,11,193,4,197
1139735,22,70,73,11,8,184,5,189
1139736,34,56,37,14,4,145,7,152
1139737,9,38,45,25,5,122,6,128
1139738,50,41,39,7,0,137,5,142
1139739,10,39,58,18,9,134,0,134
1139740,18,72,40,16,6,152,7,159
1139741,29,41,27,8,0,105,11,116
1139742,37,50,25,0,0,112,6,118
1139743,74,82,31,8,3,198,10,208
1139744,8,38,45,20,11,122,3,125
1139745,78,68,14,3,4,167,4,171
1139746,0,30,35,19,15,99,3,102
1139747,8,25,31,16,8,88,3,91
1139748,7,18,44,16,17,102,0,102
1139749,3,25,32,13,11,84,3,87
1139750,3,11,35,30,12,91,3,94
1139751,6,25,63,30,9,133,30,163
1139752,18,66,71,17,4,176,5,181
1139753,0,8,0,0,0,8,0,8
1139754,4,31,64,23,7,129,3,132
1139755,12,34,51,16,5,118,0,118
1139756,11,34,51,15,10,121,3,124
1139757,4,33,56,31,12,136,3,139
1139758,10,18,44,37,26,135,3,138
1139759,3,38,68,18,10,137,3,140
1139760,4,13,37,20,9,83,0,83
1139761,15,35,50,6,13,119,5,124
1139801,0,0,0,0,0,0,0,0
1139802,54,59,13,0,0,126,8,134
1139803,17,45,36,10,0,108,3,111
1139804,51,77,16,3,0,147,3,150
1139805,32,94,39,6,3,174,5,179
1139806,50,126,46,3,0,225,6,231
1139807,19,57,51,8,10,145,0,145
1139808,98,84,16,3,3,204,14,218
1139809,68,113,24,0,0,205,5,210
1139810,5,20,29,5,4,63,0,63
1139811,10,47,68,18,7,150,0,150
1139812,9,60,70,13,5,157,4,161
1139813,9,94,41,9,3,156,0,156
1139814,29,125,38,4,0,196,0,196
1139815,56,165,28,0,0,249,0,249
1139816,24,131,53,3,3,214,7,221
1139817,26,79,17,7,3,132,0,132
1139818,66,48,6,0,0,120,14,134
1139819,27,77,16,0,0,120,0,120
1139820,33,69,16,0,0,118,0,118
1139821,24,39,28,7,3,101,8,109
1139822,9,56,77,15,4,161,4,165
1139823,6,43,55,9,0,113,0,113
1139824,6,39,59,10,3,117,4,121
1139825,5,44,53,12,5,119,0,119
1139826,8,36,30,14,5,93,3,96
1139827,3,55,61,15,3,137,0,137
1139828,3,48,36,12,4,103,3,106
1139829,12,22,33,8,3,78,4,82
1139830,63,194,61,4,0,322,6,328
1139831,92,101,13,0,0,206,9,215
1139832,50,150,32,0,0,232,3,235
1139833,70,104,30,3,0,207,4,211
1139834,10,35,24,7,3,79,0,79
1139835,29,103,35,3,0,170,6,176
1139836,9,78,68,10,6,171,0,171
1139837,0,29,36,10,3,78,3,81
1139838,6,30,46,10,9,101,0,101
1139839,7,38,28,8,0,81,0,81
1139840,35,107,22,0,0,164,4,168
1139841,16,97,17,0,0,130,3,133
1139842,23,64,14,3,3,107,4,111
1139843,44,104,34,4,4,190,3,193
1139844,101,168,47,0,0,316,6,322
1139845,41,65,35,9,4,154,3,157
1139846,36,100,43,6,6,191,3,194
1139847,21,60,38,11,3,133,11,144
1139848,9,28,44,10,5,96,0,96
1139849,186,246,46,4,0,482,10,492
1139850,19,64,15,4,0,102,0,102
1139851,34,148,42,4,0,228,6,234
1139852,30,85,31,7,0,153,0,153
1139853,3,38,62,5,0,108,0,108
1139854,4,49,23,0,0,76,0,76
1139855,20,73,63,10,4,170,3,173
1139856,4,22,29,8,4,67,0,67
1139857,28,78,18,3,3,130,0,130
1139858,112,103,16,0,0,231,3,234
1139859,48,79,12,4,0,143,6,149
1139901,0,31,44,9,3,87,0,87
1139902,27,79,54,4,3,167,3,170
1139903,80,163,45,3,0,291,6,297
1139904,13,100,44,4,0,161,5,166
1139905,38,126,35,5,3,207,9,216
1139906,34,86,29,7,0,156,4,160
1139907,36,130,67,9,4,246,6,252
1139908,6,60,39,11,10,126,0,126
1139909,14,72,61,11,5,163,0,163
1139910,17,153,40,3,3,216,6,222
1139911,31,164,53,4,0,252,3,255
1139912,17,121,50,8,3,199,3,202
1139913,6,41,38,10,3,98,3,101
1139914,4,31,49,12,0,96,0,96
1139915,5,40,53,16,0,114,3,117
1139916,8,40,50,18,0,116,0,116
1139917,7,57,65,16,8,153,0,153
1139918,36,100,57,15,7,215,9,224
1139919,5,59,97,15,9,185,3,188
1139920,6,52,70,10,6,144,3,147
1139921,5,45,70,14,5,139,0,139
1139922,20,59,64,14,0,157,8,165
1139923,3,50,72,25,5,155,0,155
1139924,0,29,40,14,5,88,3,91
1139925,22,121,44,0,0,187,0,187
1139926,23,114,22,3,0,162,3,165
1139927,45,122,26,4,0,197,4,201
1139928,35,107,24,0,0,166,3,169
1139929,40,134,28,3,0,205,0,205
1139930,6,56,48,7,3,120,4,124
1139931,7,82,47,10,4,150,4,154
1139932,46,124,67,12,3,252,12,264
1139933,12,55,42,8,5,122,3,125
1139934,12,104,76,14,3,209,0,209
1139935,7,16,33,3,0,59,4,63
1139936,11,89,74,13,4,191,3,194
1139937,26,124,43,3,0,196,3,199
1139938,25,74,62,6,3,170,9,179
1139939,4,20,50,8,8,90,0,90
1139940,5,28,49,12,3,97,0,97
1139941,8,58,74,11,0,151,0,151
1139942,11,101,46,7,3,168,6,174
1140001,7,22,36,0,0,65,0,65
1140002,7,26,46,3,3,85,4,89
1140003,0,4,0,0,0,4,0,4
1140004,42,28,35,3,3,111,5,116
1140005,43,159,41,7,0,250,3,253
1140006,5,49,46,7,5,112,3,115
1140007,9,39,62,8,4,122,0,122
1140008,0,23,68,11,6,108,0,108
1140009,3,35,64,20,9,131,0,131
1140010,0,18,43,13,5,79,0,79
1140011,11,48,72,14,3,148,3,151
1140012,3,43,80,22,3,151,3,154
1140013,0,8,8,3,0,19,3,22
1140014,7,25,45,10,3,90,0,90
1140015,3,37,101,18,7,166,0,166
1140016,9,45,80,23,3,160,0,160
1140017,4,43,49,7,4,107,0,107
1140018,4,48,53,12,3,120,3,123
1140019,15,68,24,14,0,121,3,124
1140020,3,70,89,17,3,182,4,186
1140021,5,56,38,5,6,110,0,110
1140022,47,132,31,3,4,217,5,222
1140023,20,111,61,20,9,221,4,225
1140024,53,147,45,7,3,255,3,258
1140025,0,36,82,26,8,152,0,152
1140026,0,29,63,17,6,115,0,115
1140027,3,38,74,34,14,163,0,163
1140028,0,23,50,17,3,93,0,93
1140029,6,27,79,24,16,152,3,155
1140030,3,28,59,26,11,127,0,127
1140031,3,19,54,10,3,89,0,89
1140032,6,69,58,8,0,141,0,141
1140033,10,92,59,5,3,169,5,174
1140034,9,40,82,24,3,158,0,158
1140035,14,86,70,16,9,195,4,199
1140036,3,36,46,7,0,92,0,92
1140037,24,121,54,10,3,212,6,218
1140038,5,47,46,17,0,115,7,122
1140039,51,247,96,15,0,409,16,425
1140040,8,63,65,11,4,151,4,155
1140041,10,121,79,17,0,227,5,232
1140042,3,24,32,3,0,62,3,65
1140043,6,64,74,12,7,163,0,163
1140044,21,112,50,5,0,188,3,191
1140045,17,91,27,6,8,149,6,155
1140046,62,163,47,7,0,279,6,285
1140047,11,57,54,16,6,144,0,144
1140048,34,158,66,3,3,264,4,268
1140049,16,122,59,14,10,221,7,228
1140050,9,76,72,18,5,180,4,184
1140051,12,63,72,19,0,166,6,172
1140052,9,45,40,16,0,110,0,110
1140053,15,93,71,9,3,191,8,199
1140054,15,74,58,18,6,171,10,181
1140055,69,131,55,12,4,271,10,281
1140056,0,17,62,24,13,116,0,116
1140101,32,158,70,7,3,270,4,274
1140102,28,124,72,9,3,236,4,240
1140103,27,137,74,13,3,254,4,258
1140104,8,40,43,6,0,97,3,100
1140105,0,0,0,0,0,0,0,0
1140106,0,0,0,0,0,0,0,0
1140107,0,3,0,0,0,3,0,3
1140108,0,0,0,0,0,0,0,0
1140109,88,107,24,4,0,223,0,223
1140110,23,99,28,3,3,156,3,159
1140111,23,106,82,9,4,224,0,224
1140112,0,34,39,8,4,85,3,88
1140113,8,176,111,11,8,314,5,319
1140114,36,108,36,5,3,188,5,193
1140115,33,109,31,4,0,177,6,183
1140116,32,84,25,0,0,141,0,141
1140117,48,120,27,7,0,202,0,202
1140118,3,103,80,12,3,201,5,206
1140119,79,206,35,6,0,326,6,332
1140120,52,83,17,0,0,152,4,156
1140121,264,273,58,3,3,601,10,611
1140122,14,78,36,3,3,134,0,134
1140201,4,67,57,13,10,151,5,156
1140202,4,43,67,28,6,148,0,148
1140203,8,50,106,24,11,199,7,206
1140204,5,53,66,19,0,143,4,147
1140205,4,52,73,13,7,149,4,153
1140206,8,86,97,11,3,205,0,205
1140207,8,55,100,19,6,188,8,196
1140208,21,87,53,8,6,175,5,180
1140209,8,56,38,7,0,109,3,112
1140210,8,44,58,10,11,131,7,138
1140211,18,118,83,15,7,241,5,246
1140212,6,30,48,18,0,102,0,102
1140213,4,32,65,15,9,125,0,125
1140214,8,51,69,16,8,152,0,152
1140215,3,36,58,19,10,126,0,126
1140216,3,38,67,30,12,150,0,150
1140217,0,24,45,19,6,94,0,94
1140218,8,44,83,18,4,157,0,157
1140219,0,22,39,18,3,82,3,85
1140220,0,16,58,19,14,107,3,110
1140221,0,19,48,14,4,85,0,85
1140222,3,54,60,16,4,137,0,137
1140223,16,117,58,12,4,207,3,210
1140224,11,68,45,8,0,132,0,132
1140225,30,111,40,16,4,201,3,204
1140226,0,43,37,7,3,90,3,93
1140227,10,41,47,5,0,103,3,106
1140228,3,36,91,23,12,165,3,168
1140229,6,36,69,29,4,144,3,147
1140230,0,26,57,16,9,108,0,108
1140231,0,25,59,22,14,120,0,120
1140232,0,0,0,0,0,0,0,0
1140233,18,101,68,10,3,200,4,204
1140234,9,49,38,16,0,112,0,112
1140235,7,36,47,7,5,102,3,105
1140236,13,84,36,7,0,140,0,140
1140237,6,50,57,13,0,126,4,130
1140238,3,50,77,15,4,149,0,149
1140239,3,54,67,17,5,146,0,146
1140240,7,47,79,12,10,155,3,158
1140241,11,79,91,20,5,206,0,206
1140242,29,121,61,8,0,219,3,222
1140243,48,128,44,6,3,229,8,237
1140244,9,72,49,9,0,139,5,144
1140245,3,57,54,17,4,135,3,138
1140246,7,71,78,16,3,175,0,175
1140247,14,84,53,4,5,160,3,163
1140248,26,64,36,3,5,134,3,137
1140249,7,48,68,12,8,143,3,146
1140250,13,56,62,16,4,151,7,158
1140251,4,63,51,8,0,126,8,134
1140252,20,71,73,10,4,178,3,181
1140253,0,9,62,20,19,110,3,113
1140254,0,20,33,6,3,62,3,65
1140255,24,47,34,6,0,111,4,115
1140256,11,89,46,7,3,156,5,161
1140257,3,48,52,10,6,119,3,122
1140301,3,52,62,13,3,133,3,136
1140302,3,33,69,18,3,126,0,126
1140303,3,39,65,22,8,137,3,140
1140304,0,50,81,32,22,185,3,188
1140305,3,22,35,8,4,72,4,76
1140306,3,25,33,9,3,73,3,76
1140307,0,0,0,0,0,0,0,0
1140308,5,31,46,16,7,105,0,105
1140309,0,28,34,9,6,77,0,77
1140310,3,19,53,25,11,111,0,111
1140311,23,123,60,16,9,231,4,235
1140312,23,69,57,12,3,164,5,169
1140313,11,57,40,9,3,120,0,120
1140314,16,60,58,25,8,167,3,170
1140315,7,38,38,12,5,100,3,103
1140316,9,47,45,19,0,120,3,123
1140317,12,62,61,11,5,151,3,154
1140318,4,70,62,19,9,164,3,167
1140319,0,55,71,16,7,149,4,153
1140320,7,35,49,6,6,103,0,103
1140321,5,63,66,16,6,156,8,164
1140322,5,57,77,20,11,170,8,178
1140323,0,62,59,12,5,138,3,141
1140324,16,83,79,27,9,214,5,219
1140325,12,60,54,10,7,143,3,146
1140326,9,46,49,14,7,125,3,128
1140327,5,45,37,11,0,98,4,102
1140328,3,40,62,23,9,137,0,137
1140329,3,41,71,16,13,144,0,144
1140330,0,34,70,20,6,130,0,130
1140331,0,41,60,10,4,115,4,119
1140332,3,41,83,25,10,162,3,165
1140333,6,32,55,10,6,109,3,112
1140334,0,29,53,6,7,95,0,95
1140335,0,0,0,0,0,0,0,0
1140336,3,39,62,22,6,132,3,135
1140337,3,35,41,6,3,88,4,92
1140338,6,52,67,18,14,157,0,157
1140339,0,32,47,20,8,107,3,110
1140340,0,24,82,40,18,164,0,164
1140341,0,27,51,31,17,126,5,131
1140342,11,52,99,18,7,187,0,187
1140343,4,15,42,14,12,87,0,87
1140344,0,0,0,0,0,0,0,0
1140345,0,0,0,0,0,0,0,0
1140346,5,40,63,21,7,136,3,139
1140347,0,0,0,0,0,0,0,0
1140348,0,4,4,0,0,8,0,8
1140349,0,0,0,0,0,0,0,0
1140350,4,31,72,29,4,140,0,140
1140401,5,55,97,14,8,179,9,188
1140402,0,0,0,0,0,0,0,0
1140403,0,19,35,25,7,86,0,86
1140404,3,46,86,21,7,163,5,168
1140405,7,31,61,18,3,120,0,120
1140406,0,10,23,5,4,42,0,42
1140407,0,10,48,14,4,76,0,76
1140408,3,28,27,7,3,68,5,73
1140409,3,63,80,30,9,185,0,185
1140410,4,48,45,18,11,126,3,129
1140411,3,28,51,12,6,100,0,100
1140412,3,42,76,12,8,141,3,144
1140413,5,45,49,16,4,119,5,124
1140414,18,64,53,14,11,160,3,163
1140415,0,20,60,28,7,115,0,115
1140416,4,13,8,9,4,38,4,42
1140417,7,42,44,8,6,107,0,107
1140418,7,59,51,18,9,144,0,144
1140419,8,48,77,15,7,155,4,159
1140420,3,36,63,13,7,122,0,122
1140421,3,52,73,26,11,165,0,165
1140422,0,38,48,14,6,106,3,109
1140423,3,36,40,11,3,93,4,97
1140424,0,31,53,20,6,110,3,113
1140425,4,24,64,20,8,120,3,123
1140426,3,31,50,15,5,104,3,107
1140427,7,62,100,24,11,204,0,204
1140428,0,0,0,0,0,0,0,0
1140429,7,35,53,26,6,127,0,127
1140430,7,43,66,18,7,141,3,144
1140431,4,62,52,30,10,158,3,161
1140432,34,69,13,0,0,116,0,116
1140501,26,85,17,5,0,133,0,133
1140502,30,73,37,5,6,151,9,160
1140503,15,41,24,3,3,86,4,90
1140504,40,119,29,5,0,193,3,196
1140505,43,125,33,3,3,207,0,207
1140506,66,121,19,4,0,210,7,217
1140507,89,226,49,11,0,375,14,389
1140508,8,55,78,18,5,164,0,164
1140509,0,22,35,8,4,69,0,69
1140510,15,58,25,0,3,101,3,104
1140511,56,150,25,0,3,234,11,245
1140512,22,156,45,4,3,230,7,237
1140513,87,151,26,4,3,271,8,279
1140514,15,83,19,3,0,120,5,125
1140515,30,124,36,8,0,198,6,204
1140516,38,103,20,4,0,165,4,169
1140517,26,83,17,0,0,126,0,126
1140518,56,151,37,0,0,244,3,247
1140519,23,123,65,19,0,230,4,234
1140520,36,109,26,4,0,175,7,182
1140521,21,51,39,5,4,120,7,127
1140522,53,153,34,3,3,246,5,251
1140523,23,103,35,3,0,164,0,164
1140524,27,109,27,0,0,163,0,163
1140525,0,0,0,0,0,0,0,0
1140526,9,41,32,6,5,93,0,93
1140527,23,94,43,7,3,170,5,175
1140528,64,126,33,6,3,232,5,237
1140529,6,72,63,13,9,163,3,166
1140530,9,42,25,7,3,86,3,89
1140531,0,0,0,0,0,0,0,0
1140532,3,28,35,4,3,73,0,73
1140533,5,26,33,13,4,81,0,81
1140534,4,70,62,15,3,154,5,159
1140535,5,24,41,8,0,78,0,78
1140536,15,51,52,14,7,139,3,142
1140537,12,54,56,13,3,138,4,142
1140538,17,56,70,12,3,158,4,162
1140539,5,45,56,15,14,135,0,135
1140540,3,17,51,11,3,85,3,88
1140541,8,28,42,18,6,102,3,105
1140542,0,46,45,15,6,112,0,112
1140543,16,99,64,12,6,197,10,207
1140544,8,45,30,3,3,89,3,92
1140545,12,76,61,17,9,175,4,179
1140546,27,79,35,7,0,148,9,157
1140547,31,51,21,9,3,115,3,118
1140548,3,40,59,12,8,122,3,125
1140549,3,48,51,16,4,122,4,126
1140550,3,28,48,15,0,94,0,94
1140551,4,31,36,5,5,81,0,81
1140552,4,49,49,15,0,117,0,117
1140553,4,36,30,9,4,83,3,86
1140554,21,64,65,15,5,170,4,174
1140555,9,36,56,6,5,112,3,115
1140556,3,24,48,4,7,86,0,86
1140557,3,34,47,6,3,93,0,93
1140558,5,37,43,9,8,102,0,102
1140559,8,57,56,14,3,138,6,144
1140560,31,82,44,13,4,174,10,184
1140561,63,69,15,3,3,153,14,167
1140562,51,151,36,3,0,241,0,241
1140563,21,106,21,6,0,154,0,154
1140564,27,105,18,3,0,153,0,153
1140565,67,277,57,6,0,407,0,407
1140566,44,215,48,5,0,312,0,312
1140567,69,147,20,3,0,239,8,247
1140568,60,151,37,0,0,248,6,254
1140569,82,162,35,3,3,285,3,288
1140570,22,36,18,3,3,82,5,87
1140571,4,29,57,17,8,115,0,115
1140601,4,41,33,6,3,87,3,90
1140602,4,42,47,8,0,101,5,106
1140603,14,54,52,16,6,142,5,147
1140604,3,42,71,8,3,127,0,127
1140605,6,44,46,9,4,109,0,109
1140606,3,30,50,14,7,104,3,107
1140607,3,21,34,7,7,72,0,72
1140608,4,49,106,21,0,180,0,180
1140609,4,48,60,10,0,122,4,126
1140610,5,23,40,9,0,77,0,77
1140611,14,60,59,25,9,167,3,170
1140612,3,24,44,4,7,82,3,85
1140613,3,50,66,18,8,145,0,145
1140614,3,26,52,6,4,91,4,95
1140615,7,32,59,14,5,117,0,117
1140616,6,34,65,18,4,127,3,130
1140617,3,0,0,0,0,3,0,3
1140618,3,28,51,19,9,110,0,110
1140619,0,54,76,29,8,167,0,167
1140620,4,36,43,15,7,105,0,105
1140621,3,41,57,9,6,116,0,116
1140622,3,51,60,9,3,126,0,126
1140623,37,73,71,6,3,190,14,204
1140624,13,77,47,12,11,160,4,164
1140625,8,50,52,5,3,118,4,122
1140626,0,36,53,10,7,106,0,106
1140627,4,28,50,17,3,102,0,102
1140628,3,40,41,7,6,97,0,97
1140629,0,18,73,20,15,126,0,126
1140630,0,25,60,14,0,99,0,99
1140631,4,34,61,13,6,118,3,121
1140632,3,0,0,0,0,3,0,3
1140633,0,41,73,29,15,158,0,158
1140634,0,25,86,28,18,157,0,157
1140635,0,37,73,21,6,137,3,140
1140636,0,36,63,20,4,123,0,123
1140637,0,36,38,7,3,84,0,84
1140638,10,75,50,11,3,149,0,149
1140639,9,31,31,4,11,86,3,89
1140640,9,92,57,10,0,168,0,168
1140641,3,68,87,20,13,191,3,194
1140642,6,61,77,25,8,177,3,180
1140643,0,32,62,14,9,117,0,117
1140644,3,34,87,22,9,155,0,155
1140645,6,35,51,19,7,118,0,118
1140646,7,31,42,9,3,92,3,95
1140647,50,35,18,0,4,107,12,119
1140648,57,104,40,8,3,212,4,216
1140701,3,33,72,15,11,134,3,137
1140702,0,30,67,16,9,122,3,125
1140703,0,13,39,18,12,82,0,82
1140704,3,39,83,22,6,153,3,156
1140705,17,89,46,20,10,182,4,186
1140706,4,39,90,26,11,170,0,170
1140707,0,23,55,17,5,100,0,100
1140708,0,32,90,26,9,157,0,157
1140709,9,31,68,14,5,127,0,127
1140710,4,43,86,24,13,170,3,173
1140711,3,31,60,12,10,116,3,119
1140712,12,57,84,15,14,182,4,186
1140713,8,98,38,4,3,151,0,151
1140714,6,39,27,7,0,79,3,82
1140715,30,211,119,27,7,394,7,401
1140716,0,0,0,0,0,0,0,0
1140717,30,153,92,26,14,315,10,325
1140718,0,22,42,13,6,83,0,83
1140719,12,87,42,4,0,145,5,150
1140720,0,0,0,0,0,0,0,0
1140721,3,17,50,8,8,86,0,86
1140722,6,31,52,8,5,102,0,102
1140723,0,15,56,25,13,109,4,113
1140724,3,26,45,12,10,96,0,96
1140725,3,24,51,20,7,105,0,105
1140726,4,21,52,14,8,99,0,99
1140727,0,40,102,17,13,172,3,175
1140728,3,29,56,22,7,117,3,120
1140729,3,26,61,22,0,112,0,112
1140730,4,21,43,4,0,72,0,72
1140731,4,24,47,6,4,85,0,85
1140732,0,43,77,28,3,151,4,155
1140733,3,26,34,16,3,82,0,82
1140734,0,22,57,4,4,87,3,90
1140735,3,36,57,11,3,110,3,113
1140736,5,54,47,15,4,125,0,125
1140737,0,28,44,19,7,98,0,98
1140738,23,73,28,8,5,137,3,140
1140739,4,38,47,19,13,121,4,125
1140740,37,175,78,18,4,312,5,317
1140741,18,91,70,8,4,191,4,195
1140742,5,74,77,14,10,180,4,184
1140743,3,78,102,23,4,210,0,210
1140744,16,57,18,0,3,94,3,97
1140745,0,31,38,13,10,92,0,92
1140746,4,46,44,7,0,101,0,101
1140801,3,34,55,10,4,106,0,106
1140802,0,38,37,8,5,88,0,88
1140803,22,87,40,4,5,158,4,162
1140804,3,42,70,24,10,149,4,153
1140805,0,40,66,16,9,131,5,136
1140806,10,47,59,9,3,128,6,134
1140807,3,30,69,24,9,135,3,138
1140808,25,61,32,4,3,125,3,128
1140809,0,19,41,19,3,82,3,85
1140810,7,67,71,6,3,154,3,157
1140811,3,29,38,9,4,83,0,83
1140812,4,40,59,11,11,125,3,128
1140813,0,40,70,11,3,124,0,124
1140814,3,28,44,26,5,106,3,109
1140815,9,43,40,13,8,113,3,116
1140816,0,25,39,12,6,82,0,82
1140817,0,27,64,20,4,115,0,115
1140818,3,9,40,15,3,70,4,74
1140819,0,25,55,15,5,100,0,100
1140820,0,24,48,11,5,88,3,91
1140821,3,45,88,25,5,166,4,170
1140822,5,31,70,20,6,132,4,136
1140823,3,29,62,5,6,105,3,108
1140824,5,46,26,0,0,77,0,77
1140825,22,55,52,14,3,146,4,150
1140826,29,89,57,13,9,197,8,205
1140827,0,18,38,16,5,77,0,77
1140828,29,168,67,11,6,281,7,288
1140829,0,27,54,21,4,106,0,106
1140830,4,23,29,8,4,68,0,68
1140831,20,105,62,10,4,201,6,207
1140832,10,79,35,8,9,141,0,141
1140833,7,42,22,9,4,84,3,87
1140834,11,70,75,15,3,174,4,178
1140835,9,42,58,12,9,130,0,130
1140836,4,27,45,19,8,103,3,106
1140837,35,134,94,5,14,282,12,294
1140838,5,53,95,23,12,188,3,191
1140839,0,12,43,12,3,70,0,70
1140840,5,53,63,9,5,135,3,138
1140841,4,33,59,18,6,120,6,126
1140842,3,38,47,10,4,102,3,105
1140843,17,44,50,12,3,126,7,133
1140844,3,49,73,21,14,160,3,163
1140845,3,53,86,25,9,176,0,176
1140846,3,40,45,15,4,107,0,107
1140847,3,33,46,11,5,98,3,101
1140848,0,21,55,21,6,103,0,103
1140849,0,34,62,13,0,109,0,109
1140850,4,30,52,19,10,115,0,115
1140851,6,44,53,12,0,115,3,118
1140852,4,26,42,14,8,94,0,94
1140853,28,82,58,13,5,186,4,190
1140854,0,12,28,12,3,55,0,55
1140901,0,0,0,0,0,0,0,0
1140902,0,25,66,20,13,124,0,124
1140903,8,32,73,14,6,133,3,136
1140904,3,29,68,14,5,119,4,123
1140905,6,30,69,15,4,124,0,124
1140906,16,39,38,22,9,124,0,124
1140907,4,36,78,31,7,156,0,156
1140908,0,30,73,20,9,132,4,136
1140909,3,28,57,25,3,116,0,116
1140910,0,26,44,11,3,84,3,87
1140911,0,30,63,23,6,122,0,122
1140912,0,5,34,15,12,66,0,66
1140913,0,23,81,23,4,131,0,131
1140914,0,44,86,24,10,164,4,168
1140915,3,35,64,16,8,126,3,129
1140916,3,24,60,6,5,98,0,98
1140917,6,43,78,16,0,143,0,143
1140918,6,15,55,19,6,101,3,104
1140919,4,40,65,17,9,135,0,135
1140920,3,72,83,33,10,201,0,201
1140921,5,32,62,14,3,116,0,116
1140922,3,28,55,19,5,110,0,110
1140923,0,20,77,24,4,125,0,125
1140924,6,85,77,21,18,207,5,212
1140925,19,130,116,38,6,309,8,317
1140926,4,19,58,18,5,104,4,108
1140927,3,63,78,23,9,176,25,201
1140928,9,76,47,14,8,154,4,158
1140929,9,35,79,31,5,159,0,159
1140930,3,28,37,7,0,75,0,75
1140931,10,43,74,15,11,153,6,159
1140932,7,41,63,22,3,136,5,141
1140933,7,51,85,25,8,176,3,179
1140934,3,13,61,18,4,99,0,99
1140935,0,34,76,18,5,133,3,136
1140936,0,34,86,32,9,161,7,168
1140937,5,33,75,24,9,146,4,150
1141001,3,25,52,29,10,119,5,124
1141002,10,31,62,18,5,126,4,130
1141003,9,64,76,20,10,179,3,182
1141004,3,26,52,16,3,100,3,103
1141005,0,17,38,11,10,76,3,79
1141006,3,18,53,26,16,116,4,120
1141007,3,43,106,22,13,187,0,187
1141008,0,31,66,24,9,130,3,133
1141009,6,33,59,28,12,138,0,138
1141010,3,35,79,24,11,152,3,155
1141011,0,33,109,33,12,187,0,187
1141012,0,48,94,23,5,170,3,173
1141013,3,28,83,37,15,166,5,171
1141014,0,21,38,13,7,79,0,79
1141015,0,25,64,20,10,119,3,122
1141016,9,41,60,22,8,140,4,144
1141017,0,32,105,34,24,195,0,195
1141018,3,37,69,19,8,136,3,139
1141019,0,0,0,0,0,0,0,0
1141020,0,16,79,20,21,136,3,139
1141021,3,24,71,26,7,131,0,131
1141022,4,37,87,24,10,162,0,162
1141023,0,13,59,19,7,98,4,102
1141024,3,25,69,17,15,129,5,134
1141025,0,33,83,26,12,154,0,154
1141026,0,0,0,0,0,0,0,0
1141027,0,51,96,30,6,183,3,186
1141028,0,25,66,26,10,127,4,131
1141029,3,28,41,13,12,97,3,100
1141030,0,30,81,34,10,155,0,155
1141031,3,31,63,25,7,129,3,132
1141032,0,15,64,24,12,115,3,118
1141033,0,35,44,13,3,95,4,99
1141034,7,140,131,22,3,303,3,306
1141035,3,29,78,23,10,143,0,143
1141036,16,172,171,31,9,399,8,407
1141037,5,24,53,17,17,116,0,116
1141038,0,19,69,25,3,116,4,120
1141039,3,20,44,29,13,109,3,112
1141040,5,41,65,26,9,146,0,146
1141041,4,30,68,15,9,126,3,129
1141042,30,90,40,4,4,168,12,180
1141043,0,48,109,30,12,199,3,202
1141101,0,32,68,25,6,131,4,135
1141102,4,38,83,19,10,154,4,158
1141103,8,51,75,17,3,154,0,154
1141104,3,43,75,16,5,142,3,145
1141105,3,45,86,21,5,160,4,164
1141106,0,32,49,8,4,93,0,93
1141107,3,38,54,8,3,106,0,106
1141108,4,52,53,24,3,136,3,139
1141109,5,26,35,16,4,86,0,86
1141110,0,18,48,20,14,100,0,100
1141111,6,57,94,13,8,178,3,181
1141112,0,20,45,22,4,91,0,91
1141113,3,30,43,12,3,91,0,91
1141114,21,132,60,6,4,223,9,232
1141115,0,19,56,28,6,109,0,109
1141116,0,0,0,0,0,0,0,0
1141117,39,137,44,6,4,230,16,246
1141118,6,34,69,15,3,127,6,133
1141119,7,55,87,21,4,174,4,178
1141120,0,21,57,15,4,97,0,97
1141121,9,42,44,5,4,104,10,114
1141122,87,133,30,7,0,257,15,272
1141123,26,107,71,5,3,212,4,216
1141124,0,51,71,28,6,156,0,156
1141125,4,31,65,12,4,116,5,121
1141126,0,43,67,24,8,142,3,145
1141127,5,57,66,14,0,142,3,145
1141128,3,37,43,14,3,100,0,100
1141129,7,50,69,24,6,156,0,156
1141130,3,36,67,34,9,149,3,152
1141131,6,47,103,38,11,205,3,208
1141132,10,46,70,18,7,151,3,154
1141133,0,48,72,27,8,155,3,158
1141134,14,85,53,23,8,183,0,183
1141135,6,37,54,11,10,118,0,118
1141136,0,40,74,16,10,140,5,145
1141137,8,54,11,3,0,76,3,79
1141138,3,14,34,13,3,67,3,70
1141139,3,38,55,15,0,111,0,111
1141140,4,56,78,21,14,173,0,173
1141141,0,17,56,16,11,100,0,100
1141142,3,41,62,16,3,125,4,129
1141143,0,28,69,15,13,125,3,128
1141144,13,68,46,20,10,157,0,157
1141201,3,32,86,8,5,134,3,137
1141202,6,47,101,19,9,182,0,182
1141203,5,34,69,26,10,144,3,147
1141204,10,51,14,0,0,75,3,78
1141205,3,44,86,23,18,174,0,174
1141206,0,19,58,21,8,106,3,109
1141207,0,41,110,31,8,190,3,193
1141208,4,48,42,11,5,110,0,110
1141209,4,32,63,23,7,129,3,132
1141210,0,19,36,23,9,87,0,87
1141211,3,6,31,13,0,53,0,53
1141212,0,14,50,35,11,110,4,114
1141213,18,72,75,28,9,202,4,206
1141214,0,17,71,20,5,113,0,113
1141215,0,8,42,15,12,77,3,80
1141216,23,160,82,17,10,292,3,295
1141217,0,20,58,18,10,106,4,110
1141218,0,47,96,18,8,169,4,173
1141219,3,37,67,27,6,140,0,140
1141220,0,18,44,17,9,88,4,92
1141221,4,42,65,24,7,142,3,145
1141222,12,89,75,23,0,199,5,204
1141223,34,169,72,7,3,285,7,292
1141224,0,20,78,33,18,149,3,152
1141225,0,16,52,22,7,97,4,101
1141226,0,34,84,23,7,148,0,148
1141227,5,47,86,20,3,161,3,164
1141228,0,27,48,15,8,98,4,102
1141229,0,37,76,10,6,129,0,129
1141230,0,29,101,48,20,198,3,201
1141231,3,35,66,10,6,120,6,126
1141232,0,30,67,17,9,123,8,131
1141233,4,25,52,17,4,102,0,102
1141234,7,51,84,23,12,177,6,183
1141235,4,24,42,16,0,86,0,86
1141236,0,30,72,28,12,142,0,142
1141237,4,31,82,30,14,161,0,161
1141238,13,96,47,11,3,170,0,170
1141239,0,0,0,0,0,0,0,0
1141301,17,92,54,3,0,166,3,169
1141302,5,51,78,23,12,169,3,172
1141303,17,80,45,12,4,158,3,161
1141304,12,95,60,13,3,183,5,188
1141305,25,118,32,8,0,183,3,186
1141306,9,93,45,9,5,161,0,161
1141307,20,107,47,3,5,182,0,182
1141308,13,63,34,12,0,122,0,122
1141309,16,100,44,4,0,164,5,169
1141310,25,169,84,7,0,285,6,291
1141311,21,164,66,6,3,260,7,267
1141312,6,68,49,5,0,128,0,128
1141313,20,126,64,6,4,220,3,223
1141314,0,64,48,5,5,122,0,122
1141315,17,101,49,8,3,178,0,178
1141316,9,86,58,9,3,165,3,168
1141317,9,53,60,23,8,153,4,157
1141318,19,82,57,14,0,172,5,177
1141319,15,74,62,8,3,162,3,165
1141320,48,95,39,3,3,188,4,192
1141321,16,111,49,14,0,190,4,194
1141322,6,63,62,16,0,147,0,147
1141323,5,50,43,7,0,105,0,105
1141324,8,57,62,3,0,130,0,130
1141325,18,120,66,9,3,216,0,216
1141326,43,123,43,0,3,212,5,217
1141327,21,150,55,5,0,231,7,238
1141328,17,73,41,6,0,137,0,137
1141329,53,192,51,8,4,308,6,314
1141330,15,99,48,6,4,172,4,176
1141331,23,77,41,3,0,144,7,151
1141332,16,136,71,9,4,236,4,240
1141333,11,96,61,5,3,176,3,179
1141334,16,85,48,8,0,157,4,161
1141335,40,179,61,4,0,284,8,292
1141336,32,107,39,6,0,184,0,184
1141337,50,175,50,3,3,281,8,289
1141338,51,187,47,3,0,288,3,291
1141339,29,79,30,5,3,146,0,146
1141340,26,106,34,3,0,169,4,173
1141341,51,159,37,3,3,253,7,260
1141342,3,79,57,0,4,143,3,146
1141401,57,115,17,3,0,192,3,195
1141402,9,70,31,0,0,110,3,113
1141403,23,91,33,0,0,147,0,147
1141404,35,68,29,0,0,132,3,135
1141405,4,68,52,4,0,128,3,131
1141406,23,109,31,0,0,163,3,166
1141407,49,87,33,4,0,173,5,178
1141408,35,139,49,0,0,223,5,228
1141409,35,189,60,0,5,289,3,292
1141410,33,112,46,6,3,200,3,203
1141411,22,131,72,15,4,244,0,244
1141412,14,74,76,14,3,181,4,185
1141413,13,84,38,5,0,140,0,140
1141414,13,116,53,7,0,189,0,189
1141415,46,160,49,3,0,258,7,265
1141416,72,146,57,0,0,275,7,282
1141417,30,156,52,10,5,253,0,253
1141418,27,121,71,9,0,228,3,231
1141419,16,48,51,9,3,127,0,127
1141420,39,138,38,6,4,225,3,228
1141421,26,75,29,3,0,133,3,136
1141422,28,90,23,3,0,144,3,147
1141423,6,12,26,7,0,51,4,55
1141424,57,148,39,3,3,250,5,255
1141425,31,92,14,3,0,140,0,140
1141426,36,89,27,9,4,165,5,170
1141427,18,82,28,6,0,134,4,138
1141428,9,86,24,9,0,128,0,128
1141429,19,79,36,3,0,137,9,146
1141430,21,121,57,8,0,207,0,207
1141431,38,93,38,0,3,172,6,178
1141432,39,163,48,0,0,250,0,250
1141433,14,98,37,0,0,149,3,152
1141434,28,84,22,8,3,145,3,148
1141435,29,71,22,3,3,128,3,131
1141436,25,94,40,0,4,163,5,168
1141437,13,53,21,10,0,97,8,105
1141438,45,105,35,9,0,194,3,197
1141439,17,69,22,6,0,114,5,119
1141440,24,97,23,0,0,144,3,147
1141441,7,52,24,5,4,92,0,92
1141442,29,109,24,3,0,165,0,165
1141443,18,91,29,5,0,143,6,149
1141444,64,79,8,0,0,151,4,155
1141501,0,15,41,16,5,77,3,80
1141502,10,64,28,9,0,111,0,111
1141503,4,22,74,39,13,152,5,157
1141504,27,76,31,0,3,137,0,137
1141505,3,57,51,9,0,120,0,120
1141506,17,70,56,6,0,149,0,149
1141507,3,16,61,17,0,97,3,100
1141508,40,103,61,12,3,219,5,224
1141509,27,43,68,19,5,162,5,167
1141510,0,3,0,0,0,3,0,3
1141511,4,24,75,15,9,127,0,127
1141512,15,71,53,18,4,161,0,161
1141513,7,59,66,12,5,149,0,149
1141514,5,59,67,14,7,152,0,152
1141515,23,84,40,3,3,153,5,158
1141516,30,67,42,5,0,144,7,151
1141517,18,82,47,20,4,171,8,179
1141518,34,120,56,21,3,234,0,234
1141519,3,25,44,13,4,89,0,89
1141520,45,117,30,0,0,192,14,206
1141521,14,97,63,10,4,188,3,191
1141522,24,132,57,4,4,221,0,221
1141523,59,105,50,4,0,218,16,234
1141524,29,63,13,3,3,111,0,111
1141525,26,77,44,13,6,166,4,170
1141526,42,137,34,0,0,213,7,220
1141527,42,104,50,6,3,205,4,209
1141528,21,82,31,6,3,143,4,147
1141529,23,96,40,3,0,162,0,162
1141530,31,105,64,7,0,207,4,211
1141531,27,109,66,16,4,222,5,227
1141532,0,49,91,26,4,170,3,173
1141533,32,163,62,3,3,263,3,266
1141534,3,11,34,16,3,67,0,67
1141535,28,119,90,12,4,253,0,253
1141536,7,93,79,11,11,201,3,204
1141537,0,9,5,0,0,14,0,14
1141538,3,20,56,18,6,103,3,106
1141539,7,53,69,21,4,154,0,154
1141540,61,129,40,5,4,239,7,246
1141541,43,172,77,15,4,311,6,317
1141542,9,81,85,15,13,203,3,206
1141543,8,28,77,34,12,159,4,163
1141544,7,36,46,12,0,101,0,101
1141545,29,91,49,6,3,178,5,183
1141546,32,101,31,8,0,172,0,172
1141547,6,47,34,3,3,93,0,93
1141548,0,57,48,3,0,108,0,108
1141549,8,94,47,14,0,163,0,163
1141550,10,60,28,0,5,103,0,103
1141551,15,66,37,10,3,131,5,136
1141552,13,76,55,14,3,161,0,161
1141553,20,89,37,16,4,166,4,170
1141554,3,37,46,10,3,99,3,102
1141555,23,88,40,4,0,155,3,158
1141556,93,107,21,0,3,224,17,241
1141557,6,45,33,5,3,92,7,99
1141558,25,76,52,16,13,182,0,182
1141559,0,41,66,13,4,124,0,124
1141560,46,164,69,9,0,288,3,291
1141561,3,26,55,19,6,109,0,109
1141562,0,23,45,19,6,93,0,93
1141563,3,23,43,15,11,95,3,98
1141564,0,0,0,0,0,0,0,0
1141565,0,14,46,10,6,76,0,76
1141566,22,102,51,12,5,192,0,192
1141567,4,51,30,0,0,85,3,88
1141568,23,66,20,5,0,114,0,114
1141569,5,40,37,13,0,95,0,95
1141570,5,18,37,14,4,78,0,78
1141571,6,44,47,8,0,105,0,105
1141601,47,145,58,4,0,254,3,257
1141602,32,147,40,4,6,229,4,233
1141603,20,70,32,5,0,127,3,130
1141604,31,127,56,4,3,221,8,229
1141605,18,135,61,10,4,228,0,228
1141606,27,145,57,4,4,237,4,241
1141607,61,133,29,7,3,233,3,236
1141608,35,76,20,3,3,137,5,142
1141609,24,106,57,11,4,202,0,202
1141610,49,108,31,6,3,197,7,204
1141611,7,53,24,7,0,91,3,94
1141612,12,62,35,5,0,114,0,114
1141613,120,111,31,4,0,266,7,273
1141614,24,158,86,10,3,281,0,281
1141615,46,175,62,9,6,298,0,298
1141616,4,41,31,7,0,83,0,83
1141617,22,103,47,7,0,179,3,182
1141618,27,140,55,3,3,228,5,233
1141619,40,109,54,8,0,211,5,216
1141620,19,44,9,0,0,72,85,157
1141621,215,91,27,4,0,337,32,369
1141622,93,108,40,3,3,247,4,251
1141623,45,116,50,6,0,217,5,222
1141624,20,104,25,8,0,157,4,161
1141625,98,125,46,0,0,269,6,275
1141626,67,89,12,3,0,171,3,174
1141627,15,101,47,10,0,173,7,180
1141628,36,107,36,0,0,179,4,183
1141629,62,149,40,6,0,257,3,260
1141630,143,161,37,4,0,345,6,351
1141631,50,154,52,7,4,267,0,267
1141632,17,96,32,0,5,150,0,150
1141633,60,159,42,3,0,264,8,272
1141634,13,52,17,5,0,87,3,90
1141635,18,135,75,12,0,240,4,244
1141636,22,104,48,6,0,180,3,183
1141637,56,151,54,11,3,275,3,278
1141701,27,110,37,9,0,183,6,189
1141702,3,47,10,0,0,60,0,60
1141703,60,147,26,4,0,237,3,240
1141704,63,107,17,5,0,192,4,196
1141705,0,0,0,0,0,0,0,0
1141706,63,98,28,4,4,197,3,200
1141707,24,73,35,3,0,135,0,135
1141708,65,121,43,3,3,235,3,238
1141709,50,95,19,5,0,169,0,169
1141710,0,0,0,0,0,0,0,0
1141711,0,0,0,0,0,0,0,0
1141712,27,63,23,4,0,117,3,120
1141713,45,47,8,0,0,100,4,104
1141714,52,86,36,4,3,181,6,187
1141715,46,125,59,8,0,238,5,243
1141716,18,89,40,8,0,155,5,160
1141717,19,61,34,8,3,125,0,125
1141718,56,97,48,10,0,211,5,216
1141719,17,78,39,7,0,141,3,144
1141720,74,171,81,11,3,340,8,348
1141721,20,57,21,7,0,105,6,111
1141722,0,0,0,0,0,0,0,0
1141723,32,130,44,10,0,216,5,221
1141724,47,129,42,3,3,224,5,229
1141725,53,141,61,9,0,264,7,271
1141726,63,91,14,0,0,168,3,171
1141727,0,0,0,0,0,0,0,0
1141728,33,76,25,4,3,141,0,141
1141801,7,71,58,9,3,148,5,153
1141802,0,0,0,0,0,0,0,0
1141803,3,51,79,16,3,152,0,152
1141804,3,33,76,33,12,157,4,161
1141805,3,46,72,11,5,137,3,140
1141806,6,62,66,28,5,167,6,173
1141807,13,62,99,20,5,199,0,199
1141808,24,65,73,18,4,184,4,188
1141809,3,32,71,20,11,137,3,140
1141810,3,34,46,6,4,93,3,96
1141811,0,23,59,17,9,108,4,112
1141812,4,57,77,21,6,165,6,171
1141813,8,43,74,19,4,148,0,148
1141814,6,30,51,11,5,103,5,108
1141815,3,60,82,14,9,168,0,168
1141816,4,27,58,13,10,112,0,112
1141817,4,35,75,24,8,146,3,149
1141818,5,31,59,28,9,132,3,135
1141819,3,21,82,26,11,143,0,143
1141820,0,37,68,19,8,132,4,136
1141821,9,52,61,5,3,130,3,133
1141822,7,59,62,9,4,141,0,141
1141823,9,84,79,20,8,200,5,205
1141824,36,168,90,8,0,302,14,316
1141825,49,124,79,18,0,270,5,275
1141826,24,202,100,13,9,348,8,356
1141827,8,87,65,13,0,173,0,173
1141828,8,79,72,12,0,171,0,171
1141829,4,80,70,6,4,164,0,164
1141830,5,69,77,13,5,169,3,172
1141831,14,76,39,4,3,136,3,139
1141832,18,88,59,7,3,175,3,178
1141833,6,34,24,4,4,72,3,75
1141834,31,155,81,10,0,277,11,288
1141835,8,63,60,6,5,142,3,145
1141836,3,25,57,33,12,130,8,138
1141837,3,9,46,10,7,75,3,78
1141838,4,51,83,23,0,161,0,161
1141839,3,44,91,15,9,162,3,165
1141840,3,37,62,21,12,135,0,135
1141841,4,44,97,35,4,184,0,184
1141842,0,0,0,0,0,0,0,0
1141901,79,72,26,10,3,190,18,208
1141902,22,113,56,11,4,206,0,206
1141903,7,84,76,13,0,180,4,184
1141904,12,43,32,3,0,90,0,90
1141905,61,79,49,3,3,195,23,218
1141906,26,106,60,3,3,198,6,204
1141907,24,88,29,7,0,148,4,152
1141908,36,79,29,15,0,159,4,163
1141909,14,81,40,3,3,141,0,141
1141910,20,87,62,13,4,186,0,186
1141911,11,41,21,9,0,82,0,82
1141912,32,129,41,6,3,211,6,217
1141913,36,52,19,5,3,115,10,125
1141914,9,57,31,3,3,103,3,106
1141915,14,59,38,10,0,121,3,124
1141916,12,79,50,8,3,152,3,155
1141917,30,108,98,17,0,253,5,258
1141918,54,105,62,11,4,236,11,247
1141919,6,69,45,5,5,130,3,133
1141920,10,93,51,11,3,168,8,176
1141921,84,139,46,0,3,272,3,275
1141922,80,98,33,3,3,217,5,222
1141923,133,118,21,3,0,275,7,282
1141924,59,146,32,0,3,240,3,243
1141925,46,71,17,4,0,138,3,141
1141926,22,101,55,5,0,183,3,186
1141927,25,76,42,5,0,148,6,154
1141928,40,117,36,8,0,201,0,201
1141929,22,112,43,8,0,185,5,190
1141930,10,52,20,3,3,88,0,88
1141931,27,85,44,3,3,162,3,165
1141932,27,123,83,10,0,243,9,252
1141933,45,119,60,17,4,245,3,248
1141934,29,127,46,13,3,218,5,223
1141935,23,77,42,6,0,148,6,154
1141936,52,134,53,3,0,242,8,250
1141937,0,37,58,19,5,119,3,122
1141938,14,87,62,9,4,176,7,183
1141939,0,9,0,0,0,9,0,9
1141940,19,77,51,6,6,159,6,165
1141941,9,80,34,6,3,132,4,136
1141942,0,0,3,0,0,3,0,3
1141943,12,107,75,13,0,207,3,210
1141944,12,79,56,7,6,160,3,163
1141945,21,111,74,4,3,213,4,217
1141946,27,85,34,3,3,152,11,163
1141947,65,138,54,6,4,267,7,274
1141948,67,138,36,3,3,247,6,253
1142001,4,43,71,23,7,148,4,152
1142002,0,57,55,15,6,133,7,140
1142003,3,30,42,11,4,90,0,90
1142004,5,44,76,15,5,145,7,152
1142005,6,46,76,20,6,154,6,160
1142006,3,60,45,15,3,126,3,129
1142007,0,65,104,19,8,196,4,200
1142008,0,39,61,16,7,123,3,126
1142009,0,17,74,19,7,117,0,117
1142010,0,42,66,17,0,125,0,125
1142011,5,37,56,18,14,130,4,134
1142012,0,18,48,17,3,86,0,86
1142013,0,45,79,20,9,153,7,160
1142014,0,29,65,17,6,117,0,117
1142015,3,38,57,13,3,114,3,117
1142016,0,56,97,15,9,177,6,183
1142017,3,48,107,25,14,197,3,200
1142018,0,0,0,0,0,0,0,0
1142019,0,0,0,0,0,0,0,0
1142020,0,51,92,14,10,167,4,171
1142021,0,30,59,12,7,108,4,112
1142022,3,25,56,17,5,106,0,106
1142023,6,50,67,21,5,149,6,155
1142024,5,54,85,25,20,189,7,196
1142025,3,39,73,24,16,155,6,161
1142026,7,52,84,15,9,167,0,167
1142027,4,23,58,18,3,106,4,110
1142028,50,136,41,12,3,242,11,253
1142029,13,91,94,17,7,222,9,231
1142030,3,47,106,26,12,194,5,199
1142101,40,103,70,23,8,244,7,251
1142102,5,32,90,38,12,177,0,177
1142103,4,29,55,20,8,116,5,121
1142104,8,29,82,28,8,155,5,160
1142105,5,29,87,31,23,175,4,179
1142106,0,51,109,29,18,207,6,213
1142107,3,21,25,21,9,79,0,79
1142108,0,16,43,29,12,100,3,103
1142109,3,55,110,30,21,219,5,224
1142110,3,14,55,16,7,95,0,95
1142111,0,43,103,37,14,197,5,202
1142112,0,18,49,21,7,95,4,99
1142113,0,14,48,15,20,97,3,100
1142114,3,27,68,22,8,128,3,131
1142115,0,19,47,16,13,95,0,95
1142116,3,22,81,22,10,138,3,141
1142117,4,27,57,23,23,134,4,138
1142118,3,39,43,28,30,143,7,150
1142119,21,50,41,4,0,116,5,121
1142120,71,129,47,16,9,272,12,284
1142121,0,27,76,20,13,136,4,140
1142122,0,29,78,17,16,140,4,144
1142123,23,113,23,13,10,182,9,191
1142201,11,73,73,18,7,182,4,186
1142202,16,74,54,14,0,158,5,163
1142203,3,22,38,18,5,86,0,86
1142204,0,33,74,26,9,142,3,145
1142205,3,19,58,38,11,129,0,129
1142206,0,38,54,14,4,110,3,113
1142207,3,21,66,15,12,117,3,120
1142208,0,17,57,17,3,94,3,97
1142209,0,16,66,12,11,105,0,105
1142210,0,25,61,21,5,112,0,112
1142211,3,33,79,30,22,167,3,170
1142212,30,91,42,7,6,176,8,184
1142213,7,40,41,12,4,104,6,110
1142214,5,75,55,7,3,145,6,151
1142215,13,56,61,10,4,144,4,148
1142216,6,36,62,22,5,131,3,134
1142217,12,72,63,10,12,169,5,174
1142218,0,25,40,15,5,85,3,88
1142219,0,27,74,11,9,121,0,121
1142220,0,38,79,24,8,149,5,154
1142221,3,45,60,18,11,137,9,146
1142222,0,33,81,20,16,150,0,150
1142223,20,69,56,5,5,155,6,161
1142224,0,20,54,20,8,102,0,102
1142225,0,36,80,22,4,142,0,142
1142226,5,34,92,26,7,164,4,168
1142227,7,45,86,24,7,169,0,169
1142228,6,33,64,17,10,130,6,136
1142229,3,12,49,9,13,86,0,86
1142230,3,35,54,21,6,119,7,126
1142231,3,20,67,24,11,125,3,128
1142232,3,7,36,12,3,61,3,64
1142233,8,63,86,20,3,180,7,187
1142234,4,19,59,19,3,104,0,104
1142301,3,51,85,11,4,154,3,157
1142302,32,81,84,24,16,237,11,248
1142303,4,49,103,25,10,191,8,199
1142304,0,25,42,19,12,98,0,98
1142305,6,44,83,25,5,163,7,170
1142306,0,32,58,18,12,120,0,120
1142307,4,23,65,27,12,131,0,131
1142308,9,33,44,13,3,102,3,105
1142309,6,52,87,19,7,171,7,178
1142310,20,63,58,14,6,161,3,164
1142311,0,26,35,20,8,89,0,89
1142312,5,30,57,17,13,122,0,122
1142313,0,36,61,19,10,126,3,129
1142314,3,34,93,20,12,162,0,162
1142315,0,22,65,22,6,115,0,115
1142316,10,48,86,12,15,171,9,180
1142317,30,58,77,17,11,193,8,201
1142318,5,86,144,27,18,280,20,300
1142319,0,82,147,36,8,273,3,276
1142320,3,29,39,23,9,103,3,106
1142321,6,29,96,21,14,166,5,171
1142322,8,31,63,13,6,121,4,125
1142323,0,43,58,15,3,119,0,119
1142324,5,31,44,17,10,107,3,110
1142325,3,28,39,14,4,88,4,92
1142326,5,30,75,21,6,137,5,142
1142327,0,14,36,16,0,66,0,66
1142328,3,128,94,13,6,244,3,247
1142329,0,36,72,21,8,137,0,137
1142330,4,41,60,21,11,137,0,137
1142331,3,13,20,5,3,44,4,48
1142332,21,95,70,30,10,226,6,232
1142333,0,17,30,16,4,67,0,67
1142334,3,44,105,25,8,185,0,185
1142335,3,64,77,31,10,185,3,188
1142336,3,24,46,10,12,95,6,101
1142337,3,39,60,30,9,141,3,144
1142338,8,88,88,5,9,198,10,208
1142339,16,75,101,20,0,212,3,215
1142340,9,82,59,10,3,163,5,168
1142341,11,76,70,13,4,174,7,181
1142342,9,69,55,8,4,145,3,148
1142343,0,0,0,0,0,0,0,0
1142344,15,144,78,8,3,248,11,259
1142345,11,102,95,27,9,244,0,244
1142346,4,40,92,34,18,188,4,192
1142347,0,24,56,26,17,123,4,127
1142348,3,20,62,25,12,122,4,126
1142401,3,58,82,17,9,169,7,176
1142402,0,37,51,15,7,110,0,110
1142403,7,36,68,12,6,129,4,133
1142404,0,8,40,15,11,74,3,77
1142405,41,32,27,11,3,114,7,121
1142406,3,35,64,18,7,127,3,130
1142407,4,43,43,15,8,113,7,120
1142408,9,38,60,13,7,127,3,130
1142409,13,52,65,19,11,160,4,164
1142410,9,44,90,23,12,178,0,178
1142411,3,31,60,21,3,118,3,121
1142412,20,63,63,15,6,167,5,172
1142413,5,20,62,22,8,117,0,117
1142414,4,22,75,15,7,123,0,123
1142415,4,29,47,6,0,86,0,86
1142416,3,24,44,12,8,91,3,94
1142417,5,31,29,14,6,85,3,88
1142418,3,32,70,31,17,153,0,153
1142419,7,51,83,26,16,183,5,188
1142420,3,37,31,15,17,103,4,107
1142421,3,13,30,6,6,58,0,58
1142422,7,53,83,12,6,161,0,161
1142423,9,53,67,12,6,147,3,150
1142424,3,39,64,15,7,128,3,131
1142425,31,44,34,7,4,120,11,131
1142426,7,35,31,19,3,95,4,99
1142427,33,63,40,6,5,147,3,150
1142428,24,41,51,12,7,135,0,135
1142429,7,34,43,16,4,104,8,112
1142430,4,27,37,12,3,83,0,83
1142431,30,58,42,14,6,150,7,157
1142432,51,48,28,12,3,142,10,152
1142433,48,143,42,8,0,241,15,256
1142501,0,19,43,13,4,79,4,83
1142502,3,33,41,7,3,87,3,90
1142503,6,71,29,9,0,115,3,118
1142504,3,13,29,11,4,60,0,60
1142505,3,23,35,12,6,79,0,79
1142506,6,37,38,17,13,111,3,114
1142507,0,32,76,21,7,136,4,140
1142508,3,20,38,10,3,74,0,74
1142509,3,29,41,22,4,99,3,102
1142510,4,26,41,8,11,90,3,93
1142511,5,18,33,9,4,69,0,69
1142512,4,30,40,9,5,88,0,88
1142513,3,35,35,14,10,97,3,100
1142514,3,23,78,19,14,137,3,140
1142515,13,44,23,7,6,93,4,97
1142516,4,25,77,20,11,137,3,140
1142517,0,12,61,17,10,100,0,100
1142518,0,32,93,25,23,173,0,173
1142519,4,41,83,17,7,152,0,152
1142520,0,0,0,0,0,0,0,0
1142521,5,25,63,15,12,120,4,124
1142522,0,0,0,0,0,0,0,0
1142523,108,160,57,8,8,341,23,364
1142601,7,51,71,21,7,157,8,165
1142602,31,137,56,4,3,231,0,231
1142603,27,118,66,4,3,218,4,222
1142604,33,103,51,7,0,194,3,197
1142605,52,120,39,0,0,211,13,224
1142606,23,96,41,10,3,173,3,176
1142607,30,94,30,5,0,159,3,162
1142608,24,117,68,12,3,224,6,230
1142609,5,54,33,3,0,95,0,95
1142610,5,39,55,13,3,115,7,122
1142611,18,68,29,0,3,118,4,122
1142612,9,50,70,9,16,154,5,159
1142613,3,13,37,4,4,61,6,67
1142614,22,69,25,0,0,116,0,116
1142615,6,39,52,12,5,114,3,117
1142616,8,48,81,11,13,161,3,164
1142617,9,36,43,9,3,100,0,100
1142618,0,19,22,11,4,56,0,56
1142619,10,85,47,9,3,154,3,157
1142620,5,47,50,23,4,129,0,129
1142621,18,84,63,9,3,177,0,177
1142622,17,133,42,3,3,198,3,201
1142623,20,124,52,7,6,209,11,220
1142624,29,68,50,0,0,147,5,152
1142625,22,83,29,7,4,145,7,152
1142626,24,70,29,0,0,123,10,133
1142627,12,63,29,7,0,111,0,111
1142628,25,127,66,8,3,229,9,238
1142629,19,92,37,3,0,151,5,156
1142630,35,181,64,9,3,292,12,304
1142631,43,132,54,12,3,244,8,252
1142632,31,166,81,5,8,291,7,298
1142633,54,154,60,4,0,272,4,276
1142634,8,26,44,4,7,89,0,89
1142635,4,19,31,5,11,70,0,70
1142636,18,110,39,3,0,170,3,173
1142637,41,179,83,14,0,317,14,331
1142638,10,62,36,11,3,122,0,122
1142639,0,32,58,18,4,112,8,120
1142640,13,28,29,4,0,74,4,78
1142641,7,47,68,25,15,162,5,167
1142642,26,42,27,12,4,111,10,121
1142643,6,36,27,14,7,90,0,90
1142644,26,138,54,3,3,224,5,229
1142645,31,115,79,18,8,251,5,256
1142646,52,105,56,8,11,232,15,247
1142647,0,23,34,15,7,79,0,79
1142648,4,48,59,18,5,134,3,137
1142649,4,45,73,21,19,162,7,169
1142650,5,51,59,6,7,128,0,128
1142651,4,26,49,16,3,98,3,101
1142652,10,52,66,24,8,160,4,164
1142653,49,124,28,3,0,204,6,210
1142654,17,69,37,7,3,133,6,139
1142655,31,129,67,3,0,230,11,241
1142656,27,109,69,5,0,210,6,216
1142701,6,31,54,16,5,112,3,115
1142702,3,40,69,20,5,137,3,140
1142703,0,12,43,10,6,71,0,71
1142704,0,9,45,15,3,72,0,72
1142705,23,32,25,12,3,95,6,101
1142706,3,23,28,6,4,64,0,64
1142707,3,32,41,8,3,87,3,90
1142708,0,28,51,20,5,104,0,104
1142709,5,31,94,23,11,164,5,169
1142710,0,15,50,11,5,81,0,81
1142711,7,40,61,13,4,125,3,128
1142712,36,68,44,7,0,155,5,160
1142713,0,27,70,15,0,112,0,112
1142714,0,30,67,6,11,114,0,114
1142715,3,28,47,8,7,93,0,93
1142716,4,41,45,5,4,99,3,102
1142717,15,33,42,15,0,105,4,109
1142718,3,41,75,19,10,148,0,148
1142719,3,24,65,13,8,113,3,116
1142720,0,32,57,15,10,114,0,114
1142721,3,38,64,15,8,128,0,128
1142722,0,0,0,0,0,0,0,0
1142723,3,25,29,7,7,71,4,75
1142724,0,0,0,0,0,0,0,0
1142725,0,0,0,0,0,0,0,0
1142726,0,22,72,16,10,120,0,120
1142727,0,36,44,9,4,93,0,93
1142728,4,26,70,11,5,116,0,116
1142729,0,32,70,21,4,127,3,130
1142730,0,0,0,0,0,0,0,0
1142731,0,0,0,0,0,0,0,0
1142732,4,22,42,21,3,92,0,92
1142733,3,20,43,10,3,79,0,79
1142734,0,36,46,9,10,101,4,105
1142735,41,75,51,10,4,181,3,184
1142736,16,106,48,14,0,184,0,184
1142737,0,28,54,12,7,101,4,105
1142738,5,52,43,14,6,120,0,120
1142739,3,39,74,22,7,145,0,145
1142740,3,20,37,10,9,79,0,79
1142741,7,52,62,10,10,141,0,141
1142801,4,43,50,15,3,115,3,118
1142802,12,65,74,18,9,178,7,185
1142803,3,51,96,28,8,186,3,189
1142804,12,50,74,31,17,184,0,184
1142805,3,47,64,17,4,135,0,135
1142806,7,39,71,22,13,152,0,152
1142807,0,37,73,14,5,129,0,129
1142808,0,25,44,17,4,90,3,93
1142809,5,35,57,19,4,120,0,120
1142810,0,15,47,14,4,80,4,84
1142811,0,15,41,16,8,80,3,83
1142812,0,31,79,20,10,140,0,140
1142813,0,25,51,18,8,102,0,102
1142814,3,46,79,16,7,151,4,155
1142815,3,26,49,13,0,91,0,91
1142816,0,29,52,18,4,103,3,106
1142817,3,53,89,22,4,171,5,176
1142818,0,22,86,25,18,151,3,154
1142819,3,41,70,24,16,154,3,157
1142820,0,3,20,10,3,36,0,36
1142821,0,40,83,25,16,164,3,167
1142822,4,3,25,9,10,51,3,54
1142823,0,7,58,10,6,81,3,84
1142824,0,33,60,14,5,112,0,112
1142825,0,0,0,0,0,0,0,0
1142826,0,7,44,18,8,77,0,77
1142827,0,14,39,13,12,78,3,81
1142828,0,31,72,21,3,127,3,130
1142829,4,32,43,12,8,99,0,99
1142830,7,20,68,23,10,128,0,128
1142831,9,43,59,11,3,125,4,129
1142832,3,47,72,21,3,146,7,153
1142833,3,36,65,24,6,134,0,134
1142834,7,42,75,14,3,141,3,144
1142835,3,32,85,24,15,159,3,162
1142836,4,18,57,31,15,125,3,128
1142837,0,17,38,18,4,77,0,77
1142838,0,0,0,0,0,0,0,0
1142839,0,15,49,9,8,81,0,81
1142840,4,15,78,16,6,119,3,122
1142841,38,130,29,0,4,201,12,213
1142842,3,42,82,27,5,159,4,163
1142843,0,29,68,15,4,116,0,116
1142844,5,30,61,11,13,120,0,120
1142845,0,37,66,26,5,134,0,134
1142846,45,98,36,11,7,197,21,218
1142847,3,57,107,24,10,201,0,201
1142848,4,43,87,20,11,165,3,168
1142849,8,37,57,12,0,114,5,119
1142850,0,24,47,16,6,93,0,93
1142851,3,27,83,23,12,148,0,148
1142852,0,19,51,17,12,99,0,99
1142853,0,21,41,16,3,81,0,81
1142854,0,10,43,21,5,79,0,79
1142855,3,47,81,17,9,157,5,162
1142856,3,29,47,16,6,101,4,105
1142857,6,46,68,24,12,156,3,159
1142858,0,26,39,9,5,79,3,82
1142859,0,20,47,12,8,87,0,87
1142860,3,32,52,23,8,118,3,121
1142861,0,0,0,0,0,0,0,0
1142862,4,31,46,13,6,100,4,104
1142863,3,28,48,16,5,100,4,104
1142864,0,32,84,37,21,174,3,177
1142901,4,24,66,20,8,122,0,122
1142902,13,74,55,9,3,154,3,157
1142903,3,37,47,10,7,104,4,108
1142904,16,77,52,3,4,152,3,155
1142905,12,51,75,13,6,157,0,157
1142906,8,46,70,16,4,144,4,148
1142907,10,41,26,5,3,85,3,88
1142908,13,105,69,23,3,213,6,219
1142909,18,129,79,14,6,246,3,249
1142910,4,34,36,4,4,82,0,82
1142911,7,42,33,4,8,94,3,97
1142912,5,38,38,16,4,101,0,101
1142913,21,93,43,11,3,171,10,181
1142914,8,91,98,26,7,230,8,238
1142915,9,46,36,11,0,102,0,102
1142916,8,85,43,4,0,140,0,140
1142917,18,62,75,13,9,177,5,182
1142918,0,0,0,0,0,0,0,0
1142919,0,3,3,0,0,6,0,6
1142920,47,63,21,5,5,141,12,153
1142921,6,56,48,17,7,134,0,134
1142922,8,34,43,17,6,108,3,111
1142923,8,87,47,17,3,162,3,165
1142924,16,44,31,7,0,98,3,101
1142925,11,79,43,6,0,139,3,142
1142926,8,76,56,0,3,143,0,143
1142927,31,98,42,5,4,180,4,184
1142928,13,73,37,3,0,126,8,134
1142929,25,118,100,10,11,264,3,267
1142930,3,3,0,0,3,9,3,12
1142931,6,87,56,16,4,169,3,172
1142932,20,103,71,22,4,220,10,230
1142933,32,157,91,6,3,289,8,297
1142934,11,19,34,7,0,71,5,76
1142935,0,0,0,0,0,0,0,0
1142936,7,55,23,8,0,93,4,97
1142937,10,47,58,13,3,131,0,131
1142938,11,55,42,3,7,118,5,123
1142939,4,27,31,12,8,82,7,89
1142940,9,69,76,14,5,173,0,173
1142941,10,57,53,16,4,140,3,143
1142942,12,20,47,10,10,99,0,99
1142943,6,38,64,16,4,128,5,133
1142944,18,74,45,21,0,158,11,169
1142945,11,35,38,9,4,97,3,100
1142946,11,87,75,11,3,187,3,190
1142947,20,118,60,0,3,201,4,205
1142948,44,193,103,13,3,356,9,365
1142949,4,38,37,8,0,87,3,90
1142950,14,61,33,3,3,114,3,117
1142951,25,114,88,18,13,258,12,270
1143001,24,104,37,3,0,168,3,171
1143002,13,92,63,12,0,180,8,188
1143003,11,58,49,8,3,129,3,132
1143004,3,60,69,29,15,176,0,176
1143005,11,52,60,17,3,143,0,143
1143006,4,59,84,15,12,174,4,178
1143007,0,19,27,4,3,53,3,56
1143008,107,84,21,7,8,227,30,257
1143009,4,46,78,23,18,169,6,175
1143010,3,42,66,23,10,144,3,147
1143011,3,41,67,16,10,137,0,137
1143012,0,0,0,0,0,0,0,0
1143013,0,32,42,8,9,91,5,96
1143014,6,32,42,12,5,97,6,103
1143015,44,180,65,7,0,296,7,303
1143016,32,195,86,9,0,322,6,328
1143017,17,77,34,15,0,143,7,150
1143018,26,97,46,3,3,175,3,178
1143019,17,98,46,0,3,164,3,167
1143020,6,32,30,14,0,82,0,82
1143021,7,40,45,11,0,103,0,103
1143022,18,54,67,21,10,170,3,173
1143023,4,29,43,5,5,86,5,91
1143024,8,68,71,20,11,178,3,181
1143025,29,68,50,15,9,171,7,178
1143026,7,41,53,10,0,111,4,115
1143027,0,35,53,13,8,109,0,109
1143028,7,58,64,9,11,149,5,154
1143029,21,88,70,16,9,204,0,204
1143030,8,51,72,14,7,152,0,152
1143031,3,16,60,3,3,85,0,85
1143032,0,46,48,16,3,113,0,113
1143033,4,46,62,16,8,136,3,139
1143034,15,51,50,11,7,134,3,137
1143035,18,49,38,8,0,113,0,113
1143036,0,40,89,24,6,159,4,163
1143037,0,31,44,20,5,100,0,100
1143038,0,38,47,17,8,110,3,113
1143101,9,81,69,12,4,175,5,180
1143102,12,91,87,10,7,207,3,210
1143103,10,68,53,4,0,135,0,135
1143104,59,75,37,3,4,178,17,195
1143105,22,76,57,3,3,161,0,161
1143106,5,32,76,19,18,150,6,156
1143107,6,45,37,15,0,103,6,109
1143108,14,93,71,6,3,187,7,194
1143109,10,37,25,5,0,77,4,81
1143110,13,74,50,7,10,154,4,158
1143111,6,75,56,11,9,157,0,157
1143112,179,226,27,0,3,435,52,487
1143113,3,13,48,14,3,81,0,81
1143114,3,19,42,17,5,86,0,86
1143115,0,0,0,0,0,0,0,0
1143116,7,49,48,18,0,122,0,122
1143117,9,37,72,23,4,145,5,150
1143118,6,32,85,23,13,159,4,163
1143119,16,124,57,9,0,206,4,210
1143120,35,152,88,8,0,283,5,288
1143121,5,53,47,4,0,109,0,109
1143122,34,191,123,16,5,369,4,373
1143123,12,108,68,3,3,194,6,200
1143124,10,114,75,10,5,214,5,219
1143125,4,35,66,23,3,131,0,131
1143126,7,41,73,6,10,137,0,137
1143127,4,38,78,17,9,146,3,149
1143128,0,20,69,24,5,118,0,118
1143129,3,48,70,26,8,155,0,155
1143130,3,41,56,11,12,123,0,123
1143131,0,48,63,13,15,139,3,142
1143132,5,27,38,17,4,91,3,94
1143133,5,25,50,12,8,100,3,103
1143134,11,21,45,9,3,89,0,89
1143135,7,31,49,11,8,106,3,109
1143136,10,110,77,12,12,221,0,221
1143137,10,33,82,25,16,166,6,172
1143138,34,64,75,21,10,204,10,214
1143139,4,28,44,18,4,98,3,101
1143140,0,43,42,17,8,110,7,117
1143141,5,51,61,13,15,145,0,145
1143142,4,58,62,14,5,143,0,143
1143143,3,30,55,16,7,111,3,114
1143144,0,30,64,25,11,130,3,133
1143145,30,31,17,10,3,91,3,94
1143146,10,22,56,20,11,119,3,122
1143147,11,39,66,21,7,144,9,153
1143148,13,45,82,19,13,172,3,175
1143149,4,19,44,6,3,76,0,76
1143150,11,99,75,7,5,197,0,197
1143151,10,91,69,24,8,202,6,208
1143152,11,64,70,19,8,172,0,172
1143153,10,51,46,9,6,122,3,125
1143154,3,33,26,7,5,74,3,77
1143155,0,20,33,9,0,62,3,65
1143156,7,18,46,24,9,104,0,104
1143201,0,24,43,12,6,85,0,85
1143202,3,27,49,27,8,114,3,117
1143203,0,15,20,10,5,50,0,50
1143204,5,18,74,27,16,140,0,140
1143205,0,0,0,0,0,0,0,0
1143206,0,7,23,4,0,34,0,34
1143207,0,0,0,0,0,0,0,0
1143208,0,13,20,18,22,73,3,76
1143209,5,4,39,10,8,66,0,66
1143210,3,11,32,33,16,95,3,98
1143211,10,30,21,17,15,93,12,105
1143212,0,22,107,28,18,175,0,175
1143213,4,14,34,15,8,75,5,80
1143214,0,21,32,12,8,73,0,73
1143301,0,13,33,28,20,94,0,94
1143302,53,147,15,0,0,215,8,223
1143303,0,11,80,31,46,168,3,171
1143304,18,43,26,4,3,94,9,103
1143305,0,25,71,32,14,142,3,145
1143306,0,26,144,50,14,234,5,239
1143307,3,17,73,30,30,153,0,153
1143308,11,46,79,24,11,171,4,175
1143309,39,66,38,10,4,157,9,166
1143310,13,74,75,20,11,193,0,193
1143311,3,26,47,22,14,112,5,117
1143312,0,32,46,21,12,111,0,111
1143313,8,41,57,14,6,126,4,130
1143314,40,95,67,15,11,228,6,234
1143315,3,10,22,17,10,62,3,65
1143316,0,20,80,29,17,146,0,146
1143317,4,23,90,41,10,168,3,171
1143318,3,27,66,35,7,138,3,141
1143319,6,21,71,25,16,139,4,143
1143320,16,57,41,13,15,142,6,148
1143321,6,48,68,23,7,152,3,155
1143322,3,60,84,23,11,181,6,187
1143323,4,44,81,20,11,160,10,170
1143324,3,37,81,22,12,155,3,158
1143325,3,27,47,16,7,100,3,103
1143326,3,33,75,21,14,146,3,149
1143327,0,5,54,42,31,132,0,132
1143401,0,25,56,21,6,108,0,108
1143402,0,10,48,11,10,79,3,82
1143403,0,14,70,28,8,120,5,125
1143404,3,18,60,12,0,93,0,93
1143405,3,37,80,24,11,155,0,155
1143406,4,17,75,24,7,127,3,130
1143407,0,13,50,17,4,84,0,84
1143408,0,17,82,21,9,129,0,129
1143409,4,25,80,16,13,138,0,138
1143410,3,34,97,32,16,182,3,185
1143411,0,15,69,26,7,117,3,120
1143412,4,31,59,24,7,125,3,128
1143413,3,32,83,25,10,153,0,153
1143414,6,63,84,28,11,192,4,196
1143415,29,70,55,22,5,181,5,186
1143416,0,24,53,15,7,99,0,99
1143417,0,24,47,12,7,90,4,94
1143418,4,29,58,17,11,119,0,119
1143419,6,42,43,11,5,107,0,107
1143420,0,26,48,14,12,100,3,103
1143421,0,29,87,23,12,151,4,155
1143422,0,3,3,3,3,12,0,12
1143423,0,0,0,0,0,0,0,0
1143424,0,18,55,16,4,93,0,93
1143425,0,13,36,14,11,74,0,74
1143426,3,21,32,16,3,75,0,75
1143427,0,39,114,17,6,176,3,179
1143428,3,6,41,13,3,66,3,69
1143429,0,10,48,32,30,120,3,123
1143430,8,28,42,19,4,101,6,107
1143431,4,20,37,22,8,91,0,91
1143432,3,20,32,10,3,68,3,71
1143433,5,40,40,17,6,108,0,108
1143434,3,41,61,25,13,143,3,146
1143435,18,59,72,18,9,176,6,182
1143436,11,70,61,32,13,187,14,201
1143437,3,37,33,13,3,89,4,93
1143438,14,68,68,19,11,180,11,191
1143439,0,37,129,32,10,208,3,211
1143440,4,22,40,10,8,84,4,88
1143441,0,0,0,0,0,0,0,0
1143442,0,10,39,10,3,62,0,62
1143443,0,9,35,18,4,66,0,66
1143444,3,41,47,26,14,131,10,141
1143501,7,44,68,9,7,135,6,141
1143502,0,13,53,19,3,88,0,88
1143503,3,20,66,13,8,110,3,113
1143504,4,39,56,10,6,115,4,119
1143505,0,23,56,22,8,109,0,109
1143506,0,24,80,17,18,139,0,139
1143507,0,17,75,28,17,137,5,142
1143508,3,71,74,17,3,168,4,172
1143509,6,38,76,17,9,146,0,146
1143510,7,26,49,7,11,100,0,100
1143511,0,0,3,0,0,3,0,3
1143512,0,16,46,11,6,79,0,79
1143513,3,23,47,17,4,94,0,94
1143514,3,31,75,22,3,134,4,138
1143515,8,37,45,11,0,101,3,104
1143516,0,27,47,23,17,114,3,117
1143517,3,21,48,19,8,99,3,102
1143518,0,30,89,20,13,152,3,155
1143519,3,30,58,16,8,115,5,120
1143520,3,43,76,24,6,152,3,155
1143521,3,8,67,13,4,95,0,95
1143522,4,32,84,25,10,155,3,158
1143523,0,21,77,17,13,128,3,131
1143524,3,18,50,13,8,92,3,95
1143525,5,39,88,21,8,161,3,164
1143526,3,34,112,32,9,190,0,190
1143527,6,32,69,22,7,136,5,141
1143528,6,40,62,13,4,125,3,128
1143529,3,39,69,27,13,151,3,154
1143530,3,54,65,16,4,142,8,150
1143531,9,53,81,11,5,159,3,162
1143532,0,24,32,10,3,69,0,69
1143533,0,22,41,6,9,78,0,78
1143534,5,47,85,20,12,169,4,173
1143535,3,32,81,32,7,155,3,158
1143536,3,37,54,21,8,123,3,126
1143537,4,24,56,24,14,122,0,122
1143538,4,14,77,19,12,126,6,132
1143539,0,17,51,27,7,102,6,108
1143540,0,30,43,9,6,88,3,91
1143541,0,44,81,25,8,158,0,158
1143542,0,29,70,20,8,127,0,127
1143543,3,5,13,4,4,29,3,32
1143544,3,36,65,8,3,115,3,118
1143545,5,59,61,16,15,156,5,161
1143546,3,49,89,23,8,172,3,175
1143547,0,53,75,22,10,160,0,160
1143548,0,38,52,8,3,101,0,101
1143549,0,11,48,15,8,82,0,82
1143550,0,17,76,26,16,135,4,139
1143551,3,33,67,35,27,165,0,165
1143552,0,23,83,29,20,155,0,155
1143553,5,35,48,9,5,102,7,109
1143554,11,105,240,43,13,412,11,423
1143555,0,7,32,6,5,50,0,50
1143556,3,54,117,29,4,207,0,207
1143557,3,35,41,3,3,85,0,85
1143601,53,66,13,9,0,141,11,152
1143602,0,0,0,0,0,0,0,0
1143603,36,66,36,9,0,147,13,160
1143604,28,62,32,8,5,135,9,144
1143605,63,60,16,7,0,146,9,155
1143606,49,77,30,11,6,173,5,178
1143607,6,35,87,31,9,168,0,168
1143608,9,51,54,22,9,145,0,145
1143609,10,47,67,21,12,157,3,160
1143610,4,34,43,8,6,95,0,95
1143611,9,71,79,19,10,188,3,191
1143612,11,64,58,11,4,148,3,151
1143613,11,56,66,23,7,163,3,166
1143614,3,55,47,15,9,129,3,132
1143615,20,95,73,21,3,212,3,215
1143616,18,86,66,20,6,196,7,203
1143617,22,86,50,14,7,179,12,191
1143618,3,37,45,10,5,100,3,103
1143619,5,60,66,24,11,166,9,175
1143620,48,76,22,5,0,151,15,166
1143621,17,42,11,3,4,77,5,82
1143622,42,67,19,0,3,131,11,142
1143623,0,7,17,14,23,61,0,61
1143624,4,16,48,25,21,114,0,114
1143625,9,35,44,19,10,117,4,121
1143626,3,33,32,8,6,82,0,82
1143627,11,59,69,10,4,153,4,157
1143628,13,36,33,10,7,99,4,103
1143629,0,0,0,0,0,0,0,0
1143630,12,70,60,10,4,156,6,162
1143631,5,37,66,12,6,126,3,129
1143632,11,53,28,4,0,96,3,99
1143633,9,49,53,16,8,135,3,138
1143634,9,68,62,16,0,155,0,155
1143635,5,64,68,24,7,168,3,171
1143636,0,20,57,13,7,97,0,97
1143637,0,25,69,22,6,122,0,122
1143638,32,50,20,0,3,105,0,105
1143639,27,53,29,11,0,120,9,129
1143640,10,84,91,17,9,211,0,211
1143641,15,69,68,24,3,179,3,182
1143642,0,26,27,5,6,64,0,64
1143643,6,65,66,10,3,150,3,153
1143644,4,37,40,16,7,104,0,104
1143645,0,40,49,14,5,108,4,112
1143646,5,51,76,25,11,168,3,171
1143701,8,55,34,3,5,105,3,108
1143702,3,31,22,6,6,68,3,71
1143703,11,61,41,16,11,140,0,140
1143704,77,296,97,21,9,500,18,518
1143705,0,4,0,0,0,4,0,4
1143706,7,32,53,20,11,123,0,123
1143707,0,44,45,12,12,113,0,113
1143708,7,40,26,9,3,85,3,88
1143709,0,0,0,0,0,0,0,0
1143710,12,67,76,18,9,182,4,186
1143711,10,41,21,7,6,85,3,88
1143712,29,64,22,4,4,123,5,128
1143713,18,64,71,25,10,188,9,197
1143714,24,82,67,17,7,197,4,201
1143715,63,77,35,7,0,182,15,197
1143716,40,98,34,11,4,187,7,194
1143717,44,73,32,12,4,165,8,173
1143718,54,66,25,15,0,160,13,173
1143719,5,38,33,10,5,91,3,94
1143720,20,67,58,20,6,171,3,174
1143721,5,43,66,20,12,146,6,152
1143722,0,0,0,0,0,0,0,0
1143723,0,0,0,0,0,0,0,0
1143724,23,110,67,11,5,216,6,222
1143725,31,62,32,3,0,128,9,137
1143726,45,84,55,12,0,196,11,207
1143727,8,39,35,15,3,100,0,100
1143728,47,93,79,23,6,248,13,261
1143729,4,49,52,23,10,138,8,146
1143730,7,44,61,29,19,160,3,163
1143731,3,29,38,32,15,117,4,121
1143732,3,33,53,17,9,115,6,121
1143733,3,29,50,25,10,117,5,122
1143734,14,94,72,6,0,186,3,189
1143735,6,0,0,0,0,6,0,6
1143736,42,126,56,6,4,234,8,242
1143737,4,37,51,13,3,108,6,114
1143738,0,17,48,25,6,96,4,100
1143739,0,24,78,30,6,138,4,142
1143801,0,25,24,16,4,69,0,69
1143802,3,22,34,23,7,89,3,92
1143803,6,20,44,15,15,100,0,100
1143804,3,33,50,23,14,123,6,129
1143805,5,38,55,19,14,131,4,135
1143806,5,32,57,26,12,132,4,136
1143807,3,41,51,19,11,125,3,128
1143808,0,16,35,13,3,67,3,70
1143809,6,52,52,24,14,148,11,159
1143810,6,42,64,13,11,136,4,140
1143811,5,31,61,23,12,132,7,139
1143812,4,41,55,28,9,137,6,143
1143813,7,55,57,14,6,139,4,143
1143814,8,37,57,29,13,144,3,147
1143815,3,38,35,15,9,100,0,100
1143816,6,63,63,30,13,175,5,180
1143817,4,50,55,20,13,142,4,146
1143818,3,37,51,18,13,122,4,126
1143819,9,33,31,12,6,91,3,94
1143820,12,28,48,21,3,112,0,112
1143821,8,21,56,25,6,116,5,121
1143822,0,19,37,8,8,72,0,72
1143823,0,16,26,5,13,60,3,63
1143824,3,33,61,20,3,120,3,123
1143825,7,40,39,26,14,126,5,131
1143826,0,27,49,12,6,94,3,97
1143827,5,56,74,21,7,163,3,166
1143828,3,40,37,19,8,107,4,111
1143829,0,3,5,7,10,25,3,28
1143830,6,44,42,18,7,117,0,117
1143831,5,30,46,16,9,106,0,106
1143832,0,0,0,3,0,3,0,3
1143833,10,39,43,15,5,112,5,117
1143834,11,56,74,30,4,175,6,181
1143835,31,48,11,4,0,94,0,94
1143836,3,30,40,24,19,116,4,120
1143837,0,24,56,33,13,126,6,132
1143838,0,0,0,0,0,0,0,0
1143839,24,39,16,4,4,87,8,95
1143840,29,37,15,5,4,90,5,95
1143841,30,43,19,0,3,95,7,102
1143842,4,60,68,40,9,181,4,185
1143843,0,28,34,10,0,72,7,79
1143844,0,27,44,15,5,91,0,91
1143845,37,35,12,6,0,90,5,95
1143846,3,21,43,13,3,83,3,86
1143847,36,52,11,0,0,99,7,106
1143848,30,47,13,0,0,90,13,103
1143849,20,31,10,5,3,69,6,75
1143850,3,23,28,24,8,86,0,86
1143851,8,44,74,33,21,180,3,183
1143852,20,19,6,5,0,50,5,55
1143853,0,14,31,20,16,81,3,84
1143854,0,0,0,0,0,0,0,0
1143855,0,29,58,24,17,128,4,132
1143856,3,34,56,33,16,142,3,145
1143857,3,32,33,3,3,74,3,77
1143858,0,16,27,12,3,58,0,58
1143901,0,0,0,0,0,0,0,0
1144001,6,30,32,10,5,83,0,83
1144002,54,61,7,4,0,126,9,135
1144003,0,0,6,0,0,6,0,6
1144004,6,34,109,45,14,208,5,213
1144005,0,18,57,25,9,109,3,112
1144006,0,0,0,0,0,0,0,0
1144007,6,34,17,10,5,72,0,72
1144008,6,56,44,22,5,133,5,138
1144009,4,40,64,12,4,124,0,124
1144010,4,39,49,18,7,117,0,117
1144011,12,57,54,21,5,149,5,154
1144012,10,67,39,9,9,134,3,137
1144013,10,70,84,26,4,194,3,197
1144014,7,47,55,31,10,150,3,153
1144015,13,29,17,5,4,68,7,75
1144016,43,115,42,7,3,210,12,222
1144017,24,104,29,7,3,167,5,172
1144018,35,73,25,17,0,150,3,153
1144019,0,20,39,14,5,78,4,82
1144020,32,91,50,14,8,195,11,206
1144021,19,65,41,7,9,141,0,141
1144022,15,61,46,9,3,134,4,138
1144023,16,83,44,11,6,160,5,165
1144024,0,4,0,3,0,7,0,7
1144025,16,69,40,13,10,148,5,153
1144026,10,60,69,25,15,179,6,185
1144027,9,49,31,12,4,105,6,111
1144028,4,46,43,12,10,115,6,121
1144029,6,54,51,17,5,133,3,136
1144030,13,56,39,10,3,121,5,126
1144031,0,18,36,33,24,111,3,114
1144032,9,35,37,23,24,128,3,131
1144033,18,67,41,9,3,138,4,142
1144034,7,49,41,10,4,111,3,114
1144035,3,37,34,20,3,97,4,101
1144036,36,108,68,14,4,230,4,234
1144037,37,81,52,15,9,194,4,198
1144038,13,70,18,9,8,118,3,121
1144039,21,63,36,8,4,132,4,136
1144040,9,50,38,13,5,115,4,119
1144041,0,3,15,10,22,50,0,50
1144042,4,5,17,25,25,76,3,79
1144043,6,31,34,9,3,83,0,83
1144044,11,59,44,14,11,139,4,143
1144101,17,75,67,14,10,183,3,186
1144102,0,32,61,24,3,120,4,124
1144103,3,45,54,17,11,130,0,130
1144104,17,21,49,19,22,128,3,131
1144105,3,13,25,27,10,78,0,78
1144106,3,20,39,18,31,111,0,111
1144107,26,89,62,17,4,198,3,201
1144108,31,88,65,12,9,205,10,215
1144109,3,62,39,10,4,118,5,123
1144110,3,53,42,17,10,125,7,132
1144111,43,102,63,21,0,229,18,247
1144112,10,66,73,21,3,173,0,173
1144113,0,31,49,17,3,100,0,100
1144114,14,103,71,20,4,212,3,215
1144115,10,36,41,17,14,118,4,122
1144116,4,22,48,14,5,93,4,97
1144117,7,41,67,28,8,151,5,156
1144118,3,53,59,18,7,140,3,143
1144119,14,44,48,28,3,137,5,142
1144120,5,49,65,17,12,148,3,151
1144121,77,230,68,15,8,398,12,410
1144122,15,74,50,11,3,153,7,160
1144123,54,68,27,15,3,167,14,181
1144124,5,46,33,11,0,95,0,95
1144125,23,75,48,12,0,158,4,162
1144126,9,41,44,15,3,112,5,117
1144127,10,55,56,22,8,151,4,155
1144128,4,60,88,16,13,181,5,186
1144129,3,62,70,24,20,179,4,183
1144130,0,20,46,16,10,92,6,98
1144131,5,33,55,11,8,112,6,118
1144132,5,43,64,15,13,140,3,143
1144133,8,71,66,17,14,176,6,182
1144134,3,42,39,14,7,105,3,108
1144135,7,45,92,20,11,175,3,178
1144136,4,41,45,23,14,127,3,130
1144201,7,68,45,8,4,132,6,138
1144202,13,138,160,28,5,344,4,348
1144203,0,0,0,0,0,0,0,0
1144204,53,48,7,4,4,116,15,131
1144205,39,63,33,6,6,147,10,157
1144206,10,37,42,11,4,104,5,109
1144207,17,55,26,9,3,110,5,115
1144208,12,7,0,0,0,19,0,19
1144209,5,28,28,11,3,75,0,75
1144210,5,22,42,24,13,106,4,110
1144211,7,37,46,15,12,117,3,120
1144212,17,68,23,7,3,118,4,122
1144213,25,62,43,10,3,143,3,146
1144214,11,40,33,9,4,97,0,97
1144215,5,29,49,8,9,100,3,103
1144216,15,106,42,12,10,185,5,190
1144217,10,62,22,10,3,107,3,110
1144218,3,29,31,18,3,84,0,84
1144219,18,53,33,8,10,122,9,131
1144220,11,61,53,18,6,149,7,156
1144221,7,57,34,11,3,112,4,116
1144222,26,100,41,17,7,191,11,202
1144223,17,72,54,9,7,159,13,172
1144224,19,76,46,19,3,163,8,171
1144225,38,77,29,4,4,152,8,160
1144226,37,54,27,4,5,127,3,130
1144227,5,58,34,13,3,113,0,113
1144228,5,47,59,7,7,125,0,125
1144229,25,58,32,6,3,124,10,134
1144230,25,47,15,3,3,93,11,104
1144231,45,76,23,7,4,155,12,167
1144232,37,71,23,8,0,139,10,149
1144233,0,0,0,0,0,0,0,0
1144234,7,46,51,3,5,112,0,112
1144235,12,70,63,15,4,164,8,172
1144236,29,73,47,6,4,159,11,170
1144237,15,55,31,16,4,121,3,124
1144238,15,63,25,6,3,112,3,115
1144239,3,56,47,11,9,126,7,133
1144240,8,37,27,7,5,84,10,94
1144241,4,31,47,10,16,108,8,116
1144242,3,33,32,4,3,75,3,78
1144243,6,56,48,13,4,127,3,130
1144244,25,72,31,16,4,148,11,159
1144245,10,52,52,18,16,148,3,151
1144246,8,53,46,19,4,130,5,135
1144247,5,46,52,13,0,116,5,121
1144248,13,58,56,18,5,150,5,155
1144249,8,49,43,14,3,117,5,122
1144250,20,113,42,5,0,180,15,195
1144251,0,9,19,15,15,58,7,65
1144252,16,112,48,14,3,193,9,202
1144253,41,60,24,7,0,132,14,146
1144301,5,32,45,12,10,104,0,104
1144302,3,24,38,10,12,87,3,90
1144303,3,22,38,15,7,85,7,92
1144304,6,29,35,13,6,89,0,89
1144305,3,29,43,10,13,98,0,98
1144306,9,64,48,21,16,158,5,163
1144307,3,21,42,27,9,102,4,106
1144308,3,32,40,9,5,89,5,94
1144309,9,49,70,37,12,177,3,180
1144310,3,50,68,22,14,157,3,160
1144311,0,43,56,20,8,127,3,130
1144312,0,0,0,0,0,0,0,0
1144313,0,6,4,0,0,10,0,10
1144314,10,57,41,11,6,125,0,125
1144315,3,28,50,17,20,118,0,118
1144316,3,35,43,6,4,91,7,98
1144317,11,32,49,14,3,109,8,117
1144318,6,66,49,24,14,159,3,162
1144319,3,6,20,9,12,50,0,50
1144320,4,13,0,0,0,17,0,17
1144321,26,50,19,6,0,101,12,113
1144322,0,26,49,16,13,104,0,104
1144323,4,35,49,14,5,107,3,110
1144324,8,35,57,18,7,125,0,125
1144325,3,25,44,9,7,88,0,88
1144326,0,8,0,0,0,8,0,8
1144327,6,50,41,18,6,121,7,128
1144328,4,5,0,0,0,9,3,12
1144329,24,38,24,4,8,98,11,109
1144330,20,78,59,10,5,172,4,176
1144331,18,65,40,9,7,139,6,145
1144332,6,27,40,19,3,95,0,95
1144333,10,37,56,8,11,122,3,125
1144334,4,43,43,28,12,130,0,130
1144335,8,66,54,17,6,151,4,155
1144336,29,76,43,13,3,164,17,181
1144337,32,80,44,13,10,179,7,186
1144338,12,61,33,16,8,130,6,136
1144339,22,67,49,8,5,151,0,151
1144340,23,91,70,19,3,206,8,214
1144341,0,43,61,14,5,123,3,126
1144342,0,0,0,0,0,0,0,0
1144343,15,42,21,5,0,83,5,88
1144344,5,40,66,18,0,129,6,135
1144345,10,22,24,17,4,77,0,77
1144346,7,30,42,18,9,106,6,112
1144347,16,67,39,14,8,144,5,149
1144348,14,47,40,5,5,111,4,115
1144349,3,43,47,5,3,101,4,105
1144350,16,35,13,4,0,68,3,71
1144401,48,41,5,0,0,94,10,104
1144402,12,24,10,5,0,51,8,59
1144403,4,14,33,10,0,61,0,61
1144404,27,58,26,3,0,114,12,126
1144405,17,29,11,8,0,65,5,70
1144406,23,61,40,10,3,137,13,150
1144407,33,84,50,10,4,181,7,188
1144408,5,33,48,18,8,112,0,112
1144409,5,38,31,7,4,85,3,88
1144410,0,27,47,37,13,124,0,124
1144411,0,35,35,17,7,94,4,98
1144412,0,16,50,38,15,119,7,126
1144413,3,17,50,35,17,122,0,122
1144414,0,14,42,22,10,88,0,88
1144415,3,28,62,28,11,132,4,136
1144416,3,13,53,25,21,115,0,115
1144417,0,34,85,39,22,180,3,183
1144418,10,33,34,6,3,86,3,89
1144419,4,15,29,14,4,66,4,70
1144420,6,50,51,19,9,135,3,138
1144421,5,12,40,13,8,78,3,81
1144422,3,18,35,9,11,76,0,76
1144423,13,70,47,26,7,163,9,172
1144424,12,31,18,6,3,70,3,73
1144425,3,42,58,19,14,136,3,139
1144426,5,38,54,18,8,123,0,123
1144427,4,14,29,15,13,75,0,75
1144428,0,17,42,25,19,103,0,103
1144429,3,7,26,18,14,68,0,68
1144430,6,40,43,10,11,110,4,114
1144431,9,20,30,6,3,68,8,76
1144432,11,70,60,13,10,164,7,171
1144433,4,57,48,10,7,126,4,130
1144434,3,45,53,14,15,130,3,133
1144435,3,18,42,15,15,93,0,93
1144436,0,37,40,19,12,108,0,108
1144437,6,47,45,17,8,123,4,127
1144438,12,56,23,4,0,95,3,98
1144439,15,68,47,6,7,143,3,146
1144440,3,31,33,16,6,89,0,89
1144441,10,45,49,16,5,125,5,130
1144442,29,53,26,0,0,108,4,112
1144443,10,26,7,0,0,43,4,47
1144444,20,38,19,5,0,82,7,89
1144445,8,37,30,17,4,96,4,100
1144446,3,23,41,21,7,95,3,98
1144447,3,49,67,22,3,144,8,152
1144448,8,34,37,4,3,86,5,91
1144449,6,48,38,5,8,105,3,108
1144450,5,26,34,17,7,89,4,93
1144451,6,22,21,6,7,62,6,68
1144452,5,54,47,19,5,130,4,134
1144453,7,28,30,8,11,84,7,91
1144454,10,48,43,17,11,129,3,132
1144455,0,9,32,14,11,66,3,69
1144456,0,35,52,17,4,108,3,111
1144501,8,31,24,15,11,89,9,98
1144502,11,91,18,8,0,128,8,136
1144503,5,51,86,40,27,209,10,219
1144504,3,23,46,18,16,106,0,106
1144505,0,18,37,25,25,105,3,108
1144506,5,37,57,48,46,193,4,197
1144507,3,18,29,15,10,75,4,79
1144508,3,10,20,5,11,49,0,49
1144509,0,7,31,15,12,65,0,65
1144510,4,28,53,25,14,124,3,127
1144511,0,32,68,15,9,124,4,128
1144512,17,49,90,27,15,198,7,205
1144513,3,22,40,14,17,96,5,101
1144514,5,23,41,15,10,94,6,100
1144515,0,13,37,21,27,98,3,101
1144601,6,28,67,35,29,165,0,165
1144602,0,14,44,29,24,111,0,111
1144603,3,9,48,31,16,107,5,112
1144604,0,26,73,30,15,144,4,148
1144605,3,22,64,15,12,116,9,125
1144606,6,41,93,32,14,186,6,192
1144607,0,19,37,16,5,77,3,80
1144608,0,17,36,17,15,85,0,85
1144609,8,67,57,17,14,163,3,166
1144610,3,10,30,23,14,80,0,80
1144611,0,5,32,16,10,63,0,63
1144612,0,26,54,28,26,134,3,137
1144613,0,8,37,26,10,81,0,81
1144614,0,30,83,27,20,160,0,160
1144615,6,20,54,35,17,132,6,138
1144616,3,20,24,16,9,72,3,75
1144617,0,26,28,23,25,102,3,105
1144618,0,10,29,13,10,62,3,65
1144619,3,15,56,28,15,117,5,122
1144701,7,20,28,20,16,91,3,94
1144702,3,18,33,11,16,81,0,81
1144703,10,42,23,15,6,96,3,99
1144704,0,22,41,17,9,89,0,89
1144705,9,52,93,18,6,178,3,181
1144706,12,60,25,10,0,107,7,114
1144707,3,53,71,23,17,167,5,172
1144708,3,18,41,19,12,93,3,96
1144709,3,32,55,10,6,106,0,106
1144710,0,16,26,16,4,62,0,62
1144711,0,12,35,14,14,75,4,79
1144712,9,36,33,15,7,100,28,128
1144713,3,23,39,26,32,123,4,127
1144714,4,26,44,30,29,133,3,136
1144715,0,19,57,32,26,134,6,140
1144716,0,4,13,5,3,25,0,25
1144717,0,22,32,10,12,76,4,80
1144718,3,20,37,19,17,96,3,99
1144719,5,24,36,16,14,95,3,98
1144720,4,15,40,35,20,114,0,114
1144721,19,72,36,7,5,139,10,149
1144722,12,36,67,27,12,154,0,154
1144723,4,42,70,29,21,166,0,166
1144724,0,10,48,21,10,89,0,89
1144725,8,41,37,11,8,105,5,110
1144726,4,39,80,27,15,165,3,168
1144727,6,34,38,22,7,107,0,107
1144728,14,44,49,16,10,133,4,137
1144729,20,87,70,5,11,193,6,199
1144730,16,79,95,24,12,226,3,229
1144731,14,51,46,16,11,138,3,141
1144732,0,0,0,0,0,0,0,0
1144733,6,36,49,25,5,121,3,124
1144734,4,37,54,15,7,117,0,117
1144735,3,35,61,16,7,122,3,125
1144736,3,14,36,25,23,101,0,101
1144737,3,51,91,30,23,198,6,204
1144738,25,74,51,18,9,177,10,187
1144739,15,52,51,18,7,143,0,143
1144740,5,46,50,16,6,123,3,126
1144741,21,55,44,14,3,137,3,140
1144742,0,21,48,8,9,86,0,86
1144743,0,11,16,6,7,40,3,43
1144801,4,30,40,18,7,99,4,103
1144802,4,20,56,17,7,104,4,108
1144803,0,5,33,24,13,75,0,75
1144804,4,8,22,26,11,71,3,74
1144805,0,31,65,43,27,166,4,170
1144806,0,13,22,15,17,67,3,70
1144807,0,7,40,17,16,80,7,87
1144808,3,7,30,10,19,69,3,72
1144809,3,16,51,25,27,122,0,122
1144810,0,13,56,30,26,125,3,128
1144811,4,35,63,43,42,187,6,193
1144812,0,12,20,9,12,53,0,53
1144813,3,18,28,28,24,101,3,104
1144814,5,25,57,37,36,160,0,160
1144815,0,14,19,18,14,65,3,68
1144816,0,15,34,18,22,89,0,89
1144817,0,18,37,24,13,92,0,92
1144818,5,21,38,28,24,116,9,125
1144819,0,27,47,30,21,125,8,133
1144820,3,22,48,22,16,111,5,116
1144821,5,24,56,21,5,111,3,114
1144822,8,36,41,22,11,118,21,139
1144823,0,35,64,22,11,132,9,141
1144824,3,28,40,13,14,98,3,101
1144901,13,53,24,7,4,101,5,106
1144902,17,91,37,10,3,158,0,158
1144903,9,35,37,3,3,87,0,87
1144904,20,89,57,4,8,178,10,188
1144905,6,63,53,13,4,139,4,143
1144906,10,66,43,9,3,131,4,135
1144907,16,94,70,19,3,202,4,206
1144908,0,11,16,0,3,30,0,30
1144909,10,69,51,11,7,148,3,151
1144910,15,103,59,13,9,199,5,204
1144911,3,29,30,10,5,77,0,77
1144912,14,93,49,14,5,175,6,181
1144913,37,106,51,7,4,205,3,208
1144914,3,50,35,4,0,92,8,100
1144915,36,85,53,10,4,188,5,193
1145001,7,30,34,4,3,78,0,78
1145002,11,48,13,5,3,80,3,83
1145003,9,35,58,15,4,121,0,121
1145004,5,39,33,12,4,93,3,96
1145005,7,66,70,19,10,172,3,175
1145006,5,23,18,9,5,60,0,60
1145007,18,42,46,7,3,116,4,120
1145008,3,39,50,15,7,114,5,119
1145009,5,50,78,24,7,164,3,167
1145010,14,66,65,21,16,182,0,182
1145011,5,53,41,13,5,117,5,122
1145012,10,63,69,29,12,183,0,183
1145013,4,31,38,9,0,82,3,85
1145014,7,32,37,6,0,82,0,82
1145015,5,48,50,24,3,130,3,133
1145016,28,78,50,12,8,176,3,179
1145017,0,50,65,22,7,144,0,144
1145018,9,38,51,12,10,120,4,124
1145019,11,57,57,23,17,165,3,168
1145020,4,23,49,18,5,99,0,99
1145021,0,0,0,0,0,0,0,0
1145022,5,43,53,21,5,127,4,131
1145023,16,66,83,16,13,194,3,197
1145024,11,52,49,31,11,154,4,158
1145025,8,60,81,23,7,179,3,182
1145026,5,39,36,13,3,96,3,99
1145027,11,88,80,29,10,218,3,221
1145028,0,35,55,12,6,108,0,108
1145029,0,38,88,18,9,153,5,158
1145030,7,59,53,22,11,152,4,156
1145031,3,34,62,28,8,135,0,135
1145032,8,38,32,19,3,100,3,103
1145033,0,33,109,27,21,190,0,190
1145034,6,25,54,29,9,123,5,128
1145035,0,0,0,0,0,0,0,0
1145036,5,39,44,23,8,119,0,119
1145037,11,68,69,19,9,176,3,179
1145038,11,72,62,22,14,181,4,185
1145039,0,0,0,0,0,0,0,0
1145040,4,25,50,14,7,100,3,103
1145041,6,71,101,27,15,220,5,225
1145042,0,20,52,24,17,113,3,116
1145043,0,17,40,20,13,90,0,90
1145044,3,43,66,25,15,152,0,152
1145045,0,33,72,33,6,144,0,144
1145046,3,43,61,17,10,134,3,137
1145047,3,37,57,13,5,115,3,118
1145048,9,47,75,28,10,169,0,169
1145049,3,40,61,18,3,125,3,128
1145050,0,20,27,11,7,65,0,65
1145051,0,19,44,22,5,90,0,90
1145101,0,3,3,0,3,9,0,9
1145201,25,62,29,3,3,122,3,125
1145202,9,80,59,19,9,176,4,180
1145203,10,68,45,12,4,139,0,139
1145204,19,65,35,8,3,130,5,135
1145205,33,105,27,4,5,174,10,184
1145206,32,65,13,7,0,117,4,121
1145207,37,83,47,3,8,178,9,187
1145208,33,74,43,13,3,166,8,174
1145209,15,48,30,8,3,104,6,110
1145210,31,67,32,3,3,136,4,140
1145211,56,77,19,10,0,162,5,167
1145212,61,125,47,11,6,250,9,259
1145213,66,81,16,8,0,171,7,178
1145214,17,45,13,7,3,85,4,89
1145215,3,3,4,0,0,10,0,10
1145216,22,65,38,12,5,142,4,146
1145217,32,71,22,9,4,138,4,142
1145218,3,44,40,22,6,115,5,120
1145219,17,55,33,13,5,123,11,134
1145220,8,53,32,8,3,104,6,110
1145221,12,41,28,10,3,94,0,94
1145222,0,3,3,0,0,6,0,6
1145223,29,93,83,19,4,228,4,232
1145224,17,82,64,9,3,175,3,178
1145225,19,67,29,4,4,123,5,128
1145226,7,50,42,3,0,102,0,102
1145227,19,68,26,7,3,123,5,128
1145228,8,103,79,15,4,209,0,209
1145229,9,57,30,4,4,104,0,104
1145230,19,64,37,7,3,130,5,135
1145231,42,99,22,10,0,173,5,178
1145232,12,96,64,16,10,198,4,202
1145233,6,90,45,12,3,156,5,161
1145234,12,46,26,7,4,95,3,98
1145235,10,45,19,5,3,82,0,82
1145236,45,81,25,4,0,155,5,160
1145237,43,30,12,0,3,88,5,93
1145301,0,0,0,0,0,0,0,0
1145302,9,75,45,10,10,149,4,153
1145303,10,60,48,15,5,138,5,143
1145304,11,58,34,7,4,114,3,117
1145305,15,71,71,22,11,190,4,194
1145306,21,113,77,11,6,228,6,234
1145307,23,116,67,17,11,234,3,237
1145308,6,38,45,7,3,99,5,104
1145309,16,60,55,13,3,147,4,151
1145310,3,59,82,27,10,181,3,184
1145311,6,81,72,26,3,188,5,193
1145312,3,66,75,21,7,172,0,172
1145313,0,40,53,13,6,112,5,117
1145314,9,34,44,12,3,102,4,106
1145315,5,38,28,19,6,96,4,100
1145316,21,83,61,18,12,195,4,199
1145317,0,0,3,0,0,3,0,3
1145318,22,75,57,18,10,182,10,192
1145319,3,36,62,10,9,120,0,120
1145320,9,61,58,14,8,150,3,153
1145321,24,96,81,23,10,234,3,237
1145322,0,30,52,13,4,99,0,99
1145323,17,62,42,3,3,127,4,131
1145324,16,70,60,20,5,171,3,174
1145325,4,30,33,12,7,86,0,86
1145326,5,70,77,18,7,177,8,185
1145327,17,91,76,17,4,205,7,212
1145328,5,57,33,12,3,110,3,113
1145401,5,74,61,17,9,166,4,170
1145402,14,68,66,14,0,162,5,167
1145403,3,35,51,18,4,111,0,111
1145404,5,63,83,22,13,186,3,189
1145405,8,58,80,28,12,186,4,190
1145406,0,28,76,29,10,143,0,143
1145407,0,36,88,26,22,172,3,175
1145408,3,16,38,20,33,110,0,110
1145409,3,41,78,37,20,179,3,182
1145410,3,36,52,18,8,117,0,117
1145411,4,49,78,29,4,164,3,167
1145412,7,58,83,15,12,175,3,178
1145413,7,46,54,11,6,124,0,124
1145414,44,82,31,0,3,160,4,164
1145415,53,86,43,14,3,199,11,210
1145416,6,53,48,17,6,130,5,135
1145417,7,52,55,9,11,134,3,137
1145418,6,51,69,23,10,159,4,163
1145419,5,52,69,14,13,153,3,156
1145420,8,55,50,13,7,133,6,139
1145421,6,65,56,24,15,166,4,170
1145422,13,44,73,31,8,169,3,172
1145423,18,87,68,9,9,191,4,195
1145424,15,58,70,27,11,181,4,185
1145425,16,53,39,7,5,120,3,123
1145426,7,38,72,15,7,139,0,139
1145427,0,51,52,15,6,124,0,124
1145428,6,50,53,17,5,131,0,131
1145429,7,44,45,18,5,119,7,126
1145430,6,53,82,33,10,184,0,184
1145431,0,34,57,20,7,118,0,118
1145432,6,60,69,25,11,171,4,175
1145433,8,36,86,44,21,195,4,199
1145434,41,80,16,3,3,143,11,154
1145435,4,47,77,17,7,152,0,152
1145436,5,50,61,21,4,141,3,144
1145437,3,36,83,38,22,182,3,185
1145438,3,40,41,16,11,111,0,111
1145439,0,31,57,14,3,105,3,108
1145440,7,49,68,22,9,155,5,160
1145441,10,34,49,18,6,117,5,122
1145442,3,46,71,13,5,138,3,141
1145443,6,40,42,8,5,101,5,106
1145444,9,48,52,18,13,140,5,145
1145445,4,52,83,28,4,171,3,174
1145446,14,54,68,17,13,166,6,172
1145447,13,60,93,31,13,210,6,216
1145448,3,35,50,18,3,109,3,112
1145449,8,34,53,5,7,107,0,107
1145450,0,34,75,21,14,144,0,144
1145451,8,46,34,3,4,95,3,98
1145501,11,88,58,13,0,170,7,177
1145502,6,44,25,12,4,91,6,97
1145503,9,76,75,18,6,184,5,189
1145504,9,59,45,8,5,126,0,126
1145505,3,62,49,14,10,138,0,138
1145506,16,126,80,11,9,242,9,251
1145507,8,83,67,22,3,183,0,183
1145508,17,98,70,13,4,202,0,202
1145509,3,50,56,12,8,129,3,132
1145510,3,39,21,10,4,77,0,77
1145511,5,66,46,16,3,136,4,140
1145512,20,58,32,11,4,125,4,129
1145513,27,67,46,7,0,147,5,152
1145514,3,61,52,13,3,132,0,132
1145515,39,79,43,3,0,164,3,167
1145601,0,0,0,0,0,0,0,0
1145701,8,28,46,14,4,100,0,100
1145702,4,32,63,23,23,145,3,148
1145703,5,37,66,18,8,134,4,138
1145704,21,77,47,12,7,164,6,170
1145705,8,48,49,13,4,122,0,122
1145706,5,18,30,15,0,68,6,74
1145707,4,28,44,13,3,92,3,95
1145708,4,35,31,14,9,93,11,104
1145709,8,52,40,8,11,119,3,122
1145710,0,37,52,12,3,104,5,109
1145711,5,50,80,24,9,168,3,171
1145712,15,82,79,20,8,204,9,213
1145713,15,64,72,16,6,173,3,176
1145714,6,34,25,6,5,76,4,80
1145715,12,65,86,23,11,197,3,200
1145716,5,39,58,9,7,118,3,121
1145717,13,68,64,19,8,172,3,175
1145718,26,81,69,18,10,204,7,211
1145719,7,36,32,11,4,90,0,90
1145720,5,39,48,22,10,124,7,131
1145721,3,45,82,32,13,175,3,178
1145722,4,26,38,11,8,87,0,87
1145723,9,39,68,17,5,138,4,142
1145724,6,24,51,26,6,113,3,116
1145725,8,29,47,19,7,110,0,110
1145726,3,12,35,11,7,68,0,68
1145727,3,29,37,14,6,89,3,92
1145728,3,24,30,11,14,82,0,82
1145729,3,24,45,19,10,101,0,101
1145730,4,28,42,18,13,105,0,105
1145731,0,20,37,8,5,70,0,70
1145732,3,48,59,24,5,139,3,142
1145733,3,32,65,22,6,128,0,128
1145734,0,44,50,31,17,142,0,142
1145735,3,10,36,13,4,66,0,66
1145736,0,19,38,19,4,80,0,80
1145737,5,35,69,20,20,149,3,152
1145738,10,51,45,18,4,128,3,131
1145739,9,39,42,8,3,101,7,108
1145740,11,49,64,24,14,162,6,168
1145741,3,28,48,7,5,91,7,98
1145801,3,29,60,28,10,130,0,130
1145802,5,37,49,18,6,115,0,115
1145803,3,23,44,11,5,86,3,89
1145804,3,20,25,21,6,75,0,75
1145805,5,28,34,18,5,90,0,90
1145806,0,32,39,19,17,107,0,107
1145807,7,30,59,23,6,125,4,129
1145808,4,34,72,23,11,144,0,144
1145809,4,14,40,21,27,106,3,109
1145810,0,25,46,21,31,123,4,127
1145811,4,20,28,16,17,85,3,88
1145812,3,19,45,28,27,122,4,126
1145813,9,49,82,28,5,173,5,178
1145814,3,34,85,18,3,143,3,146
1145815,0,16,52,16,6,90,3,93
1145816,23,51,39,9,0,122,7,129
1145817,8,43,34,5,5,95,5,100
1145818,3,24,37,20,5,89,0,89
1145819,0,35,52,20,10,117,7,124
1145820,7,57,70,19,11,164,3,167
1145821,4,26,40,14,9,93,3,96
1145822,5,29,58,38,32,162,0,162
1145823,9,18,26,16,18,87,3,90
1145824,0,13,18,20,21,72,3,75
1145825,0,5,0,0,0,5,0,5
1145826,4,49,61,17,11,142,4,146
1145827,3,17,32,6,3,61,3,64
1145828,3,28,48,21,3,103,0,103
1145829,0,22,71,20,7,120,4,124
1145830,3,40,70,26,7,146,3,149
1145831,3,24,49,23,17,116,3,119
1145832,0,33,39,11,12,95,3,98
1145833,41,46,17,0,0,104,8,112
1145834,4,32,32,9,4,81,3,84
1145835,3,43,43,17,7,113,4,117
1145836,5,18,36,6,0,65,5,70
1145837,5,44,61,30,17,157,6,163
1145838,0,44,80,23,10,157,3,160
1145839,3,16,27,15,12,73,0,73
1145840,0,10,24,24,28,86,3,89
1145841,3,22,50,35,20,130,0,130
1145842,0,39,93,18,10,160,5,165
1145843,41,64,36,9,0,150,11,161
1145844,0,28,42,16,12,98,0,98
1145845,4,22,38,13,10,87,0,87
1145846,6,37,62,13,14,132,8,140
1145847,3,23,26,11,3,66,0,66
1145848,0,0,0,0,0,0,0,0
1145849,0,7,38,26,28,99,6,105
1145901,10,40,57,12,5,124,3,127
1145902,11,54,84,31,9,189,3,192
1145903,8,33,41,22,0,104,0,104
1145904,14,57,68,13,17,169,9,178
1145905,3,48,52,16,5,124,45,169
1145906,10,54,72,25,22,183,5,188
1145907,0,27,66,22,11,126,3,129
1145908,5,29,54,8,5,101,0,101
1145909,13,81,53,8,4,159,3,162
1145910,9,68,69,28,11,185,9,194
1145911,7,20,37,15,4,83,3,86
1145912,15,54,63,12,8,152,8,160
1145913,10,83,87,21,11,212,3,215
1145914,0,18,46,13,7,84,4,88
1145915,3,58,85,28,14,188,5,193
1145916,3,12,35,12,4,66,5,71
1145917,3,20,63,25,19,130,4,134
1145918,3,36,60,24,8,131,3,134
1145919,0,12,29,13,9,63,4,67
1145920,0,37,46,21,3,107,3,110
1145921,0,20,44,18,3,85,0,85
1145922,0,34,76,19,10,139,0,139
1145923,0,25,75,19,4,123,0,123
1145924,3,26,59,12,13,113,3,116
1145925,3,33,67,17,12,132,0,132
1145926,3,31,60,14,10,118,0,118
1145927,4,42,72,19,12,149,4,153
1145928,21,85,89,16,9,220,14,234
1145929,9,62,62,21,9,163,0,163
1145930,3,41,44,17,9,114,4,118
1145931,13,56,59,15,4,147,3,150
1145932,21,58,15,0,0,94,5,99
1145933,4,50,93,25,8,180,3,183
1145934,3,24,59,29,11,126,3,129
1146001,4,15,51,13,12,95,0,95
1146002,0,36,46,23,18,123,0,123
1146003,0,15,35,31,11,92,0,92
1146004,0,40,42,10,0,92,0,92
1146005,4,59,65,17,4,149,3,152
1146006,0,5,28,15,7,55,4,59
1146007,0,12,44,16,9,81,0,81
1146008,4,14,65,30,16,129,0,129
1146009,0,33,63,15,4,115,5,120
1146010,0,50,76,14,4,144,3,147
1146011,3,33,54,13,4,107,0,107
1146012,0,36,84,34,23,177,0,177
1146013,5,36,69,10,7,127,0,127
1146014,4,47,84,23,7,165,3,168
1146015,6,57,97,24,6,190,0,190
1146016,9,79,83,16,0,187,0,187
1146017,0,0,0,0,0,0,0,0
1146018,0,20,82,35,11,148,3,151
1146019,13,50,71,38,20,192,4,196
1146020,3,45,57,18,8,131,5,136
1146021,4,49,83,24,10,170,3,173
1146022,30,47,63,16,12,168,6,174
1146023,3,41,50,18,4,116,3,119
1146024,3,36,68,33,23,163,4,167
1146025,0,5,46,9,10,70,3,73
1146026,0,56,75,8,8,147,5,152
1146027,0,31,92,23,14,160,4,164
1146028,4,40,66,21,10,141,4,145
1146029,0,56,63,10,9,138,0,138
1146030,0,16,39,16,12,83,0,83
1146031,0,27,86,25,11,149,0,149
1146032,3,16,38,8,6,71,0,71
1146033,0,21,49,21,8,99,3,102
1146034,3,25,76,21,10,135,3,138
1146035,0,21,88,29,24,162,5,167
1146036,0,32,73,15,14,134,5,139
1146037,0,29,44,9,4,86,0,86
1146038,3,28,54,13,3,101,0,101
1146039,0,16,56,16,10,98,0,98
1146040,0,11,51,19,10,91,3,94
1146041,0,19,61,18,15,113,3,116
1146042,3,19,68,41,11,142,0,142
1146043,3,61,96,33,18,211,3,214
1146044,0,43,75,22,16,156,6,162
1146045,0,45,80,15,4,144,3,147
1146046,0,19,36,11,9,75,0,75
1146047,4,26,94,36,11,171,3,174
1146048,0,40,72,25,12,149,0,149
1146049,4,18,55,17,8,102,0,102
1146101,6,40,50,13,7,116,3,119
1146102,4,21,46,13,13,97,3,100
1146103,7,56,85,24,4,176,8,184
1146104,7,29,55,8,5,104,0,104
1146105,3,38,50,9,13,113,3,116
1146106,6,59,79,36,15,195,3,198
1146107,0,20,51,12,15,98,0,98
1146108,9,31,40,8,5,93,3,96
1146109,7,50,72,24,5,158,0,158
1146110,8,55,69,22,6,160,0,160
1146111,0,34,43,11,5,93,3,96
1146112,3,52,68,29,12,164,3,167
1146113,12,69,46,10,4,141,6,147
1146114,4,37,47,10,8,106,3,109
1146115,15,44,47,11,10,127,3,130
1146116,3,51,66,32,7,159,0,159
1146117,9,72,85,27,13,206,9,215
1146118,6,52,61,27,5,151,0,151
1146119,10,60,75,27,5,177,3,180
1146120,12,75,99,27,9,222,4,226
1146121,15,63,97,17,11,203,5,208
1146122,0,23,19,9,11,62,0,62
1146123,5,38,51,12,5,111,0,111
1146124,7,31,39,20,6,103,5,108
1146125,7,29,49,12,5,102,3,105
1146126,9,44,60,17,5,135,3,138
1146127,12,73,85,22,9,201,5,206
1146128,4,38,57,16,8,123,0,123
1146129,32,72,45,10,6,165,12,177
1146130,7,50,52,16,4,129,0,129
1146131,3,30,69,17,14,133,0,133
1146132,6,28,48,8,4,94,3,97
1146133,0,0,0,0,0,0,0,0
1146134,32,66,43,9,8,158,7,165
1146135,4,40,29,11,0,84,4,88
1146136,58,172,41,0,3,274,12,286
1146137,20,169,84,5,0,278,7,285
1146138,24,77,52,14,10,177,0,177
1146139,15,65,68,33,23,204,4,208
1146140,24,89,17,5,4,139,9,148
1146141,21,86,84,13,3,207,8,215
1146201,73,133,63,5,4,278,15,293
1146202,30,99,64,6,3,202,5,207
1146203,16,76,41,9,3,145,5,150
1146204,23,64,61,24,4,176,3,179
1146205,5,67,60,26,6,164,6,170
1146206,87,169,40,3,0,299,11,310
1146207,22,122,66,26,0,236,6,242
1146208,47,105,23,4,3,182,5,187
1146209,3,35,32,14,6,90,0,90
1146210,15,31,23,5,3,77,0,77
1146211,0,3,0,3,3,9,0,9
1146212,0,36,14,11,4,65,7,72
1146213,7,42,51,8,9,117,3,120
1146214,28,86,40,15,4,173,11,184
1146215,0,0,0,0,0,0,0,0
1146216,93,202,58,9,3,365,20,385
1146217,10,71,36,15,3,135,5,140
1146218,13,35,31,12,3,94,3,97
1146219,29,107,53,15,5,209,9,218
1146220,3,21,34,20,15,93,4,97
1146221,0,20,37,10,9,76,3,79
1146222,5,38,118,31,10,202,6,208
1146223,33,92,55,7,6,193,11,204
1146224,40,119,84,12,13,268,11,279
1146225,23,96,57,15,3,194,5,199
1146226,3,41,16,7,3,70,0,70
1146227,78,85,16,3,0,182,21,203
1146228,21,65,75,22,6,189,3,192
1146229,7,34,64,32,8,145,3,148
1146230,8,27,34,10,3,82,5,87
1146231,3,46,71,22,3,145,3,148
1146232,0,15,25,11,3,54,0,54
1146233,3,51,64,23,12,153,3,156
1146234,3,46,52,12,6,119,0,119
1146235,3,50,81,18,3,155,3,158
1146236,8,68,89,23,6,194,3,197
1146237,3,35,44,6,11,99,3,102
1146238,8,36,63,18,5,130,0,130
1146239,13,61,75,30,6,185,0,185
1146301,0,17,23,12,4,56,0,56
1146302,3,5,26,17,19,70,0,70
1146303,0,24,65,23,17,129,4,133
1146304,4,23,32,21,21,101,0,101
1146305,0,17,41,24,33,115,4,119
1146306,4,30,34,20,23,111,4,115
1146307,0,36,70,34,13,153,0,153
1146308,3,38,67,34,41,183,6,189
1146309,3,26,41,18,30,118,4,122
1146310,0,11,47,26,22,106,0,106
1146311,0,20,34,15,7,76,4,80
1146312,4,18,37,27,32,118,0,118
1146313,0,14,30,18,17,79,0,79
1146314,3,9,26,18,24,80,3,83
1146315,3,11,39,39,32,124,3,127
1146316,4,14,17,18,9,62,0,62
1146317,0,7,19,12,16,54,3,57
1146318,19,69,33,16,7,144,5,149
1146319,3,10,34,10,20,77,0,77
1146401,24,48,37,8,3,120,7,127
1146402,24,64,27,0,0,115,8,123
1146403,27,66,42,10,6,151,4,155
1146404,79,82,26,8,6,201,11,212
1146405,96,166,35,3,0,300,13,313
1146406,48,60,10,3,0,121,10,131
1146407,8,49,69,18,15,159,4,163
1146408,9,49,85,24,15,182,7,189
1146409,30,80,46,20,6,182,7,189
1146410,28,36,19,7,0,90,9,99
1146411,11,48,51,14,3,127,9,136
1146412,26,66,34,5,0,131,4,135
1146413,34,59,31,0,3,127,7,134
1146414,80,179,62,4,4,329,12,341
1146415,11,64,31,11,0,117,6,123
1146416,22,40,17,4,0,83,0,83
1146417,17,47,3,12,0,79,10,89
1146418,24,59,40,11,0,134,8,142
1146419,42,100,50,12,3,207,3,210
1146420,42,74,24,4,3,147,5,152
1146421,35,69,38,9,5,156,12,168
1146422,0,35,31,3,3,72,6,78
1146423,38,101,22,7,0,168,4,172
1146424,84,68,4,6,0,162,11,173
1146425,47,75,13,0,3,138,13,151
1146426,0,3,3,0,0,6,0,6
1146427,0,0,4,0,0,4,0,4
1146428,0,0,0,0,0,0,0,0
1146429,19,51,37,15,4,126,6,132
1146430,36,73,73,25,4,211,10,221
1146431,10,69,57,23,4,163,5,168
1146432,25,129,61,11,3,229,5,234
1146433,31,108,26,7,0,172,5,177
1146501,4,39,72,33,25,173,0,173
1146502,0,0,0,0,0,0,0,0
1146503,0,0,0,0,0,0,0,0
1146504,0,17,72,35,38,162,0,162
1146505,3,6,44,29,24,106,0,106
1146506,0,20,73,49,39,181,6,187
1146507,0,28,56,30,18,132,3,135
1146508,0,20,41,17,16,94,4,98
1146509,0,8,20,14,13,55,0,55
1146510,10,41,47,13,8,119,8,127
1146511,11,80,53,28,10,182,7,189
1146512,22,44,54,19,8,147,0,147
1146513,0,11,31,22,26,90,0,90
1146514,3,19,45,24,18,109,3,112
1146601,3,80,69,36,9,197,5,202
1146602,0,14,27,14,4,59,4,63
1146603,0,24,49,21,16,110,0,110
1146604,5,58,76,19,3,161,10,171
1146605,12,65,53,16,17,163,3,166
1146606,0,3,0,3,0,6,0,6
1146607,0,12,16,5,3,36,4,40
1146608,0,17,24,13,13,67,9,76
1146609,23,106,62,15,7,213,11,224
1146610,37,80,27,4,3,151,9,160
1146611,10,68,58,16,0,152,3,155
1146612,7,53,67,20,6,153,5,158
1146613,9,61,74,13,4,161,5,166
1146614,18,71,76,17,6,188,9,197
1146615,7,39,74,24,11,155,5,160
1146616,3,57,80,24,19,183,3,186
1146617,15,88,72,23,15,213,3,216
1146618,26,39,13,3,3,84,9,93
1146619,30,133,56,9,4,232,14,246
1146620,36,90,50,24,4,204,11,215
1146621,35,87,34,3,3,162,14,176
1146622,0,27,38,27,26,118,0,118
1146623,28,114,60,16,9,227,6,233
1146624,17,42,20,4,5,88,7,95
1146625,0,25,46,15,21,107,0,107
1146626,3,31,47,19,9,109,0,109
1146627,6,75,94,35,16,226,7,233
1146628,11,89,47,14,5,166,3,169
1146629,21,73,59,25,3,181,5,186
1146630,5,58,43,6,4,116,3,119
1146631,9,36,40,10,6,101,3,104
1146632,4,58,35,14,4,115,0,115
1146633,21,83,69,14,7,194,8,202
1146701,3,0,3,3,0,9,0,9
1146702,3,39,63,27,10,142,4,146
1146703,46,62,21,9,4,142,7,149
1146704,19,45,31,5,0,100,7,107
1146705,0,0,0,0,0,0,0,0
1146706,0,0,0,0,0,0,0,0
1146707,3,47,70,17,14,151,3,154
1146708,0,0,0,0,0,0,0,0
1146709,15,40,31,5,4,95,4,99
1146710,22,67,45,14,10,158,8,166
1146711,4,52,31,9,10,106,7,113
1146712,13,28,49,12,4,106,4,110
1146713,13,41,27,12,11,104,9,113
1146714,15,31,42,14,14,116,0,116
1146715,3,61,75,21,8,168,0,168
1146716,0,52,65,12,5,134,5,139
1146717,11,45,30,5,7,98,0,98
1146718,9,74,76,16,3,178,3,181
1146719,0,15,35,10,4,64,0,64
1146720,3,34,22,13,9,81,0,81
1146721,22,65,56,9,3,155,8,163
1146722,5,42,42,17,8,114,3,117
1146723,4,24,31,11,3,73,3,76
1146724,4,56,54,9,3,126,3,129
1146725,40,85,53,11,4,193,4,197
1146726,17,76,46,13,3,155,7,162
1146727,15,69,41,16,5,146,0,146
1146728,5,20,30,13,7,75,0,75
1146729,11,23,26,9,3,72,3,75
1146730,3,9,53,35,43,143,3,146
1146731,0,13,40,27,34,114,4,118
1146732,0,11,19,18,28,76,0,76
1146733,0,36,47,17,9,109,5,114
1146734,25,57,21,12,4,119,7,126
1146735,0,34,52,26,9,121,3,124
1146736,3,41,54,27,10,135,0,135
1146737,3,20,62,17,16,118,4,122
1146738,6,57,60,26,15,164,11,175
1146739,11,65,59,29,13,177,4,181
1146740,3,57,62,12,3,137,3,140
1146741,7,55,91,22,10,185,3,188
1146742,10,60,53,22,7,152,5,157
1146743,0,33,39,12,3,87,8,95
1146744,3,63,77,24,14,181,4,185
1146745,0,31,60,19,5,115,0,115
1146801,4,32,36,21,37,130,3,133
1146802,4,25,35,38,38,140,4,144
1146803,0,31,47,26,48,152,3,155
1146804,0,20,22,13,9,64,5,69
1146805,0,22,38,27,19,106,3,109
1146806,4,7,11,16,12,50,0,50
1146807,7,21,47,14,20,109,3,112
1146808,0,0,0,0,0,0,0,0
1146809,0,0,0,0,0,0,0,0
1146810,0,16,23,19,12,70,0,70
1146811,0,16,36,22,27,101,3,104
1146812,3,13,15,14,11,56,0,56
1146813,0,21,24,18,19,82,0,82
1146814,3,7,22,22,21,75,4,79
1146815,5,20,36,23,30,114,0,114
1146816,0,23,43,23,30,119,0,119
1146817,0,8,46,11,35,100,5,105
1146818,0,10,55,30,22,117,3,120
1146819,0,22,43,29,30,124,0,124
1146901,4,32,53,28,13,130,7,137
1146902,4,18,63,25,14,124,3,127
1146903,6,23,29,16,6,80,3,83
1146904,3,27,26,13,8,77,0,77
1146905,0,24,31,28,10,93,0,93
1146906,0,27,53,23,24,127,4,131
1146907,0,4,3,0,0,7,0,7
1146908,0,0,0,0,0,0,0,0
1146909,5,18,60,25,28,136,6,142
1146910,4,11,17,11,8,51,0,51
1146911,3,21,66,29,18,137,5,142
1146912,4,9,44,18,11,86,3,89
1146913,0,15,45,26,9,95,0,95
1146914,3,20,27,11,8,69,4,73
1146915,4,25,50,26,15,120,4,124
1146916,4,17,48,28,16,113,4,117
1146917,0,3,18,12,11,44,3,47
1146918,0,23,47,27,18,115,3,118
1146919,3,32,57,22,7,121,0,121
1146920,0,20,64,25,12,121,0,121
1147001,8,33,46,17,8,112,4,116
1147002,3,34,47,19,12,115,3,118
1147003,5,55,73,36,18,187,6,193
1147004,5,29,36,12,16,98,0,98
1147005,11,29,70,37,25,172,3,175
1147006,4,57,90,25,25,201,6,207
1147007,3,62,96,30,21,212,5,217
1147008,11,46,69,23,10,159,0,159
1147009,0,42,63,16,9,130,3,133
1147010,4,47,85,26,15,177,3,180
1147011,9,25,53,29,9,125,5,130
1147012,5,50,58,22,13,148,0,148
1147013,7,49,84,36,16,192,3,195
1147014,0,20,34,11,9,74,3,77
1147015,3,36,51,28,14,132,3,135
1147016,4,41,63,28,9,145,0,145
1147017,6,36,71,35,10,158,4,162
1147018,3,40,36,11,9,99,4,103
1147019,19,63,65,13,9,169,0,169
1147020,5,45,63,32,13,158,0,158
1147021,3,28,58,34,22,145,0,145
1147022,0,29,60,17,12,118,4,122
1147023,0,38,68,32,27,165,5,170
1147024,5,47,72,44,21,189,0,189
1147025,7,44,100,43,20,214,4,218
1147026,0,51,55,24,21,151,3,154
1147027,3,16,43,17,5,84,3,87
1147028,0,24,52,23,9,108,0,108
1147029,3,21,64,25,16,129,5,134
1147030,3,36,62,23,8,132,9,141
1147031,3,26,47,25,8,109,0,109
1147032,4,48,60,26,20,158,3,161
1147033,3,20,58,13,12,106,0,106
1147034,0,37,52,32,9,130,3,133
1147035,4,40,53,13,8,118,4,122
1147036,8,36,62,18,15,139,3,142
1147037,0,28,61,26,8,123,4,127
1147038,5,18,42,16,7,88,8,96
1147039,5,31,43,15,16,110,7,117
1147040,4,37,54,17,13,125,4,129
1147041,3,64,103,35,31,236,6,242
1147042,0,30,40,18,14,102,3,105
1147101,37,66,37,19,7,166,6,172
1147102,9,43,36,10,4,102,3,105
1147103,14,40,29,0,3,86,10,96
1147104,19,45,39,12,7,122,4,126
1147105,17,46,39,18,13,133,3,136
1147106,20,63,38,21,5,147,4,151
1147107,5,56,57,30,8,156,7,163
1147108,17,78,64,14,15,188,10,198
1147109,9,27,38,12,4,90,0,90
1147110,3,40,51,16,11,121,0,121
1147111,7,46,46,23,7,129,3,132
1147112,8,47,47,27,12,141,6,147
1147113,5,65,66,31,6,173,3,176
1147114,17,72,66,23,7,185,10,195
1147115,17,76,66,19,8,186,9,195
1147116,11,53,48,14,0,126,5,131
1147117,11,31,41,10,11,104,0,104
1147118,22,46,39,20,5,132,3,135
1147119,16,78,80,16,4,194,4,198
1147120,6,74,61,29,11,181,3,184
1147121,8,52,84,29,10,183,3,186
1147122,12,113,88,15,3,231,6,237
1147123,42,71,39,10,0,162,7,169
1147124,73,147,43,3,0,266,24,290
1147125,18,116,65,17,13,229,3,232
1147126,3,28,39,10,11,91,10,101
1147127,7,61,37,17,12,134,8,142
1147128,9,66,67,22,8,172,10,182
1147129,43,56,29,5,5,138,19,157
1147130,34,62,29,13,6,144,8,152
1147131,17,43,31,4,8,103,5,108
1147132,14,71,45,16,7,153,7,160
1147133,33,62,41,14,0,150,8,158
1147134,22,65,47,21,5,160,10,170
1147135,45,134,25,4,3,211,17,228
1147136,37,60,19,6,0,122,4,126
1147137,22,65,45,8,3,143,4,147
1147138,29,58,53,12,3,155,10,165
1147139,28,111,76,19,8,242,14,256
1147140,16,68,40,3,3,130,5,135
1147141,27,75,42,16,4,164,11,175
1147142,56,99,78,24,8,265,9,274
1147143,19,75,48,12,7,161,5,166
1147144,0,0,0,0,0,0,0,0
1147145,0,0,0,0,0,0,0,0
1147146,0,0,0,0,0,0,0,0
1147147,22,80,70,24,8,204,3,207
1147148,19,71,47,4,6,147,8,155
1147149,15,76,89,21,7,208,8,216
1147150,14,49,55,17,14,149,6,155
1147151,18,76,41,18,7,160,3,163
1147152,24,50,46,23,7,150,8,158
1147153,7,69,63,22,10,171,5,176
1147154,0,0,0,0,0,0,0,0
1147155,19,99,71,24,10,223,9,232
1147156,21,77,44,18,8,168,4,172
1147157,95,96,39,0,0,230,19,249
1147201,7,32,25,16,5,85,0,85
1147202,11,37,27,11,7,93,4,97
1147203,28,67,29,3,0,127,12,139
1147204,7,26,22,3,3,61,4,65
1147205,81,99,27,7,0,214,13,227
1147206,47,92,27,11,0,177,17,194
1147207,39,58,27,5,0,129,6,135
1147208,19,47,36,7,3,112,3,115
1147209,56,86,32,6,3,183,13,196
1147210,14,52,38,21,5,130,0,130
1147211,12,33,28,8,0,81,6,87
1147212,6,35,24,11,9,85,3,88
1147213,14,41,32,8,3,98,13,111
1147214,32,59,29,5,0,125,8,133
1147215,32,65,28,6,0,131,3,134
1147216,5,53,39,17,11,125,8,133
1147217,6,25,23,20,3,77,6,83
1147218,12,39,47,18,9,125,10,135
1147219,15,28,16,4,0,63,5,68
1147220,16,47,41,13,4,121,4,125
1147221,12,47,42,17,6,124,3,127
1147222,16,29,24,5,0,74,4,78
1147223,44,38,36,22,4,144,21,165
1147224,5,34,21,15,3,78,3,81
1147225,27,51,45,17,7,147,3,150
1147226,12,47,53,22,8,142,3,145
1147227,9,86,118,22,3,238,3,241
1147228,17,54,45,9,7,132,0,132
1147229,6,46,37,10,0,99,4,103
1147230,4,28,26,20,3,81,5,86
1147231,0,0,0,0,0,0,0,0
1147232,0,0,0,0,0,0,0,0
1147233,20,62,49,3,7,141,3,144
1147234,11,39,40,10,3,103,0,103
1147235,0,0,0,0,0,0,0,0
1147236,9,39,46,16,11,121,9,130
1147237,0,0,0,0,0,0,0,0
1147238,11,62,51,9,3,136,7,143
1147239,25,53,34,11,7,130,12,142
1147240,9,55,51,11,0,126,10,136
1147241,35,62,43,8,8,156,14,170
1147242,3,23,24,4,4,58,0,58
1147243,10,63,37,9,8,127,6,133
1147244,7,26,23,14,7,77,0,77
1147245,9,58,48,14,4,133,9,142
1147246,13,33,17,12,0,75,3,78
1147247,10,57,51,16,8,142,6,148
1147248,17,42,31,21,5,116,7,123
1147249,40,58,20,0,0,118,11,129
1147250,70,139,47,5,3,264,14,278
1147251,30,94,25,3,3,155,11,166
1147252,3,0,3,3,0,9,0,9
1147253,43,95,37,5,0,180,13,193
1147254,3,5,4,0,3,15,0,15
1147255,26,61,32,6,3,128,6,134
1147256,25,73,37,7,3,145,3,148
1147257,23,31,31,11,3,99,3,102
1147258,19,62,25,3,0,109,4,113
1147259,18,56,28,5,3,110,0,110
1147260,29,58,20,7,3,117,3,120
1147261,41,103,27,5,3,179,15,194
1147262,57,120,44,3,0,224,12,236
1147263,47,109,33,3,0,192,11,203
1147264,64,107,25,3,4,203,19,222
1147265,91,111,32,6,3,243,11,254
1147266,14,20,6,0,0,40,3,43
1147267,34,43,18,3,3,101,3,104
1147268,42,55,12,5,0,114,4,118
1147269,66,141,49,10,3,269,16,285
1147270,11,48,20,4,6,89,0,89
1147271,0,0,0,0,0,0,0,0
1147272,16,41,23,13,0,93,3,96
1147273,6,40,28,10,3,87,4,91
1147274,27,50,43,11,7,138,6,144
1147275,13,31,27,4,7,82,4,86
1147276,22,66,28,0,0,116,4,120
1147301,4,58,43,7,0,112,0,112
1147302,4,62,72,15,5,158,0,158
1147303,6,31,29,8,0,74,3,77
1147304,6,67,82,10,4,169,0,169
1147305,0,38,31,9,3,81,0,81
1147306,0,0,0,0,0,0,0,0
1147307,0,0,0,0,0,0,0,0
1147308,3,37,91,12,3,146,0,146
1147309,3,43,49,15,0,110,0,110
1147310,17,163,95,12,0,287,3,290
1147311,3,83,87,12,4,189,5,194
1147312,0,0,0,0,0,0,0,0
1147313,3,27,49,8,0,87,3,90
1147314,13,287,186,28,7,521,7,528
1147315,19,268,187,28,8,510,8,518
1147316,5,65,62,9,4,145,0,145
1147317,3,0,0,0,0,3,0,3
1147318,3,54,62,4,0,123,4,127
1147319,0,32,68,6,4,110,0,110
1147320,0,24,52,11,0,87,0,87
1147321,7,37,44,15,9,112,8,120
1147322,10,64,60,16,8,158,4,162
1147323,19,78,80,19,5,201,11,212
1147324,6,98,102,5,0,211,3,214
1147401,45,91,64,3,0,203,9,212
1147402,0,0,0,0,0,0,0,0
1147403,0,0,0,0,0,0,0,0
1147404,0,0,0,0,0,0,0,0
1147405,25,54,22,3,3,107,0,107
1147406,17,42,41,11,4,115,8,123
1147407,17,31,30,5,0,83,5,88
1147408,9,23,16,12,0,60,5,65
1147409,0,3,0,0,0,3,0,3
1147410,10,35,28,4,9,86,5,91
1147411,5,50,43,11,3,112,4,116
1147412,24,43,44,13,9,133,8,141
1147413,18,58,52,19,4,151,11,162
1147414,28,53,50,20,8,159,11,170
1147415,29,47,34,5,6,121,6,127
1147416,9,35,29,8,6,87,3,90
1147417,5,31,28,17,10,91,6,97
1147418,7,32,42,12,4,97,0,97
1147419,11,66,30,8,0,115,0,115
1147420,19,55,41,10,7,132,4,136
1147421,18,63,42,10,3,136,6,142
1147422,27,84,34,3,3,151,11,162
1147423,21,44,35,8,3,111,3,114
1147424,19,42,43,13,3,120,6,126
1147425,18,42,33,4,4,101,3,104
1147426,11,41,32,4,5,93,3,96
1147427,10,35,30,13,3,91,3,94
1147428,12,38,47,9,0,106,3,109
1147429,0,0,0,0,0,0,0,0
1147430,14,48,32,8,3,105,5,110
1147431,14,44,43,16,6,123,6,129
1147432,7,38,33,13,7,98,3,101
1147433,32,60,44,14,3,153,14,167
1147434,62,92,41,3,0,198,9,207
1147435,28,53,62,15,5,163,3,166
1147436,31,42,35,13,10,131,15,146
1147437,27,94,53,12,12,198,10,208
1147438,13,34,24,9,3,83,3,86
1147439,12,37,26,7,0,82,3,85
1147440,0,0,0,0,0,0,0,0
1147441,19,74,50,6,10,159,6,165
1147442,10,55,47,16,5,133,8,141
1147443,12,55,19,3,4,93,4,97
1147444,11,36,30,7,6,90,0,90
1147445,21,170,216,38,14,459,14,473
1147446,23,74,55,16,8,176,4,180
1147447,43,78,28,0,3,152,6,158
1147448,42,148,46,10,0,246,8,254
1147449,17,67,67,21,5,177,3,180
1147450,26,81,36,0,3,146,6,152
1147451,10,26,37,9,8,90,3,93
1147452,7,53,40,8,3,111,4,115
1147453,7,32,13,3,0,55,3,58
1147454,23,51,9,0,0,83,3,86
1147455,41,74,37,3,3,158,4,162
1147456,0,0,0,0,0,0,0,0
1147457,47,116,40,8,3,214,11,225
1147458,73,146,41,5,6,271,6,277
1147459,49,104,34,3,3,193,9,202
1147460,17,50,29,12,0,108,3,111
1147461,15,72,51,22,9,169,15,184
1147462,14,34,33,7,8,96,10,106
1147463,9,34,35,13,3,94,4,98
1147464,6,29,25,5,0,65,0,65
1147465,10,39,29,9,3,90,0,90
1147466,13,65,60,9,3,150,0,150
1147467,3,31,39,9,8,90,4,94
1147468,15,48,37,14,6,120,6,126
1147469,3,36,31,9,10,89,3,92
1147470,17,56,48,11,5,137,9,146
1147471,8,60,25,3,3,99,8,107
1147472,8,41,19,9,0,77,8,85
1147473,10,30,33,12,3,88,4,92
1147474,15,24,29,17,4,89,7,96
1147475,35,72,13,3,3,126,10,136
1147476,10,40,23,16,3,92,0,92
1147501,0,0,3,0,0,3,0,3
1147601,5,21,41,8,0,75,3,78
1147602,4,23,79,13,7,126,0,126
1147603,20,62,58,20,3,163,4,167
1147604,21,73,60,5,3,162,3,165
1147605,21,49,63,14,3,150,6,156
1147606,10,59,55,4,3,131,0,131
1147607,0,23,60,17,5,105,4,109
1147608,0,38,95,33,10,176,0,176
1147609,3,34,73,26,6,142,3,145
1147610,0,33,68,22,12,135,5,140
1147611,0,29,47,23,4,103,4,107
1147612,19,69,66,15,3,172,5,177
1147613,3,29,37,10,3,82,4,86
1147614,17,112,50,6,3,188,3,191
1147615,7,62,85,23,12,189,0,189
1147616,0,26,54,14,0,94,0,94
1147617,7,83,79,11,3,183,3,186
1147618,0,30,57,19,4,110,3,113
1147619,4,44,71,14,14,147,0,147
1147620,0,26,43,18,7,94,0,94
1147621,0,19,57,18,5,99,3,102
1147622,7,39,70,13,5,134,0,134
1147623,14,92,76,17,4,203,9,212
1147624,16,159,87,14,8,284,8,292
1147625,4,61,81,17,3,166,0,166
1147626,6,55,68,22,6,157,0,157
1147627,3,20,35,16,3,77,0,77
1147628,12,46,62,16,8,144,0,144
1147629,7,45,48,14,5,119,0,119
1147630,23,44,57,12,5,141,4,145
1147631,8,47,80,17,13,165,4,169
1147632,0,36,68,19,10,133,0,133
1147633,3,53,95,31,4,186,0,186
1147634,5,30,61,15,3,114,5,119
1147635,0,32,81,38,6,157,4,161
1147636,3,38,48,10,6,105,0,105
1147637,14,58,81,20,9,182,4,186
1147638,0,35,72,17,10,134,0,134
1147639,4,39,68,14,6,131,0,131
1147640,0,28,64,18,3,113,0,113
1147641,3,36,58,19,5,121,3,124
1147642,4,49,104,35,12,204,3,207
1147643,5,35,50,19,5,114,0,114
1147644,3,39,78,12,10,142,0,142
1147645,3,28,63,17,10,121,4,125
1147646,8,66,89,12,4,179,0,179
1147647,5,24,48,21,3,101,0,101
1147648,9,41,44,24,18,136,3,139
1147649,3,37,84,32,12,168,0,168
1147650,3,44,44,22,6,119,3,122
1147651,10,29,37,11,7,94,3,97
1147652,3,60,76,22,7,168,3,171
1147653,3,37,93,30,10,173,0,173
1147654,14,34,35,6,4,93,0,93
1147655,7,31,73,34,11,156,0,156
1147656,70,105,26,4,3,208,15,223
1147701,3,50,65,13,4,135,4,139
1147702,0,0,0,0,0,0,0,0
1147703,4,25,25,7,10,71,0,71
1147704,3,28,45,9,10,95,0,95
1147705,0,0,0,0,0,0,0,0
1147706,33,78,76,13,8,208,6,214
1147707,9,50,45,6,5,115,0,115
1147708,4,36,50,4,0,94,0,94
1147709,16,43,31,7,0,97,3,100
1147710,13,31,30,12,11,97,3,100
1147711,38,53,53,9,8,161,4,165
1147712,3,29,34,11,3,80,0,80
1147713,13,53,52,13,3,134,3,137
1147714,9,26,57,5,9,106,4,110
1147715,21,69,74,15,4,183,7,190
1147716,24,37,31,3,3,98,9,107
1147717,56,79,58,14,4,211,17,228
1147718,23,86,91,24,4,228,5,233
1147719,16,47,56,14,3,136,4,140
1147720,4,50,67,12,13,146,5,151
1147721,0,4,0,0,0,4,0,4
1147722,36,40,41,9,13,139,11,150
1147723,0,0,0,0,0,0,0,0
1147724,17,49,35,10,10,121,3,124
1147725,14,38,64,14,7,137,6,143
1147726,4,37,59,19,14,133,4,137
1147727,15,57,63,20,7,162,0,162
1147728,5,32,45,10,3,95,3,98
1147729,3,56,80,16,9,164,3,167
1147730,0,0,0,0,0,0,0,0
1147731,7,32,30,5,5,79,3,82
1147732,3,35,44,22,5,109,0,109
1147733,30,46,36,6,5,123,3,126
1147734,24,68,61,21,12,186,4,190
1147735,19,37,31,11,3,101,3,104
1147736,15,53,57,12,3,140,3,143
1147737,13,52,76,17,11,169,0,169
1147738,0,36,46,17,0,99,3,102
1147739,0,3,0,0,0,3,0,3
1147740,8,60,85,19,15,187,4,191
1147741,4,33,53,8,0,98,3,101
1147742,21,47,65,20,8,161,8,169
1147743,16,112,33,5,4,170,0,170
1147744,20,47,73,21,10,171,6,177
1147745,15,67,69,19,3,173,0,173
1147746,0,59,60,8,0,127,0,127
1147747,26,43,56,11,4,140,7,147
1147748,56,52,49,12,7,176,12,188
1147749,4,36,52,12,10,114,6,120
1147750,4,56,78,21,13,172,8,180
1147751,5,27,25,18,3,78,8,86
1147752,19,42,40,6,6,113,4,117
1147801,17,146,72,5,0,240,3,243
1147802,3,36,56,15,3,113,4,117
1147803,27,28,40,8,4,107,12,119
1147804,3,26,33,11,4,77,9,86
1147805,17,49,52,14,3,135,4,139
1147806,176,113,24,0,3,316,21,337
1147807,33,37,41,11,0,122,12,134
1147808,21,40,40,7,6,114,5,119
1147809,28,49,45,8,4,134,4,138
1147810,0,60,71,13,7,151,3,154
1147811,0,33,63,12,8,116,0,116
1147812,3,16,28,14,5,66,4,70
1147813,7,40,52,35,10,144,0,144
1147814,0,9,37,26,20,92,0,92
1147815,4,26,54,25,14,123,3,126
1147816,5,60,77,18,18,178,6,184
1147817,20,58,44,5,7,134,3,137
1147818,5,34,47,24,4,114,3,117
1147819,8,60,80,14,18,180,4,184
1147820,23,38,30,0,0,91,7,98
1147821,3,40,40,9,5,97,0,97
1147822,25,36,36,5,3,105,11,116
1147823,13,42,42,19,7,123,3,126
1147824,29,81,77,17,3,207,7,214
1147825,12,67,111,34,13,237,6,243
1147826,12,52,74,15,7,160,4,164
1147827,19,55,34,23,3,134,3,137
1147828,39,66,34,13,3,155,11,166
1147829,7,90,70,16,7,190,3,193
1147830,8,106,68,8,3,193,3,196
1147831,6,60,58,16,7,147,5,152
1147832,6,38,49,11,0,104,0,104
1147833,0,22,40,10,0,72,0,72
1147834,7,52,63,21,4,147,3,150
1147835,0,26,37,13,10,86,0,86
1147836,3,68,80,16,11,178,5,183
1147837,26,55,60,14,3,158,6,164
1147838,25,61,71,16,5,178,6,184
1147901,25,77,34,15,0,151,11,162
1147902,12,70,66,15,9,172,8,180
1147903,19,62,48,24,6,159,3,162
1147904,23,60,43,10,4,140,3,143
1147905,19,38,22,9,3,91,4,95
1147906,13,51,39,12,7,122,0,122
1147907,24,62,66,19,10,181,7,188
1147908,13,56,43,15,8,135,10,145
1147909,0,0,0,3,0,3,0,3
1147910,14,33,35,8,3,93,7,100
1147911,12,46,65,25,9,157,5,162
1147912,28,38,47,19,3,135,5,140
1147913,7,77,71,24,11,190,5,195
1147914,3,50,34,15,5,107,7,114
1147915,21,39,48,9,5,122,7,129
1147916,21,38,38,9,8,114,6,120
1147917,0,0,0,0,0,0,0,0
1147918,24,56,63,13,3,159,7,166
1147919,17,41,51,12,15,136,11,147
1147920,43,61,51,14,7,176,14,190
1147921,20,61,45,20,0,146,0,146
1147922,13,35,22,14,0,84,6,90
1147923,15,60,56,22,9,162,4,166
1147924,26,78,60,25,12,201,11,212
1147925,23,80,56,13,10,182,4,186
1147926,9,63,61,19,5,157,7,164
1147927,13,55,47,17,9,141,4,145
1147928,0,0,0,0,0,0,0,0
1147929,4,20,22,4,0,50,0,50
1147930,20,62,55,19,13,169,7,176
1147931,52,57,29,5,3,146,11,157
1147932,29,45,21,13,6,114,6,120
1147933,10,20,28,6,0,64,3,67
1147934,10,53,47,18,7,135,6,141
1147935,0,0,0,0,0,0,0,0
1147936,0,0,0,0,0,0,0,0
1147937,0,0,0,0,0,0,0,0
1147938,0,0,0,0,0,0,0,0
1147939,17,26,26,11,6,86,9,95
1147940,20,58,55,17,7,157,11,168
1147941,37,59,49,8,0,153,9,162
1147942,17,52,61,25,19,174,3,177
1147943,26,73,48,16,3,166,7,173
1148001,43,95,46,11,5,200,17,217
1148002,30,39,16,7,3,95,6,101
1148003,28,37,33,10,0,108,11,119
1148004,54,65,45,16,8,188,14,202
1148005,13,49,28,9,3,102,6,108
1148006,18,63,48,21,8,158,3,161
1148007,4,36,36,15,11,102,4,106
1148008,7,45,53,20,18,143,0,143
1148009,3,31,25,10,11,80,5,85
1148010,15,34,35,11,7,102,14,116
1148011,4,29,26,14,4,77,5,82
1148012,17,79,30,8,0,134,9,143
1148013,12,63,49,18,17,159,10,169
1148014,9,20,28,5,9,71,4,75
1148015,12,55,56,19,6,148,8,156
1148016,75,80,60,15,14,244,14,258
1148017,41,37,29,3,3,113,4,117
1148018,0,0,0,0,0,0,0,0
1148019,9,42,42,10,0,103,8,111
1148020,25,49,56,23,15,168,3,171
1148021,9,21,9,6,4,49,6,55
1148022,12,35,28,15,5,95,7,102
1148023,24,35,30,8,0,97,9,106
1148024,5,33,70,16,3,127,4,131
1148025,30,68,37,16,5,156,14,170
1148026,33,60,56,18,3,170,14,184
1148027,37,60,28,7,4,136,5,141
1148028,30,63,42,17,3,155,5,160
1148029,15,48,40,7,8,118,4,122
1148030,44,69,30,13,0,156,9,165
1148031,45,102,34,4,5,190,13,203
1148032,38,73,51,16,15,193,3,196
1148101,16,46,41,10,12,125,3,128
1148102,14,24,29,10,0,77,4,81
1148103,42,140,60,10,4,256,4,260
1148104,12,45,55,5,10,127,12,139
1148105,5,27,26,16,9,83,3,86
1148106,12,50,51,17,9,139,0,139
1148107,8,21,30,16,7,82,3,85
1148108,14,46,52,10,9,131,5,136
1148109,34,43,32,9,4,122,3,125
1148110,12,38,44,15,7,116,6,122
1148111,11,43,33,20,3,110,10,120
1148112,17,67,56,24,3,167,6,173
1148113,10,43,63,20,9,145,6,151
1148114,41,61,28,0,5,135,7,142
1148115,22,18,28,14,7,89,0,89
1148116,8,39,23,10,0,80,3,83
1148117,8,40,32,8,8,96,5,101
1148118,6,32,30,6,3,77,0,77
1148119,21,55,44,17,3,140,6,146
1148120,11,27,33,14,6,91,8,99
1148121,11,27,23,6,5,72,4,76
1148122,16,47,49,18,4,134,8,142
1148123,26,51,37,6,6,126,15,141
1148124,33,61,45,14,12,165,7,172
1148125,28,70,52,11,0,161,7,168
1148126,21,50,44,16,5,136,13,149
1148127,31,40,31,5,7,114,6,120
1148128,24,43,29,7,5,108,3,111
1148129,49,71,25,9,5,159,8,167
1148130,46,58,24,0,0,128,10,138
1148131,73,106,33,4,0,216,12,228
1148132,20,70,23,3,4,120,7,127
1148133,0,0,0,0,0,0,0,0
1148134,0,0,0,0,0,0,0,0
1148135,36,44,14,3,0,97,3,100
1148136,21,53,39,9,5,127,3,130
1148137,24,54,37,14,8,137,6,143
1148138,12,61,46,11,3,133,8,141
1148139,9,56,48,21,3,137,0,137
1148140,17,48,45,9,9,128,8,136
1148141,13,48,25,9,3,98,3,101
1148142,10,46,30,6,3,95,4,99
1148143,0,0,0,0,0,0,0,0
1148144,0,0,0,0,0,0,0,0
1148145,22,60,39,10,6,137,3,140
1148146,12,33,27,9,4,85,0,85
1148201,5,76,141,40,3,265,0,265
1148202,0,41,86,28,5,160,4,164
1148203,0,0,9,3,0,12,0,12
1148204,3,69,126,35,7,240,3,243
1148205,4,22,34,14,7,81,4,85
1148206,5,35,53,14,5,112,0,112
1148207,0,0,0,0,0,0,0,0
1148208,0,33,48,22,9,112,3,115
1148209,3,28,67,9,7,114,9,123
1148210,0,37,36,7,9,89,0,89
1148211,12,37,53,17,21,140,0,140
1148212,14,70,78,29,10,201,9,210
1148213,3,32,52,9,10,106,4,110
1148214,13,54,35,19,11,132,5,137
1148215,8,63,89,15,10,185,5,190
1148216,20,56,53,28,7,164,4,168
1148217,4,43,53,9,10,119,0,119
1148218,8,26,34,12,8,88,3,91
1148219,15,74,77,17,11,194,0,194
1148220,14,55,49,14,10,142,6,148
1148221,8,42,75,19,11,155,0,155
1148222,9,27,50,9,9,104,3,107
1148223,9,43,50,9,9,120,4,124
1148224,7,47,86,22,12,174,5,179
1148225,5,39,59,11,12,126,3,129
1148226,3,53,69,26,10,161,3,164
1148227,3,24,32,10,7,76,4,80
1148228,8,57,64,34,0,163,5,168
1148229,14,31,35,17,5,102,3,105
1148230,15,58,69,22,8,172,10,182
1148231,8,35,48,5,11,107,5,112
1148232,3,25,39,14,9,90,3,93
1148233,3,32,32,19,5,91,0,91
1148234,0,30,54,14,0,98,0,98
1148235,3,14,33,7,5,62,0,62
1148236,3,42,82,27,18,172,4,176
1148237,4,38,59,21,10,132,3,135
1148238,0,36,27,9,12,84,3,87
1148239,3,46,51,16,9,125,4,129
1148240,7,39,39,11,4,100,0,100
1148241,7,26,57,14,6,110,6,116
1148242,7,29,43,17,5,101,0,101
1148243,0,25,48,15,9,97,0,97
1148244,3,29,76,21,10,139,3,142
1148245,3,48,69,17,9,146,7,153
1148246,4,42,60,22,3,131,3,134
1148247,8,32,83,26,16,165,5,170
1148248,5,45,65,29,8,152,3,155
1148249,8,50,94,23,7,182,3,185
1148250,7,49,60,19,11,146,0,146
1148251,4,29,44,13,5,95,3,98
1148252,4,45,77,17,6,149,4,153
1148253,6,26,38,8,3,81,0,81
1148254,6,25,40,15,3,89,3,92
1148255,6,43,50,17,3,119,3,122
1148256,7,101,130,22,10,270,3,273
1148257,0,19,22,11,9,61,0,61
1148258,4,37,75,36,6,158,4,162
1148301,9,40,31,16,8,104,3,107
1148302,23,41,37,17,10,128,9,137
1148303,12,25,18,10,3,68,5,73
1148304,21,40,38,12,13,124,5,129
1148305,14,46,57,24,17,158,3,161
1148306,0,0,3,0,0,3,0,3
1148307,10,35,27,8,7,87,5,92
1148308,35,40,27,6,4,112,10,122
1148309,15,25,20,15,0,75,8,83
1148310,29,62,29,7,0,127,7,134
1148311,19,56,39,12,7,133,4,137
1148312,5,33,34,16,10,98,0,98
1148313,4,35,37,14,8,98,3,101
1148314,82,74,43,8,9,216,31,247
1148315,71,117,61,13,3,265,27,292
1148316,11,42,15,3,3,74,4,78
1148317,11,51,48,13,6,129,4,133
1148318,20,36,45,12,4,117,6,123
1148319,21,41,26,3,3,94,9,103
1148320,14,31,30,15,7,97,6,103
1148321,16,40,28,12,13,109,5,114
1148322,36,89,55,13,3,196,3,199
1148323,8,33,37,12,10,100,5,105
1148324,23,54,50,14,11,152,8,160
1148325,18,49,50,15,7,139,6,145
1148326,6,24,22,9,3,64,9,73
1148327,9,22,14,6,5,56,0,56
1148328,8,47,35,7,4,101,3,104
1148329,20,52,44,15,8,139,12,151
1148330,56,74,40,16,3,189,8,197
1148331,23,53,42,15,11,144,5,149
1148332,17,54,59,20,11,161,4,165
1148333,13,43,53,19,14,142,5,147
1148334,0,0,0,0,0,0,0,0
1148335,12,46,41,13,9,121,5,126
1148336,23,33,36,12,7,111,7,118
1148337,12,38,33,15,14,112,3,115
1148338,22,33,26,18,5,104,11,115
1148339,30,52,30,11,8,131,14,145
1148340,28,60,49,16,9,162,5,167
1148341,14,30,26,19,5,94,7,101
1148342,36,40,66,24,15,181,14,195
1148401,22,84,58,16,12,192,11,203
1148402,18,52,56,12,7,145,10,155
1148403,82,151,47,3,3,286,13,299
1148404,10,46,47,16,14,133,3,136
1148405,26,45,53,14,6,144,7,151
1148406,36,119,64,13,3,235,10,245
1148407,12,44,37,11,3,107,5,112
1148408,10,39,60,23,12,144,5,149
1148409,121,83,22,0,3,229,15,244
1148410,16,55,47,13,9,140,8,148
1148411,8,24,33,9,8,82,7,89
1148412,11,38,46,7,3,105,4,109
1148413,14,67,60,21,4,166,0,166
1148414,21,113,48,0,0,182,11,193
1148415,42,93,25,5,0,165,10,175
1148416,8,46,52,9,3,118,6,124
1148417,6,27,26,6,8,73,7,80
1148418,0,0,0,0,0,0,0,0
1148419,25,114,40,0,7,186,8,194
1148420,8,49,73,24,12,166,3,169
1148421,7,53,62,23,4,149,6,155
1148422,5,31,26,7,9,78,3,81
1148423,29,64,46,19,7,165,4,169
1148424,25,43,38,8,4,118,7,125
1148425,9,36,53,12,6,116,3,119
1148426,15,41,32,8,12,108,9,117
1148427,4,55,64,20,16,159,0,159
1148428,4,49,58,16,6,133,3,136
1148429,9,37,61,14,4,125,3,128
1148430,17,61,48,14,10,150,6,156
1148431,12,52,51,9,12,136,3,139
1148432,24,59,49,17,4,153,4,157
1148433,11,39,44,20,8,122,4,126
1148434,15,49,47,9,9,129,6,135
1148435,11,37,63,9,12,132,6,138
1148436,14,44,46,7,3,114,3,117
1148437,6,62,77,26,12,183,7,190
1148438,8,44,42,14,8,116,7,123
1148439,11,51,42,11,4,119,4,123
1148440,45,83,33,6,0,167,9,176
1148441,44,69,31,17,3,164,12,176
1148442,63,136,38,3,3,243,14,257
1148501,13,75,56,12,13,169,0,169
1148502,24,83,66,5,3,181,3,184
1148503,20,83,71,13,11,198,4,202
1148504,15,53,50,20,9,147,11,158
1148505,12,56,48,15,14,145,6,151
1148506,18,36,28,13,5,100,0,100
1148507,7,37,52,13,12,121,8,129
1148508,32,54,32,18,5,141,9,150
1148509,15,43,51,20,11,140,10,150
1148510,31,53,46,12,3,145,8,153
1148511,15,45,65,10,10,145,5,150
1148512,12,78,53,22,3,168,8,176
1148513,9,39,48,21,5,122,5,127
1148514,19,42,56,16,10,143,4,147
1148515,3,31,26,14,5,79,0,79
1148516,30,81,47,17,8,183,3,186
1148517,11,45,47,21,5,129,6,135
1148518,13,46,57,16,4,136,5,141
1148519,18,55,49,22,17,161,0,161
1148520,3,45,51,9,6,114,3,117
1148521,20,67,51,19,15,172,4,176
1148522,5,61,67,23,6,162,6,168
1148523,29,60,25,0,0,114,7,121
1148524,36,85,17,8,0,146,6,152
1148525,5,26,31,14,8,84,0,84
1148526,12,131,95,12,4,254,3,257
1148527,6,19,21,6,7,59,3,62
1148528,25,51,34,10,8,128,5,133
1148529,14,43,45,14,4,120,3,123
1148530,11,44,43,7,8,113,4,117
1148531,24,40,45,12,11,132,10,142
1148532,15,39,53,15,9,131,7,138
1148533,19,61,49,14,11,154,7,161
1148534,6,43,25,13,3,90,3,93
1148535,25,78,45,11,3,162,3,165
1148536,16,48,49,20,11,144,7,151
1148537,38,52,32,9,0,131,7,138
1148538,23,60,61,18,9,171,3,174
1148539,17,45,34,14,9,119,0,119
1148540,13,28,32,14,12,99,5,104
1148541,39,108,21,3,0,171,10,181
1148542,59,137,31,5,0,232,9,241
1148543,46,84,24,3,3,160,11,171
1148544,38,65,26,3,3,135,9,144
1148545,25,66,26,6,3,126,5,131
1148546,28,74,24,3,0,129,9,138
1148547,53,112,37,4,6,212,8,220
1148548,25,53,10,4,0,92,3,95
1148549,49,110,32,0,0,191,7,198
1148550,53,82,27,3,0,165,3,168
1148551,22,51,41,16,10,140,11,151
1148552,12,44,33,9,12,110,4,114
1148553,21,57,53,13,6,150,3,153
1148554,4,28,42,14,7,95,3,98
1148555,11,24,27,13,3,78,3,81
1148556,23,107,29,5,0,164,8,172
1148557,23,66,25,0,0,114,4,118
1148558,28,68,31,0,4,131,5,136
1148601,0,0,3,0,0,3,0,3
1148701,0,3,4,0,0,7,0,7
1148801,9,54,18,3,0,84,4,88
1148802,43,131,23,3,3,203,6,209
1148803,26,92,31,3,3,155,3,158
1148804,33,78,46,9,5,171,10,181
1148805,32,94,44,5,3,178,3,181
1148806,30,32,28,4,0,94,3,97
1148807,12,52,49,8,6,127,8,135
1148808,15,56,42,7,3,123,0,123
1148809,49,79,46,19,3,196,7,203
1148810,20,55,21,10,7,113,7,120
1148811,33,105,52,4,4,198,8,206
1148812,0,0,0,0,0,0,0,0
1148813,21,69,34,8,6,138,5,143
1148814,17,90,26,5,0,138,4,142
1148815,18,82,74,13,3,190,0,190
1148816,10,39,46,17,0,112,0,112
1148817,17,109,71,8,4,209,3,212
1148818,30,76,9,0,0,115,3,118
1148819,9,37,34,10,3,93,6,99
1148820,5,34,38,4,5,86,4,90
1148821,15,41,38,10,3,107,5,112
1148822,23,64,36,10,3,136,0,136
1148823,15,78,50,22,12,177,6,183
1148824,36,82,37,13,8,176,8,184
1148825,31,79,25,0,0,135,0,135
1148826,38,94,21,0,0,153,4,157
1148827,19,67,48,21,6,161,4,165
1148828,14,81,57,12,13,177,5,182
1148829,10,37,26,6,3,82,0,82
1148830,14,64,77,14,13,182,5,187
1148831,7,55,59,18,10,149,5,154
1148832,6,53,67,17,13,156,0,156
1148833,12,75,23,11,0,121,4,125
1148834,47,99,55,12,5,218,7,225
1148835,8,50,23,7,4,92,5,97
1148836,35,97,20,8,3,163,0,163
1148837,22,70,26,4,3,125,6,131
1148838,25,80,34,3,4,146,10,156
1148839,49,144,37,4,4,238,12,250
1148840,6,38,21,0,0,65,6,71
1148841,10,40,46,12,0,108,5,113
1148842,8,28,32,7,4,79,3,82
1148843,5,41,35,9,7,97,0,97
1148844,17,58,49,8,4,136,4,140
1148845,36,115,44,0,3,198,0,198
1148846,3,29,20,11,3,66,0,66
1148847,9,35,56,19,12,131,3,134
1148848,67,107,26,3,0,203,15,218
1148849,19,78,27,3,3,130,3,133
1148850,90,61,13,8,3,175,14,189
1148851,11,49,38,19,3,120,9,129
1148852,9,58,60,13,7,147,8,155
1148853,29,121,49,11,3,213,9,222
1148854,16,23,28,6,3,76,0,76
1148855,15,42,37,11,11,116,4,120
1148856,5,43,34,4,3,89,0,89
1148857,17,47,47,7,3,121,0,121
1148858,14,68,38,9,0,129,3,132
1148859,18,42,27,6,4,97,5,102
1148860,23,73,26,8,5,135,9,144
1148861,18,111,24,3,0,156,3,159
1148862,6,48,14,0,3,71,3,74
1148901,15,87,67,9,3,181,3,184
1148902,26,87,72,13,4,202,3,205
1148903,25,75,39,8,0,147,8,155
1148904,27,134,73,15,7,256,12,268
1148905,26,58,22,3,0,109,3,112
1148906,16,69,37,6,0,128,5,133
1148907,60,63,20,4,3,150,11,161
1148908,8,43,25,12,3,91,3,94
1148909,26,68,17,3,0,114,0,114
1148910,17,85,44,6,0,152,9,161
1148911,14,82,52,7,4,159,6,165
1148912,17,84,17,0,0,118,3,121
1148913,46,113,39,8,0,206,6,212
1148914,0,0,0,0,0,0,0,0
1148915,31,69,58,10,8,176,4,180
1148916,36,57,49,15,5,162,14,176
1148917,50,81,10,3,3,147,3,150
1148918,6,32,41,9,3,91,0,91
1148919,27,137,41,4,0,209,10,219
1148920,39,190,56,3,5,293,8,301
1148921,37,85,35,3,3,163,5,168
1148922,52,137,24,6,0,219,3,222
1148923,14,32,24,4,3,77,4,81
1148924,15,51,27,8,7,108,3,111
1148925,10,59,31,9,5,114,9,123
1148926,42,61,52,12,9,176,8,184
1148927,0,32,25,9,0,66,0,66
1148928,47,111,45,3,3,209,9,218
1148929,25,85,28,6,0,144,3,147
1148930,21,71,20,3,0,115,3,118
1148931,40,88,29,4,4,165,3,168
1148932,33,87,15,0,6,141,0,141
1148933,4,31,35,12,5,87,3,90
1148934,20,60,42,7,3,132,8,140
1148935,4,38,42,11,7,102,3,105
1148936,3,31,31,7,5,77,3,80
1148937,23,53,20,11,9,116,0,116
1148938,29,79,24,0,0,132,0,132
1148939,44,72,15,0,0,131,4,135
1148940,22,91,19,0,0,132,0,132
1148941,46,135,52,4,8,245,8,253
1148942,15,84,32,3,0,134,5,139
1148943,8,43,34,9,4,98,0,98
1148944,16,72,65,14,3,170,7,177
1148945,17,45,30,12,11,115,0,115
1148946,70,159,31,5,0,265,3,268
1148947,18,82,29,3,0,132,0,132
1148948,21,42,19,4,0,86,4,90
1148949,5,25,24,3,3,60,3,63
1148950,15,65,63,9,3,155,4,159
1149001,3,35,95,27,11,171,3,174
1149002,8,52,80,17,0,157,3,160
1149003,3,22,47,20,3,95,3,98
1149004,4,29,60,17,6,116,4,120
1149005,9,23,47,10,7,96,3,99
1149006,4,29,59,21,13,126,0,126
1149007,0,32,99,23,10,164,0,164
1149008,0,27,54,17,6,104,3,107
1149009,0,33,78,24,15,150,3,153
1149010,3,47,55,18,0,123,0,123
1149011,9,40,50,9,7,115,0,115
1149012,0,27,63,12,5,107,3,110
1149013,10,46,66,14,5,141,3,144
1149014,0,23,62,20,10,115,0,115
1149015,4,37,98,17,9,165,0,165
1149016,10,42,71,29,17,169,0,169
1149017,9,61,68,23,7,168,4,172
1149018,5,44,103,25,11,188,5,193
1149101,0,29,50,19,8,106,0,106
1149102,4,39,83,19,11,156,3,159
1149103,4,58,76,20,4,162,3,165
1149104,0,0,0,0,0,0,0,0
1149105,13,75,42,4,0,134,3,137
1149106,50,368,116,8,3,545,4,549
1149107,22,183,57,4,3,269,3,272
1149108,49,162,43,7,3,264,6,270
1149109,45,137,30,0,4,216,11,227
1149110,0,0,0,0,0,0,0,0
1149111,45,109,20,4,0,178,9,187
1149112,33,73,25,6,0,137,6,143
1149113,36,89,19,0,0,144,6,150
1149114,3,55,68,19,11,156,5,161
1149115,46,137,28,5,4,220,0,220
1149116,74,133,21,0,3,231,0,231
1149117,50,107,30,6,0,193,6,199
1149118,31,126,27,3,3,190,3,193
1149119,5,54,77,9,9,154,6,160
1149120,63,81,41,9,5,199,13,212
1149121,5,44,60,15,11,135,0,135
1149122,4,35,46,16,6,107,9,116
1149123,7,66,63,13,3,152,3,155
1149124,8,35,59,14,8,124,0,124
1149125,20,74,47,18,3,162,3,165
1149126,7,47,58,18,3,133,3,136
1149127,0,0,0,0,0,0,0,0
1149128,15,77,53,12,5,162,3,165
1149129,15,78,76,29,8,206,10,216
1149130,16,71,53,12,3,155,3,158
1149131,29,150,103,25,6,313,13,326
1149132,45,264,137,22,14,482,9,491
1149133,23,62,83,9,10,187,3,190
1149134,5,39,45,9,7,105,3,108
1149135,51,86,73,8,6,224,9,233
1149201,42,114,36,0,0,192,5,197
1149202,25,60,28,4,3,120,3,123
1149203,81,119,5,0,0,205,8,213
1149204,140,281,78,8,3,510,15,525
1149205,16,81,16,3,0,116,3,119
1149206,23,32,3,0,0,58,0,58
1149207,56,69,20,3,3,151,3,154
1149208,25,108,48,0,4,185,3,188
1149209,0,0,0,0,0,0,0,0
1149210,0,0,0,0,0,0,0,0
1149211,36,115,59,14,0,224,7,231
1149212,10,66,28,8,4,116,3,119
1149213,13,76,24,7,4,124,41,165
1149214,14,44,30,13,4,105,5,110
1149215,44,83,41,12,0,180,8,188
1149216,12,38,27,6,0,83,0,83
1149217,45,104,33,0,0,182,12,194
1149218,30,67,10,4,3,114,5,119
1149219,48,112,36,4,0,200,14,214
1149220,39,89,23,5,7,163,15,178
1149221,26,90,24,3,0,143,12,155
1149222,28,39,4,3,0,74,3,77
1149223,22,61,28,0,0,111,4,115
1149224,19,55,13,4,0,91,0,91
1149225,30,93,10,3,0,136,6,142
1149226,6,54,15,6,4,85,4,89
1149227,34,79,29,3,8,153,10,163
1149228,70,139,25,0,4,238,7,245
1149229,58,99,18,0,3,178,4,182
1149230,47,85,18,4,0,154,3,157
1149231,58,68,11,0,0,137,3,140
1149232,127,118,11,0,0,256,13,269
1149233,32,90,30,4,0,156,5,161
1149234,50,115,22,3,0,190,9,199
1149235,59,99,23,5,0,186,0,186
1149236,41,92,18,0,0,151,5,156
1149237,49,89,13,5,0,156,4,160
1149238,22,66,30,3,4,125,0,125
1149239,18,36,16,4,0,74,0,74
1149240,15,81,26,5,3,130,3,133
1149241,27,98,35,0,5,165,4,169
1149242,18,127,59,9,8,221,4,225
1149243,24,103,29,0,5,161,4,165
1149244,38,115,29,3,3,188,8,196
1149245,20,27,28,9,4,88,4,92
1149246,37,70,23,3,0,133,3,136
1149247,11,55,52,12,3,133,3,136
1149248,15,55,64,12,10,156,3,159
1149249,42,124,33,3,3,205,4,209
1149250,39,83,19,3,3,147,7,154
1149251,49,96,15,0,0,160,0,160
1149301,4,31,49,21,7,112,5,117
1149302,4,51,59,24,10,148,7,155
1149303,38,69,33,8,8,156,7,163
1149304,24,50,52,8,4,138,11,149
1149305,6,42,59,22,7,136,3,139
1149306,7,59,67,21,10,164,3,167
1149307,11,53,86,17,25,192,4,196
1149308,99,252,13,0,0,364,27,391
1149309,6,45,65,21,8,145,5,150
1149310,8,60,49,6,4,127,3,130
1149311,26,46,25,9,7,113,8,121
1149312,12,86,68,19,7,192,3,195
1149313,19,58,39,23,5,144,11,155
1149314,11,33,40,17,5,106,9,115
1149315,17,81,74,11,13,196,3,199
1149316,7,35,63,14,7,126,0,126
1149317,11,52,58,23,4,148,3,151
1149318,9,73,38,7,0,127,3,130
1149319,0,0,0,0,0,0,0,0
1149320,11,50,83,12,10,166,8,174
1149321,3,49,53,17,10,132,0,132
1149322,11,41,50,10,10,122,4,126
1149323,9,49,59,16,9,142,0,142
1149324,27,70,47,15,11,170,6,176
1149325,9,54,50,16,0,129,3,132
1149326,0,16,64,9,4,93,0,93
1149327,4,28,21,12,5,70,4,74
1149328,4,39,56,6,0,105,0,105
1149329,17,51,46,8,10,132,0,132
1149330,11,50,36,8,0,105,7,112
1149331,25,79,33,7,3,147,5,152
1149332,14,62,44,9,3,132,9,141
1149333,15,56,40,10,4,125,3,128
1149334,13,61,64,16,10,164,8,172
1149335,6,68,82,15,16,187,0,187
1149336,36,74,55,16,7,188,18,206
1149337,8,53,57,16,4,138,10,148
1149338,10,59,63,9,4,145,3,148
1149339,7,76,58,9,14,164,0,164
1149340,22,132,42,12,9,217,3,220
1149341,10,42,78,29,10,169,0,169
1149342,12,83,51,19,12,177,4,181
1149343,11,59,13,9,0,92,0,92
1149344,7,88,85,20,10,210,7,217
1149345,12,132,84,15,8,251,10,261
1149346,12,53,42,14,10,131,5,136
1149347,13,42,63,10,5,133,3,136
1149401,4,34,69,15,12,134,4,138
1149402,0,30,39,15,0,84,0,84
1149403,0,42,63,15,3,123,0,123
1149404,5,44,84,24,0,157,4,161
1149405,5,51,67,13,14,150,4,154
1149406,6,31,34,15,0,86,5,91
1149407,4,42,72,18,5,141,4,145
1149408,5,78,109,15,6,213,4,217
1149409,4,34,83,24,6,151,0,151
1149410,3,32,60,22,10,127,3,130
1149411,5,48,64,19,5,141,3,144
1149412,6,31,49,13,13,112,0,112
1149413,0,28,66,24,4,122,0,122
1149414,4,26,41,12,5,88,0,88
1149415,3,39,52,15,3,112,3,115
1149416,29,34,24,16,5,108,3,111
1149417,3,47,80,16,5,151,3,154
1149418,3,31,75,23,10,142,0,142
1149419,7,32,55,13,0,107,0,107
1149420,7,34,63,19,12,135,3,138
1149421,9,46,81,16,13,165,3,168
1149422,9,23,64,15,0,111,3,114
1149423,5,28,59,15,5,112,0,112
1149424,4,43,62,17,9,135,0,135
1149425,3,54,103,16,7,183,3,186
1149426,0,27,30,18,3,78,0,78
1149501,13,52,49,11,5,130,0,130
1149502,63,102,20,0,3,188,14,202
1149503,53,130,43,9,0,235,0,235
1149504,29,82,35,3,3,152,9,161
1149505,27,106,37,10,0,180,7,187
1149506,31,142,45,7,0,225,0,225
1149507,5,33,46,14,5,103,0,103
1149508,20,105,64,13,7,209,3,212
1149509,6,57,58,15,7,143,0,143
1149510,9,57,93,18,10,187,0,187
1149511,6,83,92,17,9,207,3,210
1149512,0,32,69,17,4,122,0,122
1149513,11,64,74,17,4,170,5,175
1149514,13,53,55,11,5,137,5,142
1149515,38,93,42,21,0,194,9,203
1149516,6,34,49,14,8,111,0,111
1149517,5,51,65,30,0,151,0,151
1149518,25,140,46,5,0,216,3,219
1149519,39,93,25,0,0,157,6,163
1149520,6,42,48,19,3,118,3,121
1149521,3,37,59,12,0,111,0,111
1149522,11,22,47,18,6,104,0,104
1149523,11,60,80,20,6,177,3,180
1149524,7,79,69,15,11,181,4,185
1149525,10,34,47,21,3,115,0,115
1149526,11,71,60,16,7,165,3,168
1149527,6,43,53,12,9,123,0,123
1149528,3,58,81,9,3,154,3,157
1149529,0,45,69,31,3,148,0,148
1149530,45,130,37,0,0,212,3,215
1149531,19,70,54,16,7,166,0,166
1149532,25,82,33,4,3,147,4,151
1149533,11,54,54,12,8,139,3,142
1149534,7,57,65,19,4,152,4,156
1149535,13,55,36,3,0,107,3,110
1149536,7,38,35,6,3,89,6,95
1149537,8,32,46,15,3,104,0,104
1149538,0,35,45,12,5,97,0,97
1149539,10,53,90,22,9,184,0,184
1149540,3,50,55,11,6,125,0,125
1149541,3,49,60,8,0,120,0,120
1149542,16,60,90,24,11,201,5,206
1149543,8,40,43,12,3,106,3,109
1149544,5,37,67,15,4,128,0,128
1149545,0,38,49,11,3,101,3,104
1149546,5,47,80,27,6,165,0,165
1149547,0,19,21,11,4,55,0,55
1149548,5,34,20,7,7,73,0,73
1149549,3,39,33,9,0,84,0,84
1149550,0,36,42,24,11,113,0,113
1149551,6,31,53,15,6,111,0,111
1149552,8,42,52,10,8,120,0,120
1149553,8,50,44,13,0,115,4,119
1149554,4,45,48,29,4,130,0,130
1149555,4,28,39,6,8,85,0,85
1149556,3,28,27,13,3,74,0,74
1149557,23,59,18,0,0,100,3,103
1149558,3,20,25,7,0,55,0,55
1149601,6,58,59,20,0,143,3,146
1149602,8,45,32,10,0,95,0,95
1149603,3,37,46,12,7,105,0,105
1149604,8,47,45,8,6,114,3,117
1149605,10,31,20,5,5,71,4,75
1149606,3,42,45,15,6,111,0,111
1149607,5,37,41,11,7,101,0,101
1149608,11,68,59,16,3,157,4,161
1149609,5,51,42,11,3,112,3,115
1149610,3,40,68,19,3,133,0,133
1149611,0,0,0,0,0,0,0,0
1149612,0,0,0,0,0,0,0,0
1149613,3,30,38,8,3,82,3,85
1149614,3,42,79,19,13,156,0,156
1149615,10,42,73,14,6,145,0,145
1149616,0,31,43,19,7,100,4,104
1149617,22,87,44,18,3,174,3,177
1149618,34,97,88,18,7,244,3,247
1149619,12,41,44,18,8,123,4,127
1149620,14,74,45,10,4,147,6,153
1149621,3,46,67,25,6,147,4,151
1149622,7,46,87,26,13,179,3,182
1149623,7,49,63,21,7,147,0,147
1149624,6,48,65,28,8,155,3,158
1149625,14,73,25,0,0,112,0,112
1149626,21,83,16,3,0,123,3,126
1149627,8,59,83,30,11,191,3,194
1149628,24,74,73,25,5,201,0,201
1149629,0,23,40,19,0,82,5,87
1149630,11,46,59,19,7,142,0,142
1149631,0,41,66,12,19,138,3,141
1149632,4,58,69,13,14,158,0,158
1149633,18,54,63,13,9,157,4,161
1149634,3,49,52,17,7,128,3,131
1149635,6,47,80,23,4,160,0,160
1149636,5,19,46,15,5,90,0,90
1149637,4,36,61,26,8,135,0,135
1149638,0,34,84,17,7,142,0,142
1149639,3,19,45,10,0,77,0,77
1149640,3,27,62,7,9,108,4,112
1149641,3,58,67,16,3,147,0,147
1149642,3,39,68,17,3,130,3,133
1149643,4,36,58,16,10,124,3,127
1149644,4,31,55,14,8,112,8,120
1149645,0,35,46,9,3,93,3,96
1149646,3,47,55,26,13,144,0,144
1149647,6,52,89,32,13,192,4,196
1149648,3,38,67,15,6,129,0,129
1149649,5,28,43,14,3,93,0,93
1149650,0,18,40,22,5,85,0,85
1149701,8,52,69,13,5,147,3,150
1149702,9,48,56,20,7,140,3,143
1149703,14,41,59,12,13,139,0,139
1149704,4,57,78,17,6,162,3,165
1149705,15,64,62,17,9,167,7,174
1149706,69,128,25,0,3,225,4,229
1149707,61,92,22,0,4,179,3,182
1149708,30,66,39,13,5,153,5,158
1149709,4,43,25,5,3,80,3,83
1149710,19,42,46,5,4,116,7,123
1149711,5,67,50,7,3,132,10,142
1149712,9,48,70,16,3,146,0,146
1149713,5,49,66,10,9,139,0,139
1149714,7,28,36,4,5,80,0,80
1149715,8,41,56,14,8,127,0,127
1149716,30,40,49,13,7,139,7,146
1149717,12,98,84,24,8,226,4,230
1149718,11,36,30,8,3,88,4,92
1149719,22,55,52,8,8,145,6,151
1149720,73,104,23,0,0,200,9,209
1149721,69,89,21,0,0,179,3,182
1149722,8,60,57,13,3,141,3,144
1149723,43,46,33,6,0,128,4,132
1149724,13,52,65,16,6,152,4,156
1149725,10,69,68,17,6,170,7,177
1149726,13,78,59,17,5,172,3,175
1149727,26,42,41,3,6,118,8,126
1149728,8,64,61,17,3,153,0,153
1149729,19,81,67,12,9,188,0,188
1149730,7,58,61,8,6,140,3,143
1149731,9,52,58,13,5,137,5,142
1149732,7,41,58,14,3,123,0,123
1149733,4,45,38,18,3,108,3,111
1149734,30,50,46,11,9,146,3,149
1149735,12,51,60,12,6,141,5,146
1149736,10,67,46,9,3,135,5,140
1149737,22,69,67,21,3,182,0,182
1149738,3,49,58,24,3,137,3,140
1149739,9,58,90,13,10,180,3,183
1149740,10,37,59,9,6,121,7,128
1149741,4,35,49,11,5,104,3,107
1149742,7,62,65,10,7,151,4,155
1149743,9,60,62,24,7,162,0,162
1149744,4,44,66,14,0,128,0,128
1149745,4,51,67,13,9,144,4,148
1149746,6,41,31,5,3,86,0,86
1149747,17,33,37,14,0,101,9,110
1149748,9,22,26,9,4,70,3,73
1149749,3,30,26,8,3,70,0,70
1149750,4,52,73,19,10,158,11,169
1149751,43,141,28,3,0,215,3,218
1149752,36,104,24,3,0,167,3,170
1149753,4,31,33,13,10,91,0,91
1149754,8,29,23,8,3,71,0,71
1149801,0,20,39,12,5,76,0,76
1149802,45,175,50,3,4,277,9,286
1149803,10,38,63,25,14,150,0,150
1149804,7,30,48,9,3,97,3,100
1149805,9,41,56,16,10,132,4,136
1149806,5,28,78,19,13,143,3,146
1149807,3,25,58,23,10,119,7,126
1149808,5,10,20,12,4,51,0,51
1149809,3,32,58,18,12,123,0,123
1149810,6,135,142,24,4,311,4,315
1149811,0,10,9,4,3,26,0,26
1149812,103,63,38,10,6,220,13,233
1149813,9,61,66,15,11,162,3,165
1149814,8,27,73,15,5,128,0,128
1149815,5,43,33,6,4,91,0,91
1149816,53,138,39,7,5,242,4,246
1149817,41,108,60,5,0,214,15,229
1149818,18,98,48,7,0,171,3,174
1149819,33,129,46,3,0,211,6,217
1149820,10,47,64,18,11,150,3,153
1149821,7,36,34,9,3,89,0,89
1149822,4,41,44,16,5,110,5,115
1149823,43,33,20,5,7,108,3,111
1149824,22,114,53,7,3,199,6,205
1149825,4,34,51,6,11,106,4,110
1149826,29,145,38,4,0,216,3,219
1149827,10,48,49,4,8,119,0,119
1149828,6,42,47,10,4,109,0,109
1149829,9,55,62,22,3,151,5,156
1149830,7,45,67,15,8,142,7,149
1149831,28,45,62,30,12,177,3,180
1149832,5,22,45,4,4,80,0,80
1149833,21,60,69,20,5,175,6,181
1149834,7,36,53,9,3,108,3,111
1149835,27,85,28,3,0,143,5,148
1149901,16,42,35,18,12,123,4,127
1149902,19,46,58,22,10,155,5,160
1149903,4,40,51,16,15,126,3,129
1149904,12,90,85,19,5,211,4,215
1149905,36,46,42,7,4,135,4,139
1149906,13,34,67,5,7,126,0,126
1149907,7,55,65,23,11,161,0,161
1149908,0,0,0,0,0,0,0,0
1149909,16,43,38,9,3,109,0,109
1149910,15,74,58,5,9,161,5,166
1149911,28,79,78,14,5,204,7,211
1149912,8,51,73,17,0,149,3,152
1149913,5,28,30,9,3,75,3,78
1149914,35,34,25,11,8,113,10,123
1149915,8,64,50,13,10,145,3,148
1149916,6,32,59,23,16,136,0,136
1149917,0,13,29,17,9,68,0,68
1149918,6,22,65,26,9,128,0,128
1149919,4,28,69,37,17,155,9,164
1149920,3,30,55,18,7,113,3,116
1149921,3,35,48,12,3,101,6,107
1149922,5,53,68,10,10,146,4,150
1149923,0,23,36,24,4,87,4,91
1149924,9,61,46,12,7,135,8,143
1150001,3,5,3,0,0,11,0,11
1150002,0,0,0,0,0,0,0,0
1150003,18,52,76,19,7,172,3,175
1150004,60,104,23,4,0,191,0,191
1150005,4,80,34,0,3,121,0,121
1150006,27,151,91,9,4,282,4,286
1150007,39,217,66,5,3,330,8,338
1150008,4,52,24,3,0,83,0,83
1150009,16,184,74,10,4,288,0,288
1150010,16,68,55,23,6,168,0,168
1150011,20,62,98,28,8,216,0,216
1150012,14,69,27,7,4,121,12,133
1150013,18,177,87,7,3,292,3,295
1150014,27,139,27,0,0,193,0,193
1150015,12,139,75,5,3,234,4,238
1150016,8,80,43,7,0,138,0,138
1150017,22,167,68,8,0,265,4,269
1150018,40,162,66,3,0,271,6,277
1150019,18,158,63,3,0,242,0,242
1150020,29,62,9,3,0,103,3,106
1150021,78,48,5,0,0,131,10,141
1150022,22,5,0,0,0,27,3,30
1150023,65,117,28,0,3,213,11,224
1150024,0,0,0,0,0,0,0,0
1150025,9,43,70,13,8,143,0,143
1150026,83,78,24,10,3,198,6,204
1150027,110,151,18,0,0,279,7,286
1150028,97,104,16,0,0,217,3,220
1150029,19,67,24,3,0,113,0,113
1150030,7,39,37,20,4,107,3,110
1150031,12,60,60,11,3,146,0,146
1150032,9,38,44,3,10,104,0,104
1150033,34,144,73,10,0,261,7,268
1150034,7,90,47,8,0,152,0,152
1150035,9,23,18,15,4,69,0,69
1150036,17,54,66,17,11,165,0,165
1150037,15,67,50,9,0,141,0,141
1150038,44,43,14,0,3,104,10,114
1150039,17,63,32,9,5,126,5,131
1150040,21,74,26,12,3,136,5,141
1150041,40,45,29,11,9,134,19,153
1150042,40,45,13,4,4,106,6,112
1150043,14,49,52,14,0,129,4,133
1150101,13,58,51,22,8,152,3,155
1150102,13,60,72,14,6,165,4,169
1150103,4,43,39,4,4,94,3,97
1150104,37,59,56,17,6,175,13,188
1150105,14,52,77,20,16,179,6,185
1150106,7,52,48,11,6,124,6,130
1150107,10,55,77,27,11,180,3,183
1150108,8,33,42,12,4,99,4,103
1150109,22,65,53,17,3,160,3,163
1150110,54,70,48,12,9,193,6,199
1150111,13,60,48,24,5,150,0,150
1150112,0,11,39,5,3,58,0,58
1150113,26,57,44,15,9,151,6,157
1150114,0,0,0,0,0,0,0,0
1150115,12,63,77,22,10,184,11,195
1150116,14,56,58,17,8,153,3,156
1150117,14,45,38,12,3,112,5,117
1150118,8,36,45,16,0,105,3,108
1150119,0,0,0,0,0,0,0,0
1150120,7,39,30,8,3,87,0,87
1150121,3,36,60,12,3,114,3,117
1150122,6,51,61,9,8,135,3,138
1150123,10,60,72,19,10,171,9,180
1150124,4,33,63,22,10,132,3,135
1150125,0,0,0,0,0,0,0,0
1150126,0,34,37,13,0,84,0,84
1150127,0,5,0,0,0,5,0,5
1150128,6,51,75,16,11,159,4,163
1150129,0,32,49,17,5,103,0,103
1150130,8,38,48,15,7,116,3,119
1150131,17,52,52,9,13,143,3,146
1150132,32,63,54,21,8,178,8,186
1150201,15,85,58,14,0,172,0,172
1150202,59,45,26,4,3,137,14,151
1150203,17,68,89,19,3,196,5,201
1150204,17,59,74,11,12,173,8,181
1150205,13,81,42,11,5,152,4,156
1150206,6,36,46,16,7,111,6,117
1150207,4,42,60,21,13,140,3,143
1150208,10,50,32,17,3,112,6,118
1150209,17,37,39,12,5,110,8,118
1150210,11,52,38,6,5,112,3,115
1150211,54,156,32,6,6,254,4,258
1150212,15,57,60,18,5,155,3,158
1150213,51,116,23,4,5,199,8,207
1150214,45,133,44,0,3,225,8,233
1150215,21,100,74,15,6,216,0,216
1150216,6,26,43,8,3,86,3,89
1150217,11,32,40,13,5,101,3,104
1150218,8,42,50,14,3,117,3,120
1150219,5,32,50,11,0,98,3,101
1150220,3,63,62,16,9,153,5,158
1150221,23,46,50,6,3,128,3,131
1150222,3,49,49,13,5,119,3,122
1150223,13,33,54,15,3,118,3,121
1150224,25,70,3,0,3,101,10,111
1150225,4,34,45,15,0,98,3,101
1150226,25,132,36,6,0,199,7,206
1150227,11,49,75,24,18,177,8,185
1150228,3,54,50,21,14,142,8,150
1150229,9,31,47,15,8,110,0,110
1150230,10,35,77,16,9,147,0,147
1150231,6,45,60,27,4,142,3,145
1150232,11,44,68,22,9,154,0,154
1150233,5,19,40,10,5,79,3,82
1150234,17,81,75,18,11,202,3,205
1150235,10,42,45,14,7,118,4,122
1150236,31,92,45,7,3,178,0,178
1150237,4,37,62,28,20,151,0,151
1150238,9,40,97,32,11,189,0,189
1150239,8,51,94,20,17,190,3,193
1150240,8,41,68,18,16,151,0,151
1150241,41,56,62,16,13,188,5,193
1150242,36,53,50,15,11,165,4,169
1150243,36,118,31,0,3,188,6,194
1150244,3,44,73,17,4,141,0,141
1150245,14,66,92,25,12,209,7,216
1150246,15,75,69,24,8,191,0,191
1150247,27,63,73,22,18,203,10,213
1150248,59,136,44,3,0,242,6,248
1150249,28,129,26,3,0,186,5,191
1150250,46,91,46,4,7,194,3,197
1150251,7,36,55,18,3,119,5,124
1150252,8,74,78,26,17,203,4,207
1150253,40,264,160,35,7,506,7,513
1150254,8,57,59,11,8,143,0,143
1150255,12,45,48,7,3,115,3,118
1150256,9,36,70,18,13,146,5,151
1150257,21,67,69,16,9,182,4,186
1150301,0,14,19,3,3,39,0,39
1150302,46,98,19,0,0,163,0,163
1150303,19,54,53,18,3,147,4,151
1150304,11,63,51,11,6,142,3,145
1150305,5,45,47,13,5,115,0,115
1150306,42,108,41,6,3,200,8,208
1150307,61,152,37,13,6,269,7,276
1150308,12,50,52,18,8,140,4,144
1150309,16,57,73,28,3,177,5,182
1150310,54,136,35,3,4,232,5,237
1150311,14,71,54,13,4,156,3,159
1150312,19,57,49,19,9,153,0,153
1150313,10,31,21,11,11,84,0,84
1150314,92,193,29,5,0,319,12,331
1150315,39,147,45,8,0,239,3,242
1150316,8,31,34,18,3,94,0,94
1150317,7,31,17,8,0,63,6,69
1150318,20,73,20,4,4,121,7,128
1150319,66,183,48,0,0,297,7,304
1150320,10,41,66,23,10,150,7,157
1150321,3,21,18,3,3,48,0,48
1150322,4,51,57,3,3,118,4,122
1150323,19,62,54,14,10,159,0,159
1150324,50,160,39,7,0,256,8,264
1150325,5,36,21,5,4,71,0,71
1150326,60,140,24,5,4,233,3,236
1150327,10,71,66,11,3,161,3,164
1150328,23,102,44,12,3,184,6,190
1150329,0,0,0,0,0,0,0,0
1150330,52,125,39,0,3,219,3,222
1150331,20,74,27,3,0,124,0,124
1150332,65,367,136,18,0,586,11,597
1150333,15,51,78,14,3,161,3,164
1150334,47,157,24,3,3,234,0,234
1150335,9,68,68,23,11,179,3,182
1150336,7,68,61,16,16,168,0,168
1150337,48,89,70,12,4,223,4,227
1150338,3,54,52,13,9,131,0,131
1150401,26,66,51,15,7,165,16,181
1150402,9,28,31,11,6,85,4,89
1150403,21,42,39,15,10,127,6,133
1150404,7,40,19,9,9,84,7,91
1150405,10,25,21,6,3,65,3,68
1150406,28,76,51,15,12,182,5,187
1150407,14,37,29,6,9,95,3,98
1150408,15,39,41,9,5,109,7,116
1150409,18,43,24,8,7,100,6,106
1150410,27,38,27,5,0,97,8,105
1150411,23,57,26,19,5,130,6,136
1150412,31,55,27,13,3,129,8,137
1150413,44,53,38,7,4,146,10,156
1150414,30,45,24,9,0,108,9,117
1150415,31,47,30,10,3,121,8,129
1150416,98,42,0,0,5,145,17,162
1150417,15,46,37,6,12,116,10,126
1150418,26,51,38,15,9,139,7,146
1150419,21,40,33,15,7,116,7,123
1150420,23,38,31,16,7,115,11,126
1150421,77,42,14,7,4,144,11,155
1150422,39,79,34,14,5,171,10,181
1150423,37,61,32,8,7,145,12,157
1150424,56,72,53,21,5,207,18,225
1150425,33,62,32,10,3,140,9,149
1150426,8,42,31,10,3,94,6,100
1150427,14,33,27,9,4,87,4,91
1150428,36,55,45,15,3,154,12,166
1150429,28,64,43,16,4,155,4,159
1150430,19,27,29,18,8,101,0,101
1150431,0,0,0,0,0,0,0,0
1150432,11,23,20,7,0,61,7,68
1150433,16,34,28,14,0,92,5,97
1150434,19,46,32,10,0,107,10,117
1150435,9,28,24,3,0,64,4,68
1150436,14,30,21,4,4,73,6,79
1150437,17,29,21,7,5,79,7,86
1150438,27,71,61,15,7,181,15,196
1150439,22,54,43,22,12,153,5,158
1150440,14,46,17,11,3,91,5,96
1150441,17,60,45,18,7,147,0,147
1150501,4,27,54,23,21,129,4,133
1150502,3,27,34,21,17,102,3,105
1150503,0,15,20,5,15,55,10,65
1150504,9,38,58,44,26,175,13,188
1150505,4,34,57,33,29,157,10,167
1150506,3,11,29,18,18,79,3,82
1150507,4,6,26,10,13,59,3,62
1150508,0,18,36,13,14,81,7,88
1150509,3,25,47,37,33,145,12,157
1150510,0,39,39,30,23,131,4,135
1150511,5,24,36,26,48,139,7,146
1150512,3,14,34,21,23,95,3,98
1150513,7,22,35,25,18,107,6,113
1150514,3,10,32,23,20,88,0,88
1150515,5,32,44,18,18,117,3,120
1150516,3,22,61,22,31,139,4,143
1150517,3,11,38,10,19,81,3,84
1150518,0,35,41,25,40,141,3,144
1150519,3,12,62,39,44,160,9,169
1150520,10,79,129,24,8,250,3,253
1150521,3,23,35,15,24,100,0,100
1150522,3,26,22,13,17,81,4,85
1150601,7,8,43,24,22,104,0,104
1150602,0,13,21,16,9,59,3,62
1150603,3,28,44,30,21,126,0,126
1150604,7,25,38,35,27,132,8,140
1150605,3,38,93,40,33,207,4,211
1150606,3,17,28,20,20,88,4,92
1150607,23,72,20,6,4,125,3,128
1150608,5,14,21,4,4,48,0,48
1150609,8,23,38,19,20,108,8,116
1150610,6,14,32,16,23,91,5,96
1150611,0,10,32,21,23,86,0,86
1150612,0,11,26,23,28,88,3,91
1150613,3,13,39,12,13,80,10,90
1150614,3,14,25,21,20,83,4,87
1150615,4,25,22,16,14,81,4,85
1150616,3,13,22,29,15,82,3,85
1150617,4,23,33,17,18,95,3,98
1150618,3,29,44,32,31,139,7,146
1150701,14,54,64,23,8,163,8,171
1150702,3,22,33,14,5,77,3,80
1150703,4,24,46,28,13,115,4,119
1150704,8,35,57,13,9,122,4,126
1150705,3,18,21,8,0,50,0,50
1150706,4,11,22,15,4,56,5,61
1150707,0,0,0,0,0,0,0,0
1150708,4,22,39,23,16,104,0,104
1150709,3,34,25,24,4,90,0,90
1150710,11,48,63,23,12,157,6,163
1150711,3,9,32,13,3,60,0,60
1150712,4,18,41,13,3,79,5,84
1150713,10,27,64,23,11,135,8,143
1150714,3,41,66,22,4,136,3,139
1150715,0,19,63,29,9,120,0,120
1150716,3,17,70,23,22,135,5,140
1150717,3,23,39,22,18,105,0,105
1150718,3,30,69,33,11,146,7,153
1150719,9,62,50,15,6,142,4,146
1150720,5,39,37,12,5,98,5,103
1150721,3,18,72,35,16,144,5,149
1150722,3,22,38,20,7,90,0,90
1150723,3,33,51,13,12,112,0,112
1150724,4,28,68,15,24,139,3,142
1150725,0,29,47,30,22,128,3,131
1150726,0,30,48,7,5,90,0,90
1150727,5,39,68,18,13,143,7,150
1150728,4,27,48,23,4,106,3,109
1150729,3,18,62,46,27,156,0,156
1150730,0,8,10,6,5,29,0,29
1150731,4,19,31,10,10,74,3,77
1150732,4,17,31,10,7,69,5,74
1150733,4,13,23,18,8,66,3,69
1150734,3,34,42,7,3,89,0,89
1150735,0,18,53,20,15,106,6,112
1150736,5,23,50,32,7,117,3,120
1150737,0,16,25,20,11,72,3,75
1150738,0,24,22,11,7,64,3,67
1150739,0,44,49,22,18,133,8,141
1150740,4,19,64,19,8,114,6,120
1150741,0,19,46,35,17,117,4,121
1150742,0,17,45,22,11,95,0,95
1150743,6,13,41,13,8,81,0,81
1150744,5,6,26,20,5,62,0,62
1150745,28,52,61,14,7,162,16,178
1150746,5,20,30,14,5,74,0,74
1150747,5,46,51,14,16,132,4,136
1150748,0,45,70,26,15,156,4,160
1150749,5,12,39,23,13,92,4,96
1150750,4,43,53,24,14,138,4,142
1150751,7,34,30,17,6,94,3,97
1150752,5,36,69,18,10,138,3,141
1150753,3,40,65,22,7,137,3,140
1150754,5,16,34,30,14,99,5,104
1150755,3,16,48,19,16,102,3,105
1150756,0,8,43,18,5,74,0,74
1150757,0,11,28,21,12,72,3,75
1150758,3,23,59,34,10,129,0,129
1150759,0,33,52,27,14,126,4,130
1150760,4,18,22,17,5,66,9,75
1150761,10,52,51,24,6,143,3,146
1150762,3,16,35,16,7,77,4,81
1150763,3,14,34,29,5,85,6,91
1150764,4,27,46,20,4,101,4,105
1150765,11,27,74,36,16,164,4,168
1150766,3,12,40,19,7,81,0,81
1150767,0,20,48,26,13,107,0,107
1150768,0,16,33,18,7,74,3,77
1150769,4,18,30,18,10,80,3,83
1150770,7,46,71,33,15,172,6,178
1150771,3,26,30,18,10,87,3,90
1150801,4,19,59,23,7,112,0,112
1150802,6,70,123,40,9,248,0,248
1150803,3,40,109,37,11,200,4,204
1150804,3,10,39,14,5,71,0,71
1150805,3,9,66,28,18,124,3,127
1150806,12,48,60,17,8,145,3,148
1150807,3,45,77,15,11,151,5,156
1150808,3,35,65,23,8,134,3,137
1150809,3,45,68,17,8,141,4,145
1150810,7,18,60,22,14,121,0,121
1150811,0,28,81,21,13,143,5,148
1150812,0,40,89,39,13,181,3,184
1150813,3,32,88,25,11,159,4,163
1150814,3,22,66,25,12,128,3,131
1150815,0,11,32,14,11,68,0,68
1150816,0,13,49,15,10,87,0,87
1150817,0,17,42,15,15,89,8,97
1150818,0,25,52,12,7,96,4,100
1150819,3,51,68,26,10,158,4,162
1150820,3,33,59,22,16,133,3,136
1150821,0,21,62,30,3,116,3,119
1150822,5,20,34,11,11,81,3,84
1150823,3,29,57,14,8,111,0,111
1150824,7,39,48,19,3,116,7,123
1150825,4,18,39,13,7,81,4,85
1150826,3,38,70,14,8,133,3,136
1150827,3,21,52,23,9,108,4,112
1150828,5,36,76,33,11,161,0,161
1150829,3,13,61,24,11,112,3,115
1150830,4,11,51,19,15,100,0,100
1150831,0,19,49,22,11,101,5,106
1150832,3,35,168,48,12,266,7,273
1150833,3,25,75,23,3,129,0,129
1150834,10,45,64,12,4,135,3,138
1150835,0,17,40,18,7,82,4,86
1150836,5,24,76,18,13,136,0,136
1150837,0,14,49,20,6,89,0,89
1150838,4,25,54,17,4,104,0,104
1150839,3,29,76,11,6,125,3,128
1150901,3,12,22,13,3,53,3,56
1150902,8,33,66,31,17,155,4,159
1150903,4,25,48,20,12,109,7,116
1150904,0,25,52,18,12,107,3,110
1150905,0,34,50,22,9,115,6,121
1150906,9,14,50,30,20,123,4,127
1150907,9,40,48,23,16,136,3,139
1150908,9,40,46,27,9,131,4,135
1150909,7,38,82,39,13,179,7,186
1150910,11,53,46,17,14,141,4,145
1150911,8,47,43,17,12,127,7,134
1150912,7,33,45,17,11,113,4,117
1150913,3,36,66,23,9,137,3,140
1150914,6,28,54,7,10,105,3,108
1150915,8,41,60,30,19,158,6,164
1150916,6,23,34,10,4,77,3,80
1150917,20,27,32,14,8,101,3,104
1150918,5,22,37,17,15,96,0,96
1150919,4,22,56,32,21,135,3,138
1150920,7,25,63,39,15,149,0,149
1150921,3,24,39,14,6,86,3,89
1150922,3,20,38,28,13,102,0,102
1150923,4,17,39,19,9,88,0,88
1150924,3,10,41,19,14,87,0,87
1150925,4,36,59,19,11,129,0,129
1150926,0,10,29,13,10,62,0,62
1150927,0,27,36,6,12,81,3,84
1150928,0,0,0,0,0,0,0,0
1150929,12,39,63,14,4,132,5,137
1150930,14,24,32,13,10,93,4,97
1150931,24,41,15,9,0,89,10,99
1150932,13,48,28,11,5,105,4,109
1150933,14,54,44,11,0,123,6,129
1150934,8,26,18,3,0,55,11,66
1150935,45,63,31,6,7,152,12,164
1150936,30,75,33,14,3,155,29,184
1151001,7,45,44,21,9,126,7,133
1151002,6,28,32,11,11,88,3,91
1151003,6,30,27,10,8,81,7,88
1151004,13,49,51,12,14,139,8,147
1151005,8,35,53,36,18,150,0,150
1151006,3,33,69,25,23,153,0,153
1151007,12,44,49,25,6,136,4,140
1151008,8,33,45,8,9,103,3,106
1151009,3,24,45,29,14,115,0,115
1151010,3,23,20,17,8,71,3,74
1151011,3,24,36,14,14,91,3,94
1151012,5,28,35,13,9,90,0,90
1151013,10,20,35,20,8,93,0,93
1151014,3,22,49,30,19,123,3,126
1151015,0,24,25,19,15,83,0,83
1151016,8,34,45,12,9,108,4,112
1151017,5,32,52,17,13,119,5,124
1151018,8,27,52,26,16,129,3,132
1151019,5,43,61,23,13,145,9,154
1151020,0,17,27,13,5,62,4,66
1151021,8,28,45,16,11,108,3,111
1151022,4,24,28,22,12,90,4,94
1151023,0,0,0,0,0,0,0,0
1151024,8,14,53,24,18,117,6,123
1151025,0,0,0,0,0,0,0,0
1151026,3,19,44,17,6,89,3,92
1151027,30,24,33,12,11,110,6,116
1151028,3,13,15,13,10,54,0,54
1151029,3,18,43,25,6,95,0,95
1151030,3,30,57,40,16,146,8,154
1151031,8,40,60,26,6,140,3,143
1151032,13,21,51,11,10,106,0,106
1151033,6,55,58,30,7,156,5,161
1151034,12,33,41,19,4,109,0,109
1151035,0,34,31,16,8,89,0,89
1151036,5,38,63,32,14,152,9,161
1151037,3,41,52,22,9,127,7,134
1151038,0,19,39,12,15,85,5,90
1151039,0,18,34,27,18,97,4,101
1151040,0,20,26,27,5,78,0,78
1151041,0,22,40,14,8,84,3,87
1151042,0,17,42,21,21,101,3,104
1151043,4,8,25,10,15,62,3,65
1151044,4,30,56,31,22,143,3,146
1151045,3,17,63,26,22,131,3,134
1151046,5,34,46,23,12,120,3,123
1151047,0,18,42,26,23,109,0,109
1151048,0,15,52,26,20,113,0,113
1151049,0,17,28,18,14,77,0,77
1151101,50,77,22,4,0,153,17,170
1151102,0,7,0,0,0,7,3,10
1151103,21,50,23,11,3,108,8,116
1151104,10,37,28,8,0,83,5,88
1151105,12,28,19,7,0,66,0,66
1151106,35,65,32,3,3,138,15,153
1151107,16,42,19,12,9,98,3,101
1151108,17,42,49,12,11,131,8,139
1151109,4,9,19,0,4,36,3,39
1151110,20,43,23,16,9,111,9,120
1151111,22,47,46,19,7,141,5,146
1151112,18,47,54,9,7,135,8,143
1151113,27,97,27,3,3,157,14,171
1151114,33,71,31,5,0,140,11,151
1151115,39,85,28,3,5,160,3,163
1151116,59,54,24,0,0,137,16,153
1151117,71,93,27,0,3,194,5,199
1151118,51,107,20,3,0,181,12,193
1151119,38,65,19,3,0,125,11,136
1151120,16,27,28,13,7,91,6,97
1151121,18,27,17,10,9,81,3,84
1151122,38,85,51,8,4,186,10,196
1151123,35,54,19,4,0,112,11,123
1151124,25,47,16,4,0,92,4,96
1151125,42,57,22,0,0,121,5,126
1151126,39,59,26,6,0,130,5,135
1151127,46,74,29,0,3,152,12,164
1151128,41,75,22,7,0,145,12,157
1151129,27,70,18,4,0,119,6,125
1151130,76,91,27,3,3,200,15,215
1151131,28,20,8,0,4,60,8,68
1151132,50,67,18,0,3,138,15,153
1151133,4,16,8,3,3,34,4,38
1151134,25,44,35,14,5,123,17,140
1151135,58,91,21,6,0,176,12,188
1151136,19,74,56,14,10,173,5,178
1151137,7,61,63,30,7,168,6,174
1151138,6,40,54,17,12,129,6,135
1151139,8,49,56,12,13,138,13,151
1151140,3,28,27,11,4,73,5,78
1151141,17,59,55,30,7,168,8,176
1151142,21,42,10,3,0,76,6,82
1151143,15,51,51,27,14,158,11,169
1151144,5,32,54,19,11,121,6,127
1151145,22,51,17,3,3,96,0,96
1151146,45,60,13,6,0,124,4,128
1151147,41,67,22,0,0,130,8,138
1151148,28,68,23,3,4,126,11,137
1151149,22,51,39,10,8,130,3,133
1151150,17,65,48,14,3,147,6,153
1151151,13,22,25,5,4,69,4,73
1151152,49,36,28,14,0,127,11,138
1151153,5,19,27,7,7,65,4,69
1151154,8,40,53,17,4,122,3,125
1151155,24,59,40,16,8,147,9,156
1151156,3,28,26,15,6,78,0,78
1151201,29,31,25,3,5,93,10,103
1151202,9,36,31,14,6,96,10,106
1151203,11,25,23,18,8,85,3,88
1151204,22,86,59,22,9,198,8,206
1151205,4,35,44,20,15,118,5,123
1151206,16,46,30,18,9,119,6,125
1151207,8,19,44,9,3,83,9,92
1151208,6,24,16,8,3,57,3,60
1151209,32,51,34,13,3,133,7,140
1151210,12,45,49,10,3,119,7,126
1151211,18,56,56,23,7,160,4,164
1151212,8,45,46,19,6,124,6,130
1151213,7,56,39,10,5,117,6,123
1151214,6,29,44,10,7,96,3,99
1151215,14,36,56,13,6,125,4,129
1151216,42,53,32,16,8,151,15,166
1151217,17,31,34,10,7,99,3,102
1151218,13,60,36,16,16,141,6,147
1151219,4,30,41,16,8,99,0,99
1151220,22,67,65,21,8,183,5,188
1151221,8,37,64,15,11,135,6,141
1151222,17,47,41,23,7,135,5,140
1151223,4,44,56,16,17,137,4,141
1151224,16,32,31,9,12,100,4,104
1151225,4,34,29,21,6,94,0,94
1151226,5,35,50,12,11,113,3,116
1151227,8,37,41,17,4,107,4,111
1151228,11,48,32,15,11,117,4,121
1151229,11,44,61,17,8,141,11,152
1151230,14,49,43,16,7,129,8,137
1151231,14,36,50,19,4,123,4,127
1151232,18,46,41,26,8,139,0,139
1151233,32,45,35,12,0,124,14,138
1151234,11,58,34,13,6,122,8,130
1151235,20,53,54,12,12,151,3,154
1151236,17,35,28,10,3,93,11,104
1151237,14,49,32,15,4,114,8,122
1151301,37,70,22,11,0,140,7,147
1151302,8,35,20,5,0,68,5,73
1151303,0,19,23,6,0,48,5,53
1151304,18,33,33,14,8,106,4,110
1151305,8,13,27,7,4,59,4,63
1151306,25,50,40,6,4,125,8,133
1151307,27,39,37,11,4,118,5,123
1151308,15,67,56,13,3,154,6,160
1151309,10,51,53,11,12,137,10,147
1151310,13,38,45,14,3,113,0,113
1151311,19,51,40,19,6,135,4,139
1151312,16,28,27,13,8,92,7,99
1151313,14,50,38,13,0,115,0,115
1151314,6,56,49,15,4,130,5,135
1151315,23,90,45,3,0,161,11,172
1151316,22,105,39,5,0,171,11,182
1151317,27,40,12,3,4,86,5,91
1151318,12,47,43,16,7,125,0,125
1151319,5,28,38,11,6,88,7,95
1151320,5,61,55,15,8,144,4,148
1151321,0,25,31,9,9,74,0,74
1151322,40,108,36,0,3,187,13,200
1151323,33,76,18,8,0,135,0,135
1151324,45,56,17,7,3,128,4,132
1151325,15,51,23,13,3,105,7,112
1151326,12,49,66,18,4,149,6,155
1151327,0,24,29,10,7,70,4,74
1151328,5,15,38,16,5,79,3,82
1151329,7,17,19,4,4,51,3,54
1151330,7,22,29,7,3,68,0,68
1151331,8,45,47,14,5,119,3,122
1151332,21,40,45,17,7,130,8,138
1151333,18,26,30,8,7,89,6,95
1151334,22,44,31,8,6,111,0,111
1151335,18,66,55,19,4,162,7,169
1151336,27,55,48,10,0,140,5,145
1151337,26,54,49,14,9,152,11,163
1151338,21,61,56,13,3,154,8,162
1151339,13,47,39,11,11,121,7,128
1151340,18,50,27,0,0,95,10,105
1151341,10,47,39,7,0,103,3,106
1151342,29,65,87,32,10,223,12,235
1151343,18,37,35,15,14,119,5,124
1151344,42,44,34,15,4,139,3,142
1151345,26,56,26,5,5,118,4,122
1151346,7,15,18,11,5,56,0,56
1151347,4,27,22,5,8,66,4,70
1151348,3,23,28,10,0,64,4,68
1151401,0,15,26,14,8,63,4,67
1151402,7,15,51,29,8,110,3,113
1151403,7,34,58,19,12,130,3,133
1151404,0,14,30,13,10,67,0,67
1151405,10,40,60,29,16,155,3,158
1151406,13,35,50,21,7,126,4,130
1151407,7,40,74,30,27,178,0,178
1151408,6,27,43,22,11,109,5,114
1151409,0,20,39,11,11,81,3,84
1151410,4,40,43,35,23,145,4,149
1151411,0,31,21,9,11,72,0,72
1151412,5,31,57,21,18,132,5,137
1151413,4,38,45,23,13,123,3,126
1151414,15,44,54,26,10,149,3,152
1151415,3,28,43,28,7,109,3,112
1151416,3,39,52,23,11,128,9,137
1151417,6,45,60,28,21,160,4,164
1151418,10,26,39,33,20,128,0,128
1151419,3,19,35,23,12,92,0,92
1151420,3,23,39,21,19,105,3,108
1151421,3,19,36,20,21,99,3,102
1151422,6,36,40,25,6,113,3,116
1151501,7,27,38,14,8,94,0,94
1151502,8,39,51,15,6,119,3,122
1151503,5,26,19,14,4,68,5,73
1151504,19,60,47,11,9,146,9,155
1151505,38,56,28,3,0,125,6,131
1151506,21,49,22,9,0,101,4,105
1151507,49,68,20,4,0,141,8,149
1151508,21,31,10,0,3,65,5,70
1151509,41,82,37,7,7,174,5,179
1151510,5,25,23,13,3,69,4,73
1151511,20,51,32,5,0,108,3,111
1151512,70,128,42,4,0,244,18,262
1151513,7,11,29,3,4,54,3,57
1151514,16,41,20,18,0,95,0,95
1151515,23,52,34,14,13,136,3,139
1151516,31,67,24,0,3,125,9,134
1151517,69,142,20,3,3,237,5,242
1151518,28,53,13,0,0,94,6,100
1151519,30,51,17,3,0,101,13,114
1151520,22,56,37,10,3,128,3,131
1151521,14,33,30,8,8,93,0,93
1151522,19,34,27,6,8,94,7,101
1151523,23,54,28,14,4,123,7,130
1151524,40,52,7,3,0,102,5,107
1151525,34,52,18,3,3,110,4,114
1151526,19,57,26,3,3,108,7,115
1151527,38,65,14,5,0,122,7,129
1151528,37,79,20,0,0,136,4,140
1151529,43,67,16,3,3,132,9,141
1151530,36,48,10,5,0,99,4,103
1151531,42,74,37,4,0,157,15,172
1151532,36,91,30,7,0,164,6,170
1151533,31,50,29,5,7,122,7,129
1151534,16,62,72,23,14,187,4,191
1151535,19,28,23,12,4,86,6,92
1151536,10,46,41,6,4,107,3,110
1151537,11,31,29,6,6,83,8,91
1151538,19,47,30,13,6,115,10,125
1151539,13,25,24,11,3,76,4,80
1151540,25,31,27,4,5,92,0,92
1151541,23,54,63,11,3,154,4,158
1151542,13,39,39,6,0,97,7,104
1151543,16,48,46,13,4,127,7,134
1151544,18,49,46,22,4,139,4,143
1151601,17,52,37,12,5,123,3,126
1151602,9,42,38,15,11,115,0,115
1151603,19,60,57,21,12,169,5,174
1151604,8,52,46,11,8,125,4,129
1151605,13,65,71,19,4,172,5,177
1151606,8,43,31,7,7,96,3,99
1151607,18,59,58,18,6,159,0,159
1151608,9,40,54,24,12,139,3,142
1151609,15,47,42,12,0,116,6,122
1151610,9,50,42,19,9,129,5,134
1151611,10,42,55,22,3,132,3,135
1151612,6,52,48,19,9,134,9,143
1151613,11,50,46,9,11,127,7,134
1151614,24,77,55,18,3,177,8,185
1151615,25,58,47,9,8,147,14,161
1151616,34,64,33,4,3,138,15,153
1151617,9,37,29,18,5,98,3,101
1151618,0,25,49,26,7,107,4,111
1151619,5,38,66,23,14,146,5,151
1151620,3,38,50,21,3,115,6,121
1151621,11,44,55,23,18,151,3,154
1151622,10,53,46,20,13,142,5,147
1151623,16,71,43,22,4,156,0,156
1151624,19,59,45,20,11,154,5,159
1151625,8,60,57,16,12,153,6,159
1151626,10,45,52,21,11,139,9,148
1151627,11,41,56,26,5,139,9,148
1151628,13,35,50,12,12,122,9,131
1151629,3,29,22,17,3,74,3,77
1151630,22,28,35,14,3,102,8,110
1151631,9,54,54,10,6,133,5,138
1151632,28,32,23,5,9,97,5,102
1151633,22,37,43,15,3,120,10,130
1151634,22,61,34,21,3,141,11,152
1151635,16,60,49,17,8,150,21,171
1151636,4,15,12,11,7,49,4,53
1151637,8,36,38,10,0,92,7,99
1151638,7,43,38,16,7,111,8,119
1151701,0,37,45,6,8,96,3,99
1151702,8,26,47,14,8,103,0,103
1151703,3,24,25,11,12,75,0,75
1151704,6,32,69,24,14,145,0,145
1151705,5,21,59,28,12,125,4,129
1151706,3,28,35,14,10,90,0,90
1151707,6,23,36,15,8,88,0,88
1151708,5,31,47,19,10,112,15,127
1151709,3,28,58,28,13,130,9,139
1151710,4,26,50,13,7,100,8,108
1151711,9,50,57,21,6,143,7,150
1151712,25,79,57,24,15,200,10,210
1151713,7,37,35,22,9,110,5,115
1151714,4,34,30,21,13,102,4,106
1151715,3,36,46,28,4,117,6,123
1151716,0,0,0,0,0,0,0,0
1151717,4,42,51,27,14,138,5,143
1151718,6,23,25,15,7,76,3,79
1151719,3,14,41,12,3,73,0,73
1151720,0,10,38,9,4,61,0,61
1151721,3,13,40,10,3,69,3,72
1151801,11,12,27,24,20,94,3,97
1151802,9,32,28,35,26,130,7,137
1151803,0,11,52,26,21,110,6,116
1151804,0,15,26,18,21,80,0,80
1151805,5,27,35,28,34,129,7,136
1151806,3,5,16,21,37,82,4,86
1151807,3,16,27,22,13,81,7,88
1151808,6,18,29,12,19,84,3,87
1151809,6,18,20,9,3,56,3,59
1151810,3,11,24,17,19,74,0,74
1151811,5,12,33,29,37,116,4,120
1151812,3,13,28,19,19,82,4,86
1151901,10,45,53,23,13,144,8,152
1151902,10,31,38,26,18,123,3,126
1151903,6,24,56,16,9,111,5,116
1151904,14,68,68,19,6,175,4,179
1151905,15,52,66,32,12,177,3,180
1151906,10,54,47,18,10,139,6,145
1151907,10,25,40,19,3,97,0,97
1151908,0,22,19,11,6,58,3,61
1151909,9,41,45,20,14,129,3,132
1151910,4,30,31,14,15,94,0,94
1151911,3,18,17,12,13,63,4,67
1151912,8,77,58,22,19,184,9,193
1151913,16,36,31,14,4,101,0,101
1151914,19,52,60,19,6,156,12,168
1151915,62,54,35,8,3,162,11,173
1151916,25,32,19,7,8,91,3,94
1151917,16,52,41,9,6,124,4,128
1151918,7,41,48,15,8,119,3,122
1151919,57,107,60,21,9,254,22,276
1151920,17,73,72,24,9,195,10,205
1151921,0,37,37,27,9,110,3,113
1151922,9,28,25,6,9,77,4,81
1151923,11,49,74,24,18,176,3,179
1151924,3,28,35,13,6,85,8,93
1151925,34,89,75,15,15,228,12,240
1151926,12,39,46,15,5,117,7,124
1151927,9,34,33,9,3,88,3,91
1151928,7,61,46,25,8,147,5,152
1151929,11,48,43,13,5,120,7,127
1151930,33,63,46,18,5,165,8,173
1151931,17,23,33,8,3,84,3,87
1151932,5,32,32,16,9,94,4,98
1151933,12,44,50,31,12,149,8,157
1151934,8,31,36,25,13,113,8,121
1151935,3,33,28,15,3,82,0,82
1151936,7,42,31,18,7,105,3,108
1151937,21,56,41,19,11,148,10,158
1151938,15,82,51,27,8,183,8,191
1151939,13,55,50,18,9,145,18,163
1151940,0,0,0,0,0,0,0,0
1152001,7,26,41,37,10,121,0,121
1152002,7,37,59,23,16,142,0,142
1152003,9,19,36,26,10,100,3,103
1152004,5,40,48,32,16,141,0,141
1152005,0,21,41,18,4,84,3,87
1152006,5,27,33,11,5,81,3,84
1152007,6,26,32,14,5,83,3,86
1152008,10,35,44,17,3,109,4,113
1152009,3,27,48,24,11,113,3,116
1152010,6,39,48,18,10,121,0,121
1152011,6,24,51,24,14,119,3,122
1152012,3,35,32,5,17,92,0,92
1152013,3,15,35,17,4,74,0,74
1152014,15,45,38,3,3,104,0,104
1152015,5,23,33,14,16,91,4,95
1152016,4,31,39,16,4,94,3,97
1152017,15,47,52,30,4,148,12,160
1152018,0,31,46,10,6,93,5,98
1152019,10,33,44,28,11,126,0,126
1152020,10,37,74,18,15,154,3,157
1152021,12,42,55,31,11,151,8,159
1152022,5,41,63,21,10,140,6,146
1152023,12,27,30,27,12,108,0,108
1152024,12,55,76,26,13,182,6,188
1152025,3,49,38,10,7,107,4,111
1152026,8,18,35,10,9,80,0,80
1152101,0,0,3,0,0,3,0,3
1152201,3,30,67,28,6,134,8,142
1152202,20,58,51,12,9,150,3,153
1152203,0,0,0,0,0,0,0,0
1152204,4,38,72,23,13,150,3,153
1152205,0,3,0,0,0,3,0,3
1152206,36,72,52,17,7,184,11,195
1152207,8,53,43,15,6,125,5,130
1152208,6,44,52,19,7,128,4,132
1152209,26,50,33,7,3,119,8,127
1152210,12,62,54,20,10,158,3,161
1152211,7,69,81,21,12,190,3,193
1152212,3,26,46,17,6,98,3,101
1152213,3,21,36,7,11,78,3,81
1152214,9,43,49,19,7,127,6,133
1152215,9,38,58,14,9,128,5,133
1152216,9,23,43,15,5,95,0,95
1152217,6,28,37,9,12,92,3,95
1152218,8,26,59,27,5,125,7,132
1152219,18,60,43,12,3,136,119,255
1152220,4,41,20,8,9,82,4,86
1152221,3,15,34,11,6,69,0,69
1152222,0,27,50,23,9,109,0,109
1152223,30,54,49,13,3,149,6,155
1152224,24,42,41,17,10,134,4,138
1152225,4,35,74,20,5,138,4,142
1152226,4,33,102,20,16,175,3,178
1152227,5,21,40,24,5,95,4,99
1152228,3,41,51,19,9,123,0,123
1152229,8,43,36,11,7,105,0,105
1152230,3,37,54,24,18,136,3,139
1152231,0,24,34,3,3,64,0,64
1152232,6,28,38,21,3,96,0,96
1152233,4,52,96,19,14,185,4,189
1152234,8,49,35,9,3,104,0,104
1152235,5,28,22,7,6,68,0,68
1152236,3,42,44,20,14,123,3,126
1152301,0,0,0,0,0,0,0,0
1152302,6,40,56,24,9,135,6,141
1152303,4,70,130,43,11,258,6,264
1152304,8,59,77,27,22,193,4,197
1152305,3,47,60,16,7,133,3,136
1152306,3,50,73,14,3,143,5,148
1152307,0,0,0,0,0,0,0,0
1152308,0,16,35,5,0,56,3,59
1152309,0,0,0,0,0,0,0,0
1152310,6,51,49,22,12,140,0,140
1152311,9,60,84,29,3,185,9,194
1152312,7,36,76,18,9,146,9,155
1152313,6,37,49,11,3,106,3,109
1152314,11,49,61,19,9,149,0,149
1152315,15,30,26,15,8,94,3,97
1152316,13,56,74,28,16,187,7,194
1152317,3,26,31,25,7,92,4,96
1152318,5,33,59,27,12,136,0,136
1152319,7,45,80,18,14,164,3,167
1152320,7,20,58,26,19,130,6,136
1152321,10,61,94,27,11,203,4,207
1152322,14,49,51,20,0,134,3,137
1152323,7,22,34,17,11,91,3,94
1152324,5,108,39,3,0,155,5,160
1152325,0,0,0,0,0,0,0,0
1152326,3,15,63,39,23,143,4,147
1152327,13,50,55,20,9,147,9,156
1152328,13,50,53,9,5,130,3,133
1152329,6,32,77,32,21,168,0,168
1152330,0,11,27,20,12,70,3,73
1152331,0,20,54,32,13,119,3,122
1152332,6,26,44,23,3,102,0,102
1152333,0,0,0,0,0,0,0,0
1152334,3,26,58,22,12,121,0,121
1152335,5,31,52,10,5,103,3,106
1152336,7,29,58,30,15,139,0,139
1152337,6,27,27,15,3,78,3,81
1152338,3,23,43,22,9,100,3,103
1152339,4,28,41,12,11,96,0,96
1152340,3,9,41,16,13,82,0,82
1152341,3,17,11,4,3,38,0,38
1152342,0,0,0,0,0,0,0,0
1152343,0,20,78,37,12,147,3,150
1152344,4,85,51,4,4,148,7,155
1152401,0,9,47,15,10,81,0,81
1152402,0,9,51,11,13,84,3,87
1152403,0,12,28,10,4,54,0,54
1152404,0,33,77,19,14,143,0,143
1152405,4,53,62,22,7,148,3,151
1152406,3,32,53,17,4,109,0,109
1152407,3,33,61,16,9,122,0,122
1152408,0,27,57,8,8,100,0,100
1152409,0,35,49,22,5,111,3,114
1152410,6,22,44,18,6,96,0,96
1152411,7,29,48,12,3,99,0,99
1152412,9,46,95,24,5,179,4,183
1152413,6,37,83,25,12,163,4,167
1152414,0,40,47,6,4,97,3,100
1152415,0,32,62,6,3,103,0,103
1152416,3,40,44,18,3,108,3,111
1152417,0,31,65,18,5,119,3,122
1152418,4,54,79,28,3,168,3,171
1152419,3,62,65,24,3,157,3,160
1152420,0,32,41,7,0,80,4,84
1152421,0,58,77,9,6,150,4,154
1152422,11,38,53,12,8,122,8,130
1152423,3,54,80,25,3,165,0,165
1152424,3,31,56,15,3,108,0,108
1152425,3,40,72,19,7,141,3,144
1152426,9,34,62,15,3,123,4,127
1152427,6,54,98,21,9,188,7,195
1152428,9,40,55,20,10,134,0,134
1152429,5,41,66,20,11,143,0,143
1152430,11,61,63,22,6,163,4,167
1152431,0,0,0,0,0,0,0,0
1152432,3,25,42,10,0,80,0,80
1152433,0,17,38,15,5,75,0,75
1152434,0,5,0,0,0,5,0,5
1152435,3,31,94,30,24,182,4,186
1152436,0,9,44,19,15,87,0,87
1152437,0,0,0,0,0,0,0,0
1152438,18,130,76,6,3,233,0,233
1152439,0,21,42,12,5,80,0,80
1152440,10,59,117,22,15,223,3,226
1152441,3,30,58,13,5,109,3,112
1152442,0,4,0,0,0,4,0,4
1152443,0,30,55,10,6,101,0,101
1152444,3,30,47,10,3,93,3,96
1152445,0,43,71,11,3,128,4,132
1152446,0,27,37,11,3,78,3,81
1152447,3,40,67,17,6,133,0,133
1152448,0,45,68,30,10,153,0,153
1152449,13,36,20,14,4,87,54,141
1152450,3,27,44,14,3,91,3,94
1152501,9,29,23,20,8,89,4,93
1152502,24,40,15,4,5,88,7,95
1152503,58,57,18,14,4,151,15,166
1152504,32,93,47,8,0,180,10,190
1152505,39,61,17,3,0,120,5,125
1152506,45,83,37,3,4,172,6,178
1152507,26,46,51,22,3,148,12,160
1152508,23,36,32,18,6,115,5,120
1152509,24,61,56,26,3,170,8,178
1152510,12,42,70,24,9,157,6,163
1152511,47,68,12,0,0,127,14,141
1152512,15,48,48,19,4,134,4,138
1152513,59,86,21,5,5,176,10,186
1152514,43,66,30,7,3,149,8,157
1152515,24,80,17,4,3,128,6,134
1152516,60,96,19,3,3,181,10,191
1152517,32,83,33,4,0,152,7,159
1152518,71,169,76,10,5,331,8,339
1152519,26,47,24,5,0,102,5,107
1152520,39,93,21,0,3,156,10,166
1152521,37,74,32,7,5,155,7,162
1152522,37,76,53,18,4,188,13,201
1152523,12,50,49,21,10,142,3,145
1152524,29,62,31,10,3,135,10,145
1152525,31,60,43,9,8,151,4,155
1152526,26,51,39,16,0,132,9,141
1152527,8,31,38,5,4,86,7,93
1152528,30,68,48,11,4,161,15,176
1152529,76,59,34,10,0,179,14,193
1152530,67,77,40,7,0,191,13,204
1152531,49,105,34,3,4,195,5,200
1152532,15,37,21,11,3,87,3,90
1152533,5,56,38,15,3,117,10,127
1152534,25,38,14,4,0,81,11,92
1152535,83,74,25,0,8,190,15,205
1152536,45,51,41,14,3,154,25,179
1152537,8,46,43,13,8,118,5,123
1152538,30,45,26,8,0,109,5,114
1152539,17,45,50,22,0,134,6,140
1152540,12,25,18,5,5,65,3,68
1152541,33,62,45,9,8,157,6,163
1152542,0,0,0,0,0,0,0,0
1152543,27,63,17,0,0,107,3,110
1152544,25,60,37,0,3,125,5,130
1152545,28,67,24,3,0,122,5,127
1152546,60,142,27,3,3,235,14,249
1152547,15,53,43,14,8,133,7,140
1152548,17,52,39,18,3,129,7,136
1152549,45,111,27,7,0,190,16,206
1152550,0,0,0,0,0,0,0,0
1152551,10,24,22,3,3,62,5,67
1152552,25,34,23,3,0,85,8,93
1152553,15,119,60,11,0,205,0,205
1152554,57,119,29,11,0,216,20,236
1152555,57,141,31,3,0,232,10,242
1152556,59,118,26,0,0,203,13,216
1152557,16,56,18,0,0,90,0,90
1152558,60,103,22,3,3,191,15,206
1152559,39,66,12,3,0,120,3,123
1152560,39,73,23,5,0,140,8,148
1152561,0,0,0,0,0,0,0,0
1152562,34,78,35,3,3,153,6,159
1152563,16,104,37,4,0,161,8,169
1152564,50,68,31,3,3,155,11,166
1152601,0,26,54,34,11,125,3,128
1152602,0,18,49,17,8,92,0,92
1152603,29,61,44,10,8,152,3,155
1152604,32,31,25,3,4,95,4,99
1152605,21,42,40,11,4,118,9,127
1152606,8,29,17,4,8,66,6,72
1152607,0,34,59,20,7,120,6,126
1152608,0,16,35,10,5,66,3,69
1152609,0,11,41,24,3,79,3,82
1152610,7,43,81,21,13,165,7,172
1152611,0,22,49,22,10,103,0,103
1152612,16,68,58,16,8,166,10,176
1152613,14,53,35,18,8,128,6,134
1152614,3,33,45,24,9,114,0,114
1152615,3,16,48,27,8,102,0,102
1152616,5,40,71,18,11,145,0,145
1152617,0,12,29,6,3,50,0,50
1152618,4,23,73,30,7,137,3,140
1152619,3,22,51,23,6,105,5,110
1152620,5,8,9,3,3,28,0,28
1152621,0,0,0,0,0,0,0,0
1152622,76,58,21,3,3,161,13,174
1152623,27,34,24,9,3,97,3,100
1152624,30,40,31,11,5,117,11,128
1152625,70,74,30,4,7,185,8,193
1152626,68,76,59,18,9,230,17,247
1152627,23,69,39,9,3,143,4,147
1152628,25,73,36,12,0,146,6,152
1152629,13,59,45,17,10,144,8,152
1152630,7,38,48,15,4,112,6,118
1152631,11,41,49,20,0,121,6,127
1152632,8,40,59,16,10,133,11,144
1152633,11,65,83,31,13,203,5,208
1152634,24,61,50,11,3,149,7,156
1152635,10,30,26,13,0,79,5,84
1152636,5,53,51,17,6,132,0,132
1152637,22,55,39,10,3,129,11,140
1152638,15,61,51,14,4,145,6,151
1152639,33,44,27,12,7,123,12,135
1152640,20,50,39,15,7,131,6,137
1152641,0,42,101,24,13,180,5,185
1152642,8,39,50,15,4,116,7,123
1152643,0,25,24,3,3,55,3,58
1152644,0,24,59,29,12,124,0,124
1152645,3,3,43,13,3,65,3,68
1152646,3,46,110,22,12,193,6,199
1152647,0,21,71,20,11,123,0,123
1152648,4,34,38,26,22,124,0,124
1152649,3,18,41,15,3,80,0,80
1152650,0,42,83,35,12,172,3,175
1152651,0,11,43,13,6,73,0,73
1152652,0,39,72,21,7,139,0,139
1152653,4,53,100,32,18,207,3,210
1152654,4,21,60,24,9,118,3,121
1152655,3,47,99,44,6,199,4,203
1152656,3,23,43,28,17,114,0,114
1152657,4,23,51,28,6,112,3,115
1152658,45,92,51,12,4,204,14,218
1152659,5,18,44,14,6,87,3,90
1152701,3,34,30,13,8,88,0,88
1152702,10,49,62,19,4,144,3,147
1152703,14,42,60,22,10,148,0,148
1152704,8,72,48,10,4,142,3,145
1152705,7,33,38,10,8,96,4,100
1152706,47,169,91,16,0,323,18,341
1152707,51,147,67,3,3,271,12,283
1152708,16,74,57,17,5,169,7,176
1152709,14,50,37,19,6,126,7,133
1152710,42,83,45,13,11,194,16,210
1152711,41,114,68,10,5,238,8,246
1152712,3,36,68,13,10,130,6,136
1152713,10,38,46,11,3,108,3,111
1152714,0,41,64,17,5,127,3,130
1152715,0,3,0,0,0,3,0,3
1152716,13,47,83,18,17,178,0,178
1152717,0,0,5,0,0,5,0,5
1152718,11,80,47,6,0,144,3,147
1152719,6,40,44,11,6,107,5,112
1152720,38,52,46,11,4,151,5,156
1152721,3,28,46,14,4,95,3,98
1152722,11,54,66,24,13,168,0,168
1152723,4,12,36,17,10,79,0,79
1152724,3,20,43,13,8,87,0,87
1152725,0,32,80,35,19,166,4,170
1152726,0,21,58,19,11,109,0,109
1152727,6,39,61,17,8,131,5,136
1152728,5,32,64,15,6,122,3,125
1152729,0,47,59,20,15,141,4,145
1152730,20,39,64,20,11,154,6,160
1152731,11,23,61,19,9,123,0,123
1152732,8,28,60,17,13,126,0,126
1152733,4,32,91,25,23,175,6,181
1152734,3,29,58,28,13,131,4,135
1152735,0,23,57,46,10,136,0,136
1152736,0,34,63,15,15,127,3,130
1152737,3,50,60,18,10,141,0,141
1152738,4,41,59,26,7,137,6,143
1152739,3,29,56,14,3,105,0,105
1152740,7,47,62,14,6,136,3,139
1152741,6,54,52,20,9,141,3,144
1152742,3,45,80,20,12,160,3,163
1152743,0,55,55,14,12,136,3,139
1152744,3,21,64,23,12,123,4,127
1152745,0,21,58,22,15,116,0,116
1152746,0,21,64,24,9,118,3,121
1152747,3,23,69,29,19,143,3,146
1152748,0,15,58,29,7,109,3,112
1152749,10,57,70,26,12,175,6,181
1152750,4,40,70,14,4,132,0,132
1152751,20,63,37,13,7,140,0,140
1152752,16,68,60,20,9,173,3,176
1152753,19,94,75,12,7,207,7,214
1152754,17,106,69,14,3,209,0,209
1152755,14,88,37,9,11,159,8,167
1152756,21,106,86,12,0,225,0,225
1152757,92,153,58,7,3,313,16,329
1152758,11,52,53,17,4,137,3,140
1152759,0,22,62,32,11,127,3,130
1152760,3,23,76,26,13,141,3,144
1152761,0,10,38,10,10,68,4,72
1152762,0,50,60,19,8,137,4,141
1152763,12,86,23,5,0,126,4,130
1152764,26,107,50,12,3,198,9,207
1152801,25,61,51,10,0,147,3,150
1152802,8,42,22,3,3,78,7,85
1152803,9,34,48,7,8,106,7,113
1152804,13,56,69,19,7,164,4,168
1152805,7,63,77,15,11,173,3,176
1152806,0,0,0,0,0,0,0,0
1152807,19,67,54,9,3,152,9,161
1152808,18,75,50,5,0,148,5,153
1152809,0,16,32,14,10,72,0,72
1152810,5,29,38,18,6,96,3,99
1152811,3,16,40,18,10,87,3,90
1152812,3,29,43,19,4,98,3,101
1152813,6,29,56,20,5,116,4,120
1152814,0,0,0,0,0,0,0,0
1152815,0,0,0,0,0,0,0,0
1152816,0,0,0,0,0,0,0,0
1152817,0,24,47,22,8,101,3,104
1152818,7,27,43,9,3,89,0,89
1152819,10,55,55,16,9,145,5,150
1152820,24,79,20,0,3,126,3,129
1152821,4,39,98,25,23,189,0,189
1152822,43,148,77,10,0,278,15,293
1152823,21,104,57,13,6,201,11,212
1152824,32,121,79,4,0,236,15,251
1152825,25,92,59,7,0,183,6,189
1152826,40,104,56,4,5,209,8,217
1152827,5,45,65,13,10,138,4,142
1152828,7,44,46,14,6,117,0,117
1152829,4,25,40,23,14,106,3,109
1152830,3,32,53,20,4,112,4,116
1152831,8,35,49,19,7,118,11,129
1152832,7,63,34,4,0,108,4,112
1152833,21,134,61,8,4,228,4,232
1152834,8,40,47,19,10,124,4,128
1152835,13,31,27,6,0,77,5,82
1152836,3,57,42,6,3,111,3,114
1152837,4,34,57,5,9,109,5,114
1152838,0,5,48,25,13,91,3,94
1152839,17,123,67,8,4,219,4,223
1152840,24,114,51,12,4,205,6,211
1152841,3,24,40,20,9,96,3,99
1152842,18,99,72,13,6,208,4,212
1152843,19,47,51,16,7,140,7,147
1152844,5,16,51,21,20,113,3,116
1152845,5,27,40,18,9,99,5,104
1152846,3,38,82,32,14,169,6,175
1152847,0,29,46,20,10,105,3,108
1152848,0,30,38,19,11,98,6,104
1152849,0,0,0,0,0,0,0,0
1152850,4,24,77,25,17,147,3,150
1152851,17,27,50,29,16,139,5,144
1152852,0,17,49,26,21,113,3,116
1152853,19,101,90,14,0,224,4,228
1152854,25,142,92,11,3,273,5,278
1152855,12,98,47,7,3,167,7,174
1152856,49,209,120,15,3,396,15,411
1152857,9,66,86,23,7,191,5,196
1152858,10,41,44,14,4,113,5,118
1152859,4,41,83,29,16,173,3,176
1152860,14,99,46,0,3,162,4,166
1152861,0,0,0,0,0,0,0,0
1152862,0,0,0,0,0,0,0,0
1152863,10,29,63,13,3,118,0,118
1152864,6,42,63,22,15,148,0,148
1152865,4,21,40,5,10,80,0,80
1152866,5,31,42,23,11,112,3,115
1152867,3,19,52,19,7,100,5,105
1152868,7,32,71,23,10,143,5,148
1152869,20,83,75,22,8,208,6,214
1152870,21,86,56,11,8,182,3,185
1152871,45,106,52,4,0,207,7,214
1152872,15,96,75,9,3,198,11,209
1152873,5,22,39,19,5,90,0,90
1152874,14,82,76,23,17,212,3,215
1152875,12,51,39,12,6,120,5,125
1152876,28,62,44,3,3,140,5,145
1152877,13,55,82,18,5,173,0,173
1152878,14,46,43,14,15,132,12,144
1152879,21,47,35,3,5,111,8,119
1152880,19,70,49,18,0,156,0,156
1152881,34,128,84,13,6,265,15,280
1152882,34,108,54,8,4,208,3,211
1152883,18,49,23,0,0,90,3,93
1152884,27,101,54,10,4,196,4,200
1152901,4,41,56,20,8,129,0,129
1152902,4,21,64,24,12,125,7,132
1152903,0,34,80,29,3,146,4,150
1152904,3,17,81,36,15,152,3,155
1152905,0,25,61,26,13,125,6,131
1152906,3,24,73,27,12,139,0,139
1152907,3,15,43,24,15,100,0,100
1152908,3,43,102,43,16,207,0,207
1152909,3,37,52,15,3,110,6,116
1152910,3,23,57,10,14,107,0,107
1152911,3,27,64,26,5,125,3,128
1152912,3,35,83,34,21,176,0,176
1152913,3,41,35,19,8,106,3,109
1152914,7,40,55,20,8,130,0,130
1152915,3,47,47,7,6,110,3,113
1152916,4,33,51,11,7,106,0,106
1152917,10,54,58,22,7,151,5,156
1152918,30,69,52,8,3,162,9,171
1152919,18,70,81,11,3,183,10,193
1152920,29,89,41,4,3,166,4,170
1152921,43,127,53,8,0,231,3,234
1152922,14,70,67,11,3,165,3,168
1152923,7,56,39,12,10,124,4,128
1152924,16,71,59,6,0,152,4,156
1152925,23,127,71,3,0,224,4,228
1152926,39,117,66,6,3,231,5,236
1152927,10,48,61,19,11,149,0,149
1152928,12,49,61,15,3,140,0,140
1152929,6,56,59,23,9,153,3,156
1152930,0,33,67,19,17,136,4,140
1152931,5,44,81,28,3,161,4,165
1152932,3,25,91,13,23,155,0,155
1152933,3,18,43,15,8,87,0,87
1152934,3,41,88,26,6,164,3,167
1152935,4,40,68,21,15,148,5,153
1152936,4,22,57,32,10,125,7,132
1152937,3,36,55,24,8,126,3,129
1152938,5,45,69,24,6,149,3,152
1152939,0,20,43,15,7,85,3,88
1152940,0,39,92,26,12,169,3,172
1153001,18,46,69,23,7,163,3,166
1153002,22,66,54,14,4,160,14,174
1153003,5,32,70,30,14,151,6,157
1153004,13,49,43,9,0,114,3,117
1153005,30,81,39,3,0,153,6,159
1153006,28,81,61,14,5,189,4,193
1153007,7,36,59,16,13,131,3,134
1153008,10,44,79,34,17,184,5,189
1153009,4,18,37,11,13,83,0,83
1153010,0,29,76,22,30,157,3,160
1153011,4,21,66,36,17,144,3,147
1153012,56,90,47,21,6,220,7,227
1153013,23,33,30,9,6,101,3,104
1153014,14,109,56,15,5,199,3,202
1153015,4,35,52,8,7,106,3,109
1153016,16,78,55,18,0,167,5,172
1153017,4,40,47,7,4,102,3,105
1153018,5,39,58,22,12,136,3,139
1153019,7,61,67,18,3,156,5,161
1153020,0,13,28,11,0,52,0,52
1153021,5,41,52,15,7,120,4,124
1153022,9,52,68,21,10,160,5,165
1153023,4,59,75,21,7,166,7,173
1153024,3,65,52,15,8,143,7,150
1153025,22,45,58,14,10,149,13,162
1153026,32,88,35,3,3,161,13,174
1153027,43,62,56,12,3,176,3,179
1153028,9,59,75,24,6,173,0,173
1153029,4,35,87,28,13,167,8,175
1153030,17,65,33,5,0,120,0,120
1153031,24,124,75,5,0,228,13,241
1153032,32,125,55,6,0,218,8,226
1153033,9,65,35,9,3,121,0,121
1153034,23,90,74,9,6,202,9,211
1153035,39,65,33,5,0,142,7,149
1153036,22,82,87,14,8,213,3,216
1153037,11,54,72,19,17,173,6,179
1153038,36,156,76,10,0,278,11,289
1153039,68,110,60,20,8,266,9,275
1153040,27,92,42,12,0,173,3,176
1153101,0,0,0,0,0,0,0,0
1153102,0,0,0,0,0,0,0,0
1153103,4,18,64,13,18,117,0,117
1153104,6,16,35,7,4,68,0,68
1153105,31,115,83,23,6,258,11,269
1153106,25,45,48,10,7,135,15,150
1153107,13,33,49,18,15,128,3,131
1153108,11,79,46,3,0,139,3,142
1153109,7,47,66,28,8,156,3,159
1153110,0,25,90,42,23,180,3,183
1153111,7,59,58,16,9,149,3,152
1153112,105,96,17,4,3,225,25,250
1153113,7,47,78,32,19,183,3,186
1153114,6,92,63,5,0,166,7,173
1153115,3,42,83,39,25,192,3,195
1153116,12,49,85,28,10,184,6,190
1153117,6,48,74,26,23,177,0,177
1153118,3,31,50,25,26,135,4,139
1153119,4,16,35,20,14,89,3,92
1153120,4,17,62,30,20,133,4,137
1153121,3,49,70,24,7,153,3,156
1153122,7,47,92,21,13,180,12,192
1153123,38,168,63,20,11,300,13,313
1153124,8,40,55,20,7,130,0,130
1153125,0,29,53,25,12,119,7,126
1153126,5,30,52,23,11,121,6,127
1153127,0,35,57,27,9,128,0,128
1153128,10,36,43,9,8,106,0,106
1153129,4,24,55,9,3,95,5,100
1153130,11,45,56,17,15,144,8,152
1153131,4,34,63,27,8,136,0,136
1153132,3,29,45,14,7,98,5,103
1153133,5,24,44,19,10,102,0,102
1153134,3,35,64,30,7,139,0,139
1153135,0,39,57,26,13,135,6,141
1153136,9,88,95,15,6,213,7,220
1153137,9,48,98,28,10,193,7,200
1153201,3,10,47,25,13,98,0,98
1153202,12,81,73,27,11,204,3,207
1153203,3,32,53,15,10,113,3,116
1153204,7,56,64,17,3,147,4,151
1153205,3,35,72,17,13,140,4,144
1153206,4,40,54,15,3,116,5,121
1153207,0,21,76,24,8,129,4,133
1153208,0,0,0,0,0,0,0,0
1153209,0,36,75,15,6,132,0,132
1153210,0,0,0,0,0,0,0,0
1153211,3,22,23,13,4,65,4,69
1153212,3,15,35,14,5,72,0,72
1153213,19,65,24,5,0,113,3,116
1153214,42,148,62,11,0,263,9,272
1153215,0,22,28,11,3,64,3,67
1153216,4,35,55,16,7,117,3,120
1153217,0,24,49,12,14,99,3,102
1153218,9,67,56,13,9,154,5,159
1153219,3,29,43,12,7,94,3,97
1153220,4,30,81,28,17,160,6,166
1153221,3,42,76,35,6,162,0,162
1153222,12,32,29,4,5,82,5,87
1153223,18,85,64,13,5,185,3,188
1153224,25,104,42,5,0,176,3,179
1153225,0,43,114,38,14,209,4,213
1153226,3,24,85,36,11,159,0,159
1153227,0,10,32,19,15,76,0,76
1153228,3,22,56,30,23,134,0,134
1153229,0,0,0,0,0,0,0,0
1153230,5,27,66,16,7,121,4,125
1153231,6,35,73,24,12,150,4,154
1153232,3,17,74,28,15,137,3,140
1153233,0,0,0,0,0,0,0,0
1153234,0,39,99,26,11,175,3,178
1153235,23,76,57,15,7,178,11,189
1153236,17,72,83,15,11,198,4,202
1153237,4,25,37,13,4,83,0,83
1153238,5,47,70,25,18,165,0,165
1153239,9,58,94,27,13,201,4,205
1153240,0,22,65,20,12,119,0,119
1153241,0,15,49,23,20,107,3,110
1153242,0,11,53,35,17,116,3,119
1153243,4,50,97,32,13,196,3,199
1153244,8,33,68,31,6,146,6,152
1153245,4,42,68,18,15,147,0,147
1153246,5,28,80,24,13,150,0,150
1153247,3,47,104,32,3,189,0,189
1153248,0,11,56,25,26,118,0,118
1153249,0,21,93,33,29,176,0,176
1153250,3,30,79,32,12,156,0,156
1153251,5,68,58,12,7,150,9,159
1153252,7,66,84,33,6,196,7,203
1153253,4,35,75,17,7,138,0,138
1153254,3,23,54,20,7,107,0,107
1153255,0,33,73,13,11,130,3,133
1153256,5,29,33,17,5,89,0,89
1153257,3,47,85,26,9,170,3,173
1153258,0,27,55,17,7,106,3,109
1153259,3,18,63,24,13,121,0,121
1153260,0,26,36,15,8,85,0,85
1153261,3,46,85,23,9,166,0,166
1153262,3,31,81,29,20,164,0,164
1153263,0,25,77,33,16,151,0,151
1153264,0,40,70,17,7,134,4,138
1153265,3,20,63,31,15,132,0,132
1153266,4,44,110,24,19,201,3,204
1153267,3,30,55,11,3,102,3,105
1153268,0,19,52,21,17,109,0,109
1153301,0,16,49,14,5,84,0,84
1153302,3,44,45,12,9,113,5,118
1153303,0,18,81,17,18,134,3,137
1153304,0,0,0,3,0,3,0,3
1153305,3,58,70,23,10,164,5,169
1153306,71,97,33,12,13,226,15,241
1153307,3,26,24,11,6,70,3,73
1153308,4,52,90,26,12,184,4,188
1153309,4,63,82,26,15,190,4,194
1153310,9,26,32,13,10,90,4,94
1153311,0,9,36,21,9,75,3,78
1153312,3,43,55,14,4,119,0,119
1153313,4,26,36,8,7,81,3,84
1153314,3,36,48,26,14,127,3,130
1153315,8,48,58,12,3,129,6,135
1153316,0,31,58,18,16,123,0,123
1153317,0,15,46,16,3,80,3,83
1153318,11,58,48,16,3,136,3,139
1153401,3,9,43,24,15,94,3,97
1153402,0,0,0,0,0,0,0,0
1153403,4,9,49,26,13,101,0,101
1153404,6,15,66,24,19,130,0,130
1153405,0,13,50,31,21,115,3,118
1153406,4,25,63,26,23,141,3,144
1153407,3,7,42,20,7,79,0,79
1153408,4,33,69,30,31,167,0,167
1153409,0,24,65,32,27,148,0,148
1153410,0,20,32,21,0,73,3,76
1153411,0,10,28,14,25,77,0,77
1153412,4,17,55,23,23,122,3,125
1153413,0,10,47,12,9,78,3,81
1153414,3,18,79,40,29,169,0,169
1153415,0,17,49,19,27,112,0,112
1153416,3,17,62,22,32,136,0,136
1153417,0,0,0,0,0,0,0,0
1153418,3,10,35,17,9,74,0,74
1153419,4,11,59,28,23,125,3,128
1153420,3,12,53,30,30,128,4,132
1153421,0,0,0,3,0,3,0,3
1153422,0,6,25,25,10,66,0,66
1153423,0,14,59,27,25,125,0,125
1153424,0,20,64,46,28,158,6,164
1153425,0,15,45,19,16,95,0,95
1153426,0,12,41,15,17,85,0,85
1153427,0,13,34,23,3,73,0,73
1153428,0,0,24,15,18,57,0,57
1153429,0,15,39,13,18,85,0,85
1153430,0,8,27,21,15,71,0,71
1153431,0,14,39,14,11,78,3,81
1153432,0,11,39,29,25,104,0,104
1153501,0,11,42,33,13,99,3,102
1153502,0,27,73,34,14,148,3,151
1153503,4,26,62,27,9,128,0,128
1153504,0,11,51,34,19,115,3,118
1153505,0,0,3,0,0,3,0,3
1153506,0,22,96,35,20,173,5,178
1153507,0,16,69,20,21,126,3,129
1153508,8,55,43,17,4,127,3,130
1153509,4,22,53,22,14,115,0,115
1153510,3,15,48,24,20,110,0,110
1153511,0,11,41,19,9,80,0,80
1153512,0,28,61,22,21,132,3,135
1153513,0,39,88,28,23,178,0,178
1153514,6,48,49,19,13,135,4,139
1153515,13,39,50,18,9,129,3,132
1153516,0,0,0,0,0,0,0,0
1153517,0,0,0,0,0,0,0,0
1153518,0,4,48,24,17,93,0,93
1153519,0,20,78,35,30,163,5,168
1153520,16,29,18,3,0,66,6,72
1153521,6,29,57,18,4,114,0,114
1153522,8,69,94,24,3,198,4,202
1153523,0,14,54,12,19,99,0,99
1153524,0,5,29,24,16,74,0,74
1153525,3,11,71,46,19,150,0,150
1153526,3,18,57,22,20,120,4,124
1153527,0,9,30,23,12,74,0,74
1153528,8,49,63,11,0,131,0,131
1153529,7,64,101,10,0,182,4,186
1153530,0,19,64,23,19,125,3,128
1153531,0,10,33,15,10,68,0,68
1153532,5,21,91,37,19,173,0,173
1153533,0,14,30,6,4,54,4,58
1153534,10,54,70,33,13,180,8,188
1153535,3,38,65,22,7,135,6,141
1153536,0,28,64,38,13,143,0,143
1153537,0,0,0,0,0,0,0,0
1153538,8,72,46,5,0,131,3,134
1153539,12,19,21,9,0,61,6,67
1153540,0,15,33,18,6,72,0,72
1153541,0,17,57,30,20,124,3,127
1153542,3,23,49,31,12,118,0,118
1153543,3,27,58,18,26,132,0,132
1153544,0,9,52,23,9,93,0,93
1153545,3,30,60,10,9,112,3,115
1153546,3,23,35,11,3,75,0,75
1153547,0,54,77,27,10,168,6,174
1153548,3,30,47,10,3,93,0,93
1153549,0,16,62,25,8,111,0,111
1153550,0,29,63,17,10,119,0,119
1153551,0,24,51,21,12,108,3,111
1153552,3,22,50,25,10,110,3,113
1153553,3,30,51,27,15,126,0,126
1153554,3,41,82,28,15,169,0,169
1153555,3,19,59,25,14,120,0,120
1153556,15,42,68,17,7,149,5,154
1153557,4,19,41,23,8,95,3,98
1153601,0,12,33,11,7,63,0,63
1153602,0,19,59,20,13,111,0,111
1153603,18,47,31,17,3,116,3,119
1153604,9,36,45,12,8,110,0,110
1153605,11,37,50,17,4,119,3,122
1153606,17,51,53,12,9,142,5,147
1153607,13,48,45,6,3,115,3,118
1153608,4,23,43,5,7,82,0,82
1153609,5,48,82,10,4,149,0,149
1153610,11,54,81,14,17,177,4,181
1153611,0,44,69,18,15,146,3,149
1153612,0,23,36,10,6,75,0,75
1153613,0,28,55,14,5,102,3,105
1153614,0,28,69,22,5,124,3,127
1153615,0,11,23,16,13,63,0,63
1153616,0,23,60,23,16,122,0,122
1153617,7,95,70,20,14,206,6,212
1153618,72,139,39,10,5,265,6,271
1153619,7,54,41,13,3,118,0,118
1153620,5,56,96,15,11,183,7,190
1153621,6,34,84,24,9,157,6,163
1153622,8,44,102,25,8,187,0,187
1153623,7,47,56,14,10,134,3,137
1153624,9,33,87,33,7,169,5,174
1153625,6,29,77,19,21,152,3,155
1153626,3,31,62,21,9,126,4,130
1153627,10,52,32,8,9,111,5,116
1153628,4,19,71,12,4,110,3,113
1153629,0,22,48,21,3,94,3,97
1153630,4,45,46,11,8,114,4,118
1153631,5,44,87,40,10,186,5,191
1153632,3,34,68,17,6,128,3,131
1153633,8,52,69,21,5,155,3,158
1153634,0,26,69,27,13,135,5,140
1153635,15,47,40,7,0,109,7,116
1153636,4,33,37,20,7,101,4,105
1153637,10,47,83,8,5,153,3,156
1153638,3,75,71,7,8,164,5,169
1153639,0,34,56,30,14,134,5,139
1153640,4,23,70,17,15,129,0,129
1153641,12,41,75,9,5,142,7,149
1153642,8,64,68,13,15,168,0,168
1153643,24,90,69,9,10,202,3,205
1153644,36,103,71,8,3,221,3,224
1153645,3,31,95,25,9,163,3,166
1153646,0,23,66,30,11,130,0,130
1153647,3,28,89,27,16,163,5,168
1153648,0,28,57,23,5,113,0,113
1153649,0,47,94,19,5,165,4,169
1153701,3,3,0,0,0,6,0,6
1153801,3,55,62,17,0,137,3,140
1153802,0,25,42,15,5,87,6,93
1153803,0,37,77,23,10,147,3,150
1153804,0,42,43,12,10,107,0,107
1153805,0,0,0,0,0,0,0,0
1153806,7,39,49,15,3,113,0,113
1153807,0,0,0,0,0,0,0,0
1153808,0,33,55,19,14,121,3,124
1153809,23,133,46,5,3,210,3,213
1153810,9,59,52,8,5,133,4,137
1153811,0,0,0,0,0,0,0,0
1153812,9,59,36,12,3,119,6,125
1153813,43,59,49,18,3,172,15,187
1153814,15,38,47,3,6,109,8,117
1153815,11,48,63,16,8,146,3,149
1153816,24,41,30,10,4,109,7,116
1153817,34,143,60,5,3,245,13,258
1153818,3,3,0,0,0,6,0,6
1153819,0,0,0,0,0,0,0,0
1153820,12,81,40,0,0,133,0,133
1153821,10,42,59,17,4,132,0,132
1153822,15,42,43,8,4,112,8,120
1153823,4,30,82,20,12,148,0,148
1153824,0,0,0,0,0,0,0,0
1153825,48,126,26,3,0,203,11,214
1153826,31,138,54,10,0,233,3,236
1153827,18,59,48,17,0,142,6,148
1153828,12,48,66,11,12,149,5,154
1153829,14,47,42,9,0,112,5,117
1153830,5,31,41,8,7,92,4,96
1153831,0,50,86,25,13,174,0,174
1153832,15,51,82,24,7,179,4,183
1153833,40,73,43,9,6,171,13,184
1153834,4,42,42,19,11,118,0,118
1153835,26,69,36,4,10,145,5,150
1153836,22,71,66,21,7,187,0,187
1153837,66,173,72,9,4,324,14,338
1153838,5,61,58,21,9,154,7,161
1153839,0,33,52,15,7,107,0,107
1153840,12,15,29,11,3,70,8,78
1153841,21,97,53,8,4,183,3,186
1153842,6,45,42,4,0,97,3,100
1153843,69,170,61,11,0,311,14,325
1153844,25,161,54,4,0,244,6,250
1153845,34,157,66,6,4,267,5,272
1153846,25,114,48,6,0,193,3,196
1153847,19,76,109,20,10,234,8,242
1153848,7,52,62,14,0,135,3,138
1153849,15,47,40,17,4,123,3,126
1153850,23,123,44,3,3,196,5,201
1153851,17,52,20,6,0,95,0,95
1153852,23,97,45,7,0,172,3,175
1153853,21,192,93,6,0,312,8,320
1949999,0,0,0,0,0,0,0,0
1979991,0,0,0,0,0,0,0,0
1979992,0,0,0,0,0,0,0,0
1979993,0,0,0,0,0,0,0,0
