region_id,Num_MVs_per_dweling_0_MVs,Num_MVs_per_dweling_1_MVs,Num_MVs_per_dweling_2_MVs,Num_MVs_per_dweling_3_MVs,Num_MVs_per_dweling_4mo_MVs,Num_MVs_per_dweling_Tot,Num_MVs_NS,Total_dwelings
SSC10001,20,198,487,257,188,1150,25,1175
SSC10002,226,909,718,146,61,2060,53,2113
SSC10003,7,81,147,51,22,308,7,315
SSC10004,60,339,324,93,38,854,47,901
SSC10005,41,256,339,88,45,769,22,791
SSC10006,0,18,42,14,7,81,4,85
SSC10007,18,182,440,150,71,861,14,875
SSC10008,47,254,342,107,66,816,31,847
SSC10009,0,23,26,7,10,66,4,70
SSC10010,13,278,536,161,73,1061,17,1078
SSC10011,9,36,34,12,6,97,4,101
SSC10012,279,929,811,177,63,2259,79,2338
SSC10013,86,670,860,198,85,1899,44,1943
SSC10014,33,119,128,38,18,336,11,347
SSC10015,0,46,90,51,45,232,0,232
SSC10016,318,485,179,50,16,1048,71,1119
SSC10017,9,15,3,3,3,33,0,33
SSC10018,137,1084,1827,661,313,4022,81,4103
SSC10019,160,903,830,326,160,2379,79,2458
SSC10020,261,813,684,156,53,1967,70,2037
SSC10021,6,78,101,29,22,236,3,239
SSC10022,593,1864,665,82,16,3220,55,3275
SSC10023,10,103,408,210,183,914,10,924
SSC10024,3,35,50,20,8,116,3,119
SSC10025,188,741,872,254,137,2192,67,2259
SSC10026,0,23,50,23,18,114,5,119
SSC10027,305,1082,489,86,44,2006,59,2065
SSC10028,3,9,27,10,3,52,0,52
SSC10029,3,21,26,8,9,67,0,67
SSC10030,4,22,33,13,10,82,4,86
SSC10031,0,35,74,30,15,154,3,157
SSC10032,162,959,822,220,70,2233,70,2303
SSC10033,3,17,23,14,3,60,4,64
SSC10034,221,803,720,243,102,2089,88,2177
SSC10035,5,24,41,17,11,98,0,98
SSC10036,0,38,55,22,19,134,4,138
SSC10037,3,36,24,7,3,73,3,76
SSC10038,80,560,474,160,77,1351,44,1395
SSC10039,532,1789,945,137,40,3443,74,3517
SSC10040,3,49,147,99,89,387,9,396
SSC10041,12,114,253,101,62,542,24,566
SSC10042,6,10,3,3,0,22,0,22
SSC10043,3,67,86,34,3,193,0,193
SSC10044,4,49,62,12,5,132,3,135
SSC10045,0,93,159,81,81,414,6,420
SSC10046,15,154,214,74,35,492,18,510
SSC10047,0,17,48,16,18,99,3,102
SSC10048,19,69,51,10,6,155,5,160
SSC10049,72,218,173,53,25,541,20,561
SSC10050,3,67,58,24,9,161,5,166
SSC10051,12,90,108,33,21,264,3,267
SSC10052,0,20,47,23,12,102,4,106
SSC10053,776,3271,2625,731,315,7718,260,7978
SSC10054,407,1094,744,206,90,2541,117,2658
SSC10055,0,0,0,0,0,0,0,0
SSC10056,10,166,58,10,0,244,9,253
SSC10057,3,65,77,18,4,167,6,173
SSC10058,546,1933,815,114,39,3447,70,3517
SSC10059,86,355,392,131,42,1006,32,1038
SSC10060,4,46,71,10,4,135,0,135
SSC10061,0,36,56,13,7,112,0,112
SSC10062,244,361,245,89,43,982,76,1058
SSC10063,2007,4141,1496,229,101,7974,241,8215
SSC10064,11,125,114,45,26,321,18,339
SSC10065,3,33,54,17,12,119,3,122
SSC10066,210,621,431,122,52,1436,66,1502
SSC10067,24,351,704,207,109,1395,36,1431
SSC10068,103,519,411,110,38,1181,23,1204
SSC10069,7,57,129,58,26,277,6,283
SSC10070,1681,3978,2322,636,249,8866,480,9346
SSC10071,41,283,386,81,34,825,23,848
SSC10072,31,175,278,155,140,779,40,819
SSC10073,126,1106,1726,439,198,3595,75,3670
SSC10074,49,489,650,171,80,1439,37,1476
SSC10075,5,37,38,26,13,119,4,123
SSC10076,3,26,32,12,9,82,0,82
SSC10077,0,42,73,44,27,186,12,198
SSC10078,0,16,43,23,11,93,3,96
SSC10079,4,33,44,18,18,117,4,121
SSC10080,0,44,58,16,17,135,9,144
SSC10081,3,34,46,22,13,118,4,122
SSC10082,17,114,123,30,12,296,12,308
SSC10083,0,20,57,10,11,98,3,101
SSC10084,240,1389,1007,142,43,2821,64,2885
SSC10085,31,287,497,137,57,1009,17,1026
SSC10086,135,674,791,260,98,1958,51,2009
SSC10087,0,7,34,19,15,75,7,82
SSC10088,3,12,24,19,10,68,3,71
SSC10089,639,1779,783,169,62,3432,162,3594
SSC10090,665,2246,995,148,39,4093,100,4193
SSC10091,123,406,225,45,8,807,20,827
SSC10092,8,84,102,46,19,259,4,263
SSC10093,3,19,63,29,12,126,3,129
SSC10094,59,168,226,69,50,572,26,598
SSC10095,3,28,42,10,6,89,6,95
SSC10096,0,48,123,47,36,254,4,258
SSC10097,20,258,312,66,22,678,17,695
SSC10098,3,21,63,23,6,116,3,119
SSC10099,47,363,801,371,177,1759,36,1795
SSC10100,114,381,343,104,52,994,32,1026
SSC10101,0,0,3,0,0,3,0,3
SSC10102,1370,4149,2484,588,282,8873,401,9274
SSC10103,0,0,0,0,0,0,0,0
SSC10104,0,16,38,11,8,73,0,73
SSC10105,3,18,64,23,12,120,3,123
SSC10106,357,2570,2080,555,193,5755,209,5964
SSC10107,111,174,154,33,17,489,30,519
SSC10108,16,56,53,10,9,144,5,149
SSC10109,25,112,105,32,12,286,21,307
SSC10110,28,16,0,0,0,44,3,47
SSC10111,0,0,0,0,0,0,0,0
SSC10112,4,142,519,271,171,1107,16,1123
SSC10113,60,268,296,91,30,745,18,763
SSC10114,70,276,256,83,34,719,33,752
SSC10115,8,74,94,35,18,229,10,239
SSC10116,58,362,537,226,175,1358,49,1407
SSC10117,30,246,214,75,31,596,28,624
SSC10118,7,63,59,13,4,146,3,149
SSC10119,7,53,47,27,9,143,9,152
SSC10120,8,161,238,116,59,582,12,594
SSC10121,18,222,231,66,22,559,23,582
SSC10122,69,292,182,85,21,649,36,685
SSC10123,191,791,720,237,108,2047,91,2138
SSC10124,15,85,84,33,6,223,7,230
SSC10125,0,31,40,16,3,90,3,93
SSC10126,7,70,78,30,11,196,6,202
SSC10127,3,21,38,10,21,93,3,96
SSC10128,20,199,199,66,17,501,17,518
SSC10129,266,818,907,304,140,2435,124,2559
SSC10130,472,1669,1509,454,200,4304,194,4498
SSC10131,64,341,186,42,21,654,33,687
SSC10132,132,328,118,25,16,619,46,665
SSC10133,450,1334,707,181,84,2756,102,2858
SSC10134,32,212,224,50,30,548,43,591
SSC10135,314,3410,5263,1457,655,11099,171,11270
SSC10136,10,54,53,25,24,166,6,172
SSC10137,13,106,98,25,3,245,5,250
SSC10138,106,386,419,144,91,1146,41,1187
SSC10139,75,619,988,286,156,2124,39,2163
SSC10140,44,187,95,19,7,352,8,360
SSC10141,0,17,36,5,5,63,3,66
SSC10142,16,373,1258,365,152,2164,22,2186
SSC10143,0,11,40,17,9,77,3,80
SSC10144,0,24,26,15,8,73,5,78
SSC10145,6,69,97,27,9,208,6,214
SSC10146,94,783,1293,430,155,2755,42,2797
SSC10147,0,0,0,0,0,0,0,0
SSC10148,6,22,53,11,13,105,0,105
SSC10149,179,783,596,146,72,1776,71,1847
SSC10150,3,25,32,10,0,70,0,70
SSC10151,250,707,734,193,80,1964,76,2040
SSC10152,0,6,31,12,3,52,3,55
SSC10153,0,31,65,43,27,166,4,170
SSC10154,20,349,1020,430,235,2054,23,2077
SSC10155,318,699,412,101,30,1560,74,1634
SSC10156,7,20,29,8,8,72,3,75
SSC10157,0,27,60,29,25,141,10,151
SSC10158,0,22,43,10,7,82,0,82
SSC10159,31,223,246,103,58,661,27,688
SSC10160,11,98,118,32,15,274,8,282
SSC10161,13,59,47,6,8,133,0,133
SSC10162,371,1454,1282,328,148,3583,89,3672
SSC10163,78,683,478,105,27,1371,45,1416
SSC10164,345,1043,844,220,125,2577,118,2695
SSC10165,170,743,901,300,133,2247,70,2317
SSC10166,47,200,142,45,18,452,21,473
SSC10167,699,1758,1124,292,144,4017,180,4197
SSC10168,6,31,54,23,19,133,6,139
SSC10169,121,781,1227,368,157,2654,66,2720
SSC10170,9,74,88,35,10,216,15,231
SSC10171,3,38,72,39,24,176,0,176
SSC10172,0,29,35,19,3,86,0,86
SSC10173,7,68,60,39,12,186,10,196
SSC10174,4,26,48,20,18,116,10,126
SSC10175,0,27,40,15,6,88,4,92
SSC10176,0,28,56,36,16,136,3,139
SSC10177,0,24,66,28,25,143,3,146
SSC10178,15,188,388,132,70,793,19,812
SSC10179,3,12,33,5,4,57,0,57
SSC10180,444,1085,782,212,84,2607,117,2724
SSC10181,0,3,3,0,3,9,0,9
SSC10182,113,491,430,127,48,1209,45,1254
SSC10183,0,22,38,13,4,77,0,77
SSC10184,375,1015,803,293,126,2612,134,2746
SSC10185,171,1064,1192,322,147,2896,77,2973
SSC10186,5,56,91,60,79,291,6,297
SSC10187,51,310,252,56,15,684,34,718
SSC10188,44,452,641,209,83,1429,20,1449
SSC10189,6,22,32,8,13,81,3,84
SSC10190,37,479,795,238,97,1646,29,1675
SSC10191,20,116,108,20,8,272,10,282
SSC10192,11,41,36,16,7,111,4,115
SSC10193,30,193,231,78,53,585,16,601
SSC10194,34,194,163,41,20,452,28,480
SSC10195,8,36,45,14,9,112,3,115
SSC10196,3,82,77,28,15,205,5,210
SSC10197,35,378,356,98,55,922,23,945
SSC10198,8,25,60,26,23,142,6,148
SSC10199,56,236,286,95,34,707,16,723
SSC10200,340,1352,1138,279,97,3206,95,3301
SSC10201,4,46,79,29,10,168,3,171
SSC10202,609,2520,2028,564,215,5936,185,6121
SSC10203,177,543,416,116,49,1301,44,1345
SSC10204,7,30,44,24,7,112,0,112
SSC10205,0,17,45,20,11,93,3,96
SSC10206,350,608,259,74,21,1312,63,1375
SSC10207,3,30,87,49,26,195,3,198
SSC10208,4,27,47,30,11,119,5,124
SSC10209,6,57,55,39,26,183,3,186
SSC10210,35,361,576,146,52,1170,29,1199
SSC10211,4,39,95,44,21,203,11,214
SSC10212,16,275,672,205,82,1250,20,1270
SSC10213,6,37,42,16,7,108,5,113
SSC10214,3,23,54,23,6,109,0,109
SSC10215,3,82,128,46,29,288,10,298
SSC10216,9,63,71,36,9,188,4,192
SSC10217,3,28,39,10,7,87,3,90
SSC10218,58,270,174,57,14,573,16,589
SSC10219,0,39,50,17,3,109,3,112
SSC10220,6,52,81,36,33,208,6,214
SSC10221,0,35,61,30,14,140,3,143
SSC10222,3,30,23,5,6,67,3,70
SSC10223,29,128,108,34,13,312,12,324
SSC10224,0,11,29,10,13,63,4,67
SSC10225,109,592,441,62,12,1216,20,1236
SSC10226,96,305,239,76,28,744,37,781
SSC10227,111,322,285,95,34,847,35,882
SSC10228,0,16,24,10,21,71,5,76
SSC10229,4,15,25,14,7,65,0,65
SSC10230,11,138,127,19,3,298,5,303
SSC10231,0,26,77,45,44,192,4,196
SSC10232,3,30,55,21,11,120,3,123
SSC10233,3,39,52,27,16,137,10,147
SSC10234,92,402,345,118,67,1024,35,1059
SSC10235,80,372,410,155,94,1111,47,1158
SSC10236,188,427,273,74,36,998,50,1048
SSC10237,192,856,528,117,45,1738,47,1785
SSC10238,3,29,36,18,7,93,9,102
SSC10239,82,341,237,65,22,747,28,775
SSC10240,1687,6101,4385,1254,477,13904,506,14410
SSC10241,87,336,213,50,20,706,22,728
SSC10242,12,178,343,130,56,719,26,745
SSC10243,5,45,41,17,8,116,0,116
SSC10244,91,530,814,305,141,1881,44,1925
SSC10245,3,32,53,26,6,120,3,123
SSC10246,160,920,1031,342,135,2588,52,2640
SSC10247,3,9,46,28,36,122,4,126
SSC10248,83,438,444,166,87,1218,44,1262
SSC10249,63,682,920,284,141,2090,46,2136
SSC10250,3,30,57,30,14,134,3,137
SSC10251,46,183,140,21,15,405,11,416
SSC10252,77,808,764,251,80,1980,60,2040
SSC10253,8,30,17,0,0,55,0,55
SSC10254,0,3,3,0,0,6,0,6
SSC10255,3,100,241,99,53,496,12,508
SSC10256,80,794,790,190,60,1914,52,1966
SSC10257,7,90,131,53,12,293,10,303
SSC10258,5,48,60,29,23,165,9,174
SSC10259,15,74,85,18,11,203,9,212
SSC10260,4,31,37,22,16,110,3,113
SSC10261,65,513,447,103,31,1159,38,1197
SSC10262,56,116,91,40,14,317,20,337
SSC10263,28,137,152,62,34,413,20,433
SSC10264,87,334,250,90,33,794,27,821
SSC10265,9,113,163,82,54,421,8,429
SSC10266,8,167,411,127,74,787,4,791
SSC10267,240,1188,859,222,96,2605,92,2697
SSC10268,45,179,185,64,18,491,20,511
SSC10269,0,13,32,9,9,63,3,66
SSC10270,0,7,3,3,0,13,0,13
SSC10271,0,15,56,13,8,92,3,95
SSC10272,0,0,5,4,0,9,0,9
SSC10273,5,22,46,18,16,107,0,107
SSC10274,18,106,67,17,8,216,8,224
SSC10275,895,1877,778,116,47,3713,168,3881
SSC10276,1233,2260,871,110,29,4503,176,4679
SSC10277,1022,1723,556,76,25,3402,123,3525
SSC10278,39,475,455,132,53,1154,45,1199
SSC10279,4,131,368,122,63,688,9,697
SSC10280,33,388,445,117,40,1023,17,1040
SSC10281,231,737,781,257,144,2150,126,2276
SSC10282,64,388,760,408,201,1821,55,1876
SSC10283,13,204,319,146,62,744,15,759
SSC10284,3,31,53,23,15,125,0,125
SSC10285,91,233,122,31,13,490,18,508
SSC10286,0,12,21,18,4,55,5,60
SSC10287,0,23,32,12,3,70,3,73
SSC10288,48,147,115,50,21,381,11,392
SSC10289,0,12,20,10,11,53,4,57
SSC10290,0,20,48,22,21,111,3,114
SSC10291,12,82,65,7,4,170,3,173
SSC10292,75,213,133,46,20,487,8,495
SSC10293,3,40,54,20,16,133,5,138
SSC10294,3,8,33,11,7,62,4,66
SSC10295,0,7,12,9,5,33,0,33
SSC10296,42,220,233,79,42,616,30,646
SSC10297,4,30,77,29,7,147,0,147
SSC10298,3,19,32,19,4,77,3,80
SSC10299,4,25,48,31,15,123,3,126
SSC10300,3,25,31,13,13,85,5,90
SSC10301,0,20,74,36,17,147,3,150
SSC10302,220,1081,1538,709,393,3941,132,4073
SSC10303,298,1142,1117,234,96,2887,97,2984
SSC10304,0,0,0,0,0,0,0,0
SSC10305,0,0,0,0,0,0,0,0
SSC10306,119,288,234,60,43,744,58,802
SSC10307,12,194,415,113,23,757,13,770
SSC10308,3,13,19,12,0,47,0,47
SSC10309,12,144,217,67,34,474,11,485
SSC10310,0,18,72,39,26,155,0,155
SSC10311,9,122,225,82,41,479,7,486
SSC10312,125,240,184,36,22,607,64,671
SSC10313,0,46,84,28,8,166,6,172
SSC10314,9,49,96,56,35,245,4,249
SSC10315,226,1444,1177,268,96,3211,112,3323
SSC10316,46,223,134,41,16,460,15,475
SSC10317,0,0,0,0,0,0,0,0
SSC10318,6,68,108,78,82,342,13,355
SSC10319,3,17,24,13,7,64,6,70
SSC10320,241,1171,1068,285,122,2887,83,2970
SSC10321,3,39,43,15,6,106,0,106
SSC10322,29,219,218,56,38,560,14,574
SSC10323,0,22,78,60,44,204,3,207
SSC10324,20,147,260,121,51,599,13,612
SSC10325,0,38,45,18,7,108,4,112
SSC10326,14,128,110,23,15,290,9,299
SSC10327,0,22,39,22,14,97,0,97
SSC10328,0,39,46,20,11,116,3,119
SSC10329,43,431,476,88,24,1062,9,1071
SSC10330,0,22,20,4,0,46,3,49
SSC10331,4,43,81,25,20,173,0,173
SSC10332,111,155,85,23,22,396,15,411
SSC10333,0,14,31,12,13,70,3,73
SSC10334,3,23,37,16,12,91,5,96
SSC10335,0,28,62,29,23,142,4,146
SSC10336,3,36,52,15,12,118,3,121
SSC10337,468,1587,845,167,88,3155,116,3271
SSC10338,17,115,130,50,18,330,5,335
SSC10339,17,90,238,123,160,628,21,649
SSC10340,0,14,29,18,13,74,3,77
SSC10341,98,314,191,39,19,661,20,681
SSC10342,13,78,60,21,6,178,6,184
SSC10343,3,21,32,18,13,87,4,91
SSC10344,4,23,72,31,27,157,0,157
SSC10345,0,12,20,14,9,55,3,58
SSC10346,3,71,82,31,7,194,3,197
SSC10347,3,53,98,29,30,213,0,213
SSC10348,4,29,34,15,12,94,0,94
SSC10349,823,3162,2275,649,240,7149,373,7522
SSC10350,297,1100,800,161,41,2399,62,2461
SSC10351,3,21,32,20,22,98,3,101
SSC10352,0,18,29,25,10,82,0,82
SSC10353,0,28,43,12,6,89,3,92
SSC10354,23,108,95,32,16,274,13,287
SSC10355,134,456,306,37,31,964,39,1003
SSC10356,11,38,26,10,0,85,3,88
SSC10357,7,40,76,30,8,161,3,164
SSC10358,28,265,182,43,14,532,20,552
SSC10359,3,17,28,29,24,101,3,104
SSC10360,32,104,64,13,18,231,7,238
SSC10361,0,14,26,11,8,59,3,62
SSC10362,7,19,35,27,14,102,5,107
SSC10363,61,330,175,65,23,654,80,734
SSC10364,4,52,47,16,13,132,3,135
SSC10365,0,39,81,38,16,174,4,178
SSC10366,0,28,80,23,7,138,3,141
SSC10367,3,21,53,21,17,115,0,115
SSC10368,124,608,414,101,41,1288,70,1358
SSC10369,0,0,0,0,0,0,0,0
SSC10370,85,548,451,121,56,1261,42,1303
SSC10371,3,36,30,8,22,99,3,102
SSC10372,3,33,65,24,22,147,3,150
SSC10373,38,239,200,61,29,567,22,589
SSC10374,3,13,54,26,13,109,3,112
SSC10375,36,190,155,45,17,443,10,453
SSC10376,186,651,810,209,83,1939,59,1998
SSC10377,9,28,45,11,4,97,3,100
SSC10378,3,13,35,25,13,89,3,92
SSC10379,5,41,14,5,0,65,0,65
SSC10380,38,437,341,87,41,944,28,972
SSC10381,12,97,104,45,25,283,9,292
SSC10382,47,239,267,71,41,665,27,692
SSC10383,4,29,25,20,0,78,0,78
SSC10384,3,29,34,6,11,83,0,83
SSC10385,16,254,563,213,115,1161,13,1174
SSC10386,0,9,22,13,12,56,0,56
SSC10387,0,32,54,28,10,124,3,127
SSC10388,0,16,24,18,16,74,0,74
SSC10389,3,44,42,10,4,103,3,106
SSC10390,3,25,33,11,9,81,0,81
SSC10391,0,37,58,17,15,127,3,130
SSC10392,5,10,5,0,3,23,0,23
SSC10393,21,123,166,48,27,385,19,404
SSC10394,0,36,111,57,26,230,7,237
SSC10395,0,21,59,32,17,129,3,132
SSC10396,39,279,426,104,65,913,16,929
SSC10397,0,27,47,22,3,99,4,103
SSC10398,0,0,0,0,0,0,0,0
SSC10399,37,198,481,184,118,1018,18,1036
SSC10400,0,21,33,13,14,81,0,81
SSC10401,0,37,42,11,5,95,3,98
SSC10402,0,33,37,17,8,95,0,95
SSC10403,4,30,36,20,22,112,5,117
SSC10404,21,275,186,45,12,539,24,563
SSC10405,4,99,125,39,29,296,5,301
SSC10406,0,29,47,18,22,116,6,122
SSC10407,3,24,47,27,11,112,9,121
SSC10408,3,12,24,11,4,54,0,54
SSC10409,1120,1808,857,190,93,4068,167,4235
SSC10410,21,86,83,38,14,242,7,249
SSC10411,181,428,350,115,57,1131,66,1197
SSC10412,6,111,154,42,31,344,4,348
SSC10413,15,166,296,101,64,642,12,654
SSC10414,0,31,52,23,8,114,0,114
SSC10415,8,42,51,16,7,124,5,129
SSC10416,189,878,593,138,65,1863,98,1961
SSC10417,3,35,37,7,5,87,3,90
SSC10418,0,48,183,100,68,399,3,402
SSC10419,13,224,328,90,24,679,11,690
SSC10420,10,7,4,0,0,21,5,26
SSC10421,1438,2740,1370,348,165,6061,379,6440
SSC10422,217,642,617,229,107,1812,85,1897
SSC10423,6,41,58,22,12,139,0,139
SSC10424,3,29,20,13,5,70,3,73
SSC10425,18,356,510,151,59,1094,18,1112
SSC10426,3,21,46,16,8,94,6,100
SSC10427,0,14,19,8,13,54,0,54
SSC10428,3,19,38,20,4,84,0,84
SSC10429,0,0,0,0,0,0,0,0
SSC10430,29,275,299,84,21,708,29,737
SSC10431,12,160,98,17,0,287,19,306
SSC10432,7,51,48,31,15,152,4,156
SSC10433,0,18,22,18,12,70,4,74
SSC10434,0,19,22,16,8,65,0,65
SSC10435,4,96,195,68,21,384,4,388
SSC10436,30,170,297,101,51,649,22,671
SSC10437,166,817,817,227,100,2127,66,2193
SSC10438,129,425,428,133,70,1185,42,1227
SSC10439,3,32,25,3,3,66,0,66
SSC10440,4,72,293,108,44,521,9,530
SSC10441,53,381,703,239,113,1489,33,1522
SSC10442,17,320,843,276,117,1573,22,1595
SSC10443,291,1684,807,118,41,2941,49,2990
SSC10444,622,1737,1026,278,96,3759,143,3902
SSC10445,819,1777,465,54,18,3133,68,3201
SSC10446,1508,3333,1476,331,125,6773,329,7102
SSC10447,45,178,194,36,9,462,17,479
SSC10448,0,98,103,33,19,253,9,262
SSC10449,4,21,20,10,5,60,0,60
SSC10450,3,38,95,36,19,191,3,194
SSC10451,323,1047,1019,311,129,2829,119,2948
SSC10452,476,1178,764,217,95,2730,136,2866
SSC10453,0,33,75,36,27,171,6,177
SSC10454,0,29,39,26,16,110,0,110
SSC10455,80,285,342,134,70,911,25,936
SSC10456,317,978,604,142,60,2101,90,2191
SSC10457,122,321,82,17,3,545,32,577
SSC10458,0,9,31,9,11,60,3,63
SSC10459,9,35,49,30,19,142,4,146
SSC10460,13,76,114,43,16,262,6,268
SSC10461,3,14,27,20,11,75,4,79
SSC10462,10,61,98,40,29,238,7,245
SSC10463,159,889,788,221,92,2149,59,2208
SSC10464,35,149,159,64,22,429,16,445
SSC10465,69,432,423,122,63,1109,21,1130
SSC10466,36,167,112,43,13,371,18,389
SSC10467,6,52,82,28,20,188,5,193
SSC10468,4,24,21,15,4,68,9,77
SSC10469,524,1975,1440,329,137,4405,154,4559
SSC10470,162,1097,1722,586,297,3864,79,3943
SSC10471,392,2332,3088,840,309,6961,134,7095
SSC10472,396,1506,1017,240,95,3254,105,3359
SSC10473,6,51,56,19,3,135,3,138
SSC10474,8,17,5,0,0,30,0,30
SSC10475,231,502,263,78,25,1099,77,1176
SSC10476,4,28,40,22,14,108,3,111
SSC10477,119,361,231,56,5,772,29,801
SSC10478,7,25,22,4,3,61,8,69
SSC10479,0,41,50,29,9,129,4,133
SSC10480,47,110,179,58,28,422,11,433
SSC10481,270,284,162,48,22,786,53,839
SSC10482,5,16,20,5,16,62,0,62
SSC10483,3,52,175,105,75,410,3,413
SSC10484,520,1750,1260,324,108,3962,178,4140
SSC10485,7,29,53,18,11,118,5,123
SSC10486,16,227,395,126,53,817,9,826
SSC10487,0,27,72,32,23,154,4,158
SSC10488,485,3250,5386,1806,916,11843,221,12064
SSC10489,3,22,43,23,12,103,0,103
SSC10490,26,243,474,119,61,923,23,946
SSC10491,10,63,106,71,75,325,4,329
SSC10492,11,193,273,58,22,557,11,568
SSC10493,296,1352,1703,560,258,4169,241,4410
SSC10494,60,431,300,72,30,893,36,929
SSC10495,6,60,140,89,92,387,18,405
SSC10496,4,61,64,16,7,152,7,159
SSC10497,8,43,82,52,34,219,0,219
SSC10498,68,423,613,162,91,1357,39,1396
SSC10499,6,22,54,37,24,143,3,146
SSC10500,0,30,40,18,5,93,0,93
SSC10501,26,332,783,404,224,1769,37,1806
SSC10502,14,101,181,74,65,435,8,443
SSC10503,3,44,45,25,13,130,3,133
SSC10504,243,549,185,36,12,1025,22,1047
SSC10505,0,10,28,24,19,81,3,84
SSC10506,6,51,70,24,7,158,4,162
SSC10507,474,2005,1601,447,206,4733,191,4924
SSC10508,59,568,293,70,41,1031,50,1081
SSC10509,5,32,36,9,3,85,7,92
SSC10510,0,0,0,0,0,0,0,0
SSC10511,371,1780,1913,473,205,4742,121,4863
SSC10512,63,294,311,104,35,807,29,836
SSC10513,1630,3791,1778,330,111,7640,161,7801
SSC10514,22,159,217,59,16,473,5,478
SSC10515,3,25,32,11,3,74,3,77
SSC10516,14,173,319,93,44,643,6,649
SSC10517,153,1561,2738,857,406,5715,74,5789
SSC10518,522,1389,1192,388,153,3644,182,3826
SSC10519,154,335,382,118,48,1037,40,1077
SSC10520,0,18,16,19,4,57,3,60
SSC10521,6,39,45,8,11,109,4,113
SSC10522,118,394,125,28,17,682,71,753
SSC10523,880,682,120,10,4,1696,47,1743
SSC10524,93,758,1159,490,258,2758,62,2820
SSC10525,0,8,29,14,10,61,3,64
SSC10526,65,559,380,60,29,1093,12,1105
SSC10527,40,243,283,77,31,674,24,698
SSC10528,6,89,131,46,32,304,6,310
SSC10529,3,76,207,74,25,385,10,395
SSC10530,4,28,31,14,8,85,0,85
SSC10531,42,378,594,178,57,1249,23,1272
SSC10532,0,17,35,17,12,81,0,81
SSC10533,14,125,270,99,54,562,16,578
SSC10534,0,11,17,4,4,36,4,40
SSC10535,0,35,71,43,28,177,7,184
SSC10536,260,353,113,36,4,766,50,816
SSC10537,85,200,192,42,13,532,19,551
SSC10538,0,24,27,6,9,66,0,66
SSC10539,3,32,128,51,43,257,4,261
SSC10540,5,107,276,101,31,520,10,530
SSC10541,3,41,64,18,10,136,3,139
SSC10542,177,800,587,95,19,1678,41,1719
SSC10543,9,100,164,44,18,335,3,338
SSC10544,3,49,65,38,7,162,5,167
SSC10545,0,0,0,0,0,0,0,0
SSC10546,15,165,280,105,50,615,11,626
SSC10547,4,17,21,15,3,60,0,60
SSC10548,4,9,27,16,12,68,3,71
SSC10549,117,567,502,126,48,1360,42,1402
SSC10550,14,102,79,20,16,231,12,243
SSC10551,5,67,139,63,61,335,5,340
SSC10552,3,34,41,17,4,99,0,99
SSC10553,1182,4220,2977,741,291,9411,403,9814
SSC10554,24,147,154,83,63,471,18,489
SSC10555,0,0,0,0,0,0,0,0
SSC10556,21,140,182,46,16,405,5,410
SSC10557,55,82,92,29,24,282,10,292
SSC10558,258,1666,2143,553,260,4880,108,4988
SSC10559,0,30,79,23,14,146,5,151
SSC10560,5,24,30,10,12,81,4,85
SSC10561,3,12,28,13,11,67,0,67
SSC10562,0,9,26,3,3,41,0,41
SSC10563,8,68,92,30,20,218,7,225
SSC10564,5,39,34,21,11,110,4,114
SSC10565,9,155,244,88,62,558,18,576
SSC10566,0,0,0,0,0,0,0,0
SSC10567,204,950,944,337,139,2574,74,2648
SSC10568,0,7,12,4,3,26,0,26
SSC10569,3,71,72,25,17,188,3,191
SSC10570,0,8,18,7,14,47,0,47
SSC10571,38,402,574,117,79,1210,18,1228
SSC10572,0,0,9,3,4,16,0,16
SSC10573,3,18,35,22,11,89,6,95
SSC10574,452,1652,1790,506,231,4631,98,4729
SSC10575,179,683,710,211,83,1866,41,1907
SSC10576,259,1032,1089,385,203,2968,105,3073
SSC10577,129,482,466,187,84,1348,57,1405
SSC10578,0,27,48,8,8,91,3,94
SSC10579,3,50,86,40,11,190,3,193
SSC10580,0,28,61,26,8,123,3,126
SSC10581,0,25,41,16,9,91,0,91
SSC10582,0,36,33,12,0,81,7,88
SSC10583,113,348,248,51,30,790,41,831
SSC10584,3,52,58,12,5,130,8,138
SSC10585,42,232,412,125,76,887,8,895
SSC10586,144,545,516,123,77,1405,61,1466
SSC10587,962,2986,1547,237,52,5784,129,5913
SSC10588,3,21,35,13,5,77,3,80
SSC10589,0,26,31,23,10,90,4,94
SSC10590,9,45,87,21,7,169,9,178
SSC10591,246,700,472,110,33,1561,56,1617
SSC10592,0,20,57,21,27,125,0,125
SSC10593,3,29,60,29,19,140,3,143
SSC10594,0,32,43,14,9,98,4,102
SSC10595,37,156,178,57,31,459,8,467
SSC10596,40,216,305,112,56,729,23,752
SSC10597,0,18,41,17,16,92,5,97
SSC10598,9,43,54,26,9,141,7,148
SSC10599,274,1081,902,224,108,2589,89,2678
SSC10600,3,33,52,17,3,108,7,115
SSC10601,5,100,63,8,3,179,5,184
SSC10602,34,86,127,39,28,314,7,321
SSC10603,113,504,361,111,39,1128,63,1191
SSC10604,141,373,374,116,70,1074,52,1126
SSC10605,0,35,65,21,14,135,4,139
SSC10606,4,81,75,18,15,193,11,204
SSC10607,0,29,44,18,12,103,3,106
SSC10608,3,31,47,24,9,114,0,114
SSC10609,3,55,68,19,11,156,5,161
SSC10610,92,641,559,213,120,1625,48,1673
SSC10611,262,1080,889,256,119,2606,96,2702
SSC10612,0,44,62,36,15,157,3,160
SSC10613,20,276,425,126,45,892,17,909
SSC10614,10,87,69,14,12,192,7,199
SSC10615,30,190,192,54,19,485,16,501
SSC10616,3,17,9,4,0,33,3,36
SSC10617,6,85,118,45,21,275,9,284
SSC10618,0,13,43,24,17,97,3,100
SSC10619,15,240,667,277,164,1363,24,1387
SSC10620,0,29,56,28,24,137,5,142
SSC10621,16,171,225,57,23,492,17,509
SSC10622,36,611,762,169,53,1631,44,1675
SSC10623,0,29,56,25,12,122,0,122
SSC10624,177,916,834,212,60,2199,88,2287
SSC10625,333,976,819,211,104,2443,93,2536
SSC10626,0,6,24,4,0,34,0,34
SSC10627,0,19,48,15,8,90,3,93
SSC10628,5,23,37,15,15,95,3,98
SSC10629,9,123,150,60,25,367,9,376
SSC10630,5,55,97,14,9,180,8,188
SSC10631,355,1407,1263,407,171,3603,178,3781
SSC10632,0,16,17,11,4,48,4,52
SSC10633,0,32,47,13,11,103,3,106
SSC10634,220,1293,1934,699,379,4525,105,4630
SSC10635,0,0,0,0,0,0,0,0
SSC10636,9,37,38,17,3,104,3,107
SSC10637,628,2705,1229,174,50,4786,91,4877
SSC10638,75,492,266,36,11,880,9,889
SSC10639,30,255,244,72,23,624,19,643
SSC10640,142,858,563,164,85,1812,70,1882
SSC10641,117,262,191,52,22,644,29,673
SSC10642,179,705,1060,288,168,2400,62,2462
SSC10643,798,3434,2537,522,229,7520,255,7775
SSC10644,60,329,400,123,75,987,29,1016
SSC10645,5,52,58,30,4,149,0,149
SSC10646,9,57,80,29,18,193,7,200
SSC10647,0,0,0,0,0,0,0,0
SSC10648,6,56,25,8,5,100,8,108
SSC10649,312,1042,358,45,13,1770,35,1805
SSC10650,454,1523,1026,239,94,3336,103,3439
SSC10651,488,1531,1247,351,123,3740,126,3866
SSC10652,0,37,65,24,9,135,4,139
SSC10653,12,61,100,45,25,243,9,252
SSC10654,5,102,120,44,28,299,9,308
SSC10655,3,28,44,25,20,120,3,123
SSC10656,3,57,36,6,6,108,3,111
SSC10657,87,505,336,106,37,1071,39,1110
SSC10658,28,191,178,65,28,490,26,516
SSC10659,4,16,28,11,6,65,4,69
SSC10660,7,89,202,72,20,390,7,397
SSC10661,3,9,26,11,6,55,3,58
SSC10662,0,16,46,15,10,87,0,87
SSC10663,22,90,27,9,7,155,11,166
SSC10664,14,56,87,36,22,215,10,225
SSC10665,27,268,263,89,53,700,33,733
SSC10666,0,38,29,7,4,78,0,78
SSC10667,44,250,354,88,31,767,20,787
SSC10668,12,85,131,59,35,322,9,331
SSC10669,15,37,66,22,17,157,7,164
SSC10670,6,31,55,27,7,126,7,133
SSC10671,0,14,30,17,13,74,7,81
SSC10672,34,501,796,176,65,1572,22,1594
SSC10673,4,80,69,17,3,173,9,182
SSC10674,3,23,34,11,9,80,7,87
SSC10675,197,201,64,13,6,481,44,525
SSC10676,15,106,89,28,7,245,13,258
SSC10677,0,18,45,10,11,84,0,84
SSC10678,44,351,245,73,9,722,26,748
SSC10679,3,7,19,4,4,37,0,37
SSC10680,0,22,43,17,8,90,0,90
SSC10681,0,28,17,10,5,60,0,60
SSC10682,34,68,14,0,0,116,0,116
SSC10683,333,1453,1422,428,175,3811,123,3934
SSC10684,5,41,50,18,10,124,6,130
SSC10685,3,21,59,24,13,120,3,123
SSC10686,47,69,55,16,4,191,11,202
SSC10687,0,18,19,0,3,40,3,43
SSC10688,0,17,18,6,8,49,3,52
SSC10689,11,52,31,4,3,101,0,101
SSC10690,250,966,491,73,28,1808,69,1877
SSC10691,2174,1983,411,40,11,4619,127,4746
SSC10692,11,59,80,28,13,191,3,194
SSC10693,267,372,107,24,3,773,19,792
SSC10694,31,146,156,57,22,412,19,431
SSC10695,0,30,128,52,39,249,7,256
SSC10696,3,141,409,142,61,756,9,765
SSC10697,63,392,324,91,46,916,29,945
SSC10698,43,106,63,10,3,225,9,234
SSC10699,49,281,372,129,55,886,28,914
SSC10700,1054,4217,2353,390,180,8194,244,8438
SSC10701,11,53,38,13,3,118,8,126
SSC10702,3,37,39,14,8,101,9,110
SSC10703,17,65,66,31,11,190,8,198
SSC10704,0,49,67,24,25,165,3,168
SSC10705,9,67,70,39,24,209,9,218
SSC10706,16,65,110,90,93,374,9,383
SSC10707,8,96,59,13,7,183,5,188
SSC10708,296,1101,1096,287,102,2882,158,3040
SSC10709,48,412,491,119,47,1117,18,1135
SSC10710,35,230,312,70,36,683,14,697
SSC10711,8,101,138,30,12,289,8,297
SSC10712,36,222,255,80,41,634,23,657
SSC10713,3,31,46,17,14,111,6,117
SSC10714,79,296,281,85,37,778,32,810
SSC10715,4,113,133,37,14,301,11,312
SSC10716,3,13,24,18,3,61,4,65
SSC10717,0,32,80,35,19,166,4,170
SSC10718,88,414,253,32,14,801,29,830
SSC10719,0,45,28,8,0,81,5,86
SSC10720,5,74,101,39,22,241,9,250
SSC10721,4,59,32,13,0,108,5,113
SSC10722,569,1518,1250,405,175,3917,175,4092
SSC10723,3,14,65,22,10,114,3,117
SSC10724,50,244,220,85,49,648,18,666
SSC10725,45,264,197,67,23,596,19,615
SSC10726,338,977,488,72,23,1898,69,1967
SSC10727,3,33,41,9,9,95,4,99
SSC10728,6,75,168,82,61,392,8,400
SSC10729,83,352,583,186,90,1294,38,1332
SSC10730,3,23,63,25,21,135,0,135
SSC10731,0,33,36,14,11,94,5,99
SSC10732,26,155,20,5,8,214,20,234
SSC10733,11,80,43,12,6,152,3,155
SSC10734,423,2016,1583,267,94,4383,105,4488
SSC10735,1081,4569,4232,1167,442,11491,433,11924
SSC10736,3,11,44,23,24,105,6,111
SSC10737,0,26,32,16,5,79,0,79
SSC10738,24,258,375,115,41,813,18,831
SSC10739,4,21,54,29,29,137,3,140
SSC10740,3,20,51,26,10,110,3,113
SSC10741,904,2657,1233,174,76,5044,130,5174
SSC10742,0,3,12,3,6,24,0,24
SSC10743,3,21,52,17,11,104,6,110
SSC10744,19,179,155,34,11,398,13,411
SSC10745,100,478,497,116,52,1243,30,1273
SSC10746,194,546,626,148,66,1580,56,1636
SSC10747,0,22,32,17,8,79,3,82
SSC10748,6,35,26,8,4,79,3,82
SSC10749,17,149,164,67,42,439,18,457
SSC10750,3,39,51,18,8,119,4,123
SSC10751,97,362,276,89,30,854,28,882
SSC10752,3,37,80,41,26,187,5,192
SSC10753,3,18,40,15,12,88,6,94
SSC10754,5,92,140,38,18,293,5,298
SSC10755,3,21,65,46,23,158,0,158
SSC10756,78,556,947,403,297,2281,40,2321
SSC10757,5,25,36,16,10,92,0,92
SSC10758,4,45,71,44,23,187,6,193
SSC10759,0,37,32,11,7,87,5,92
SSC10760,3,32,59,21,9,124,3,127
SSC10761,84,496,700,288,108,1676,37,1713
SSC10762,0,15,33,11,10,69,3,72
SSC10763,540,2114,2005,629,269,5557,178,5735
SSC10764,190,971,983,217,87,2448,83,2531
SSC10765,90,899,879,188,68,2124,44,2168
SSC10766,0,176,243,69,27,515,15,530
SSC10767,17,148,288,77,41,571,16,587
SSC10768,0,29,65,21,13,128,4,132
SSC10769,146,629,421,100,38,1334,37,1371
SSC10770,321,805,469,90,29,1714,76,1790
SSC10771,10,36,45,22,7,120,5,125
SSC10772,143,383,395,138,74,1133,31,1164
SSC10773,0,31,76,26,8,141,4,145
SSC10774,75,251,164,37,16,543,12,555
SSC10775,12,227,474,128,48,889,11,900
SSC10776,4,73,265,141,105,588,10,598
SSC10777,41,315,549,146,49,1100,24,1124
SSC10778,246,796,627,168,56,1893,75,1968
SSC10779,486,1677,1497,441,205,4306,150,4456
SSC10780,28,230,340,105,41,744,22,766
SSC10781,0,27,38,27,20,112,3,115
SSC10782,159,795,808,194,60,2016,63,2079
SSC10783,3,46,33,17,5,104,4,108
SSC10784,21,85,79,34,20,239,17,256
SSC10785,55,106,102,18,10,291,13,304
SSC10786,675,1104,490,95,41,2405,150,2555
SSC10787,793,2327,1738,418,161,5437,134,5571
SSC10788,0,39,57,21,10,127,3,130
SSC10789,5,53,117,62,55,292,15,307
SSC10790,0,43,39,21,16,119,4,123
SSC10791,117,528,414,91,27,1177,47,1224
SSC10792,5,69,90,31,15,210,5,215
SSC10793,117,658,997,502,297,2571,69,2640
SSC10794,259,514,154,15,6,948,29,977
SSC10795,214,832,846,260,120,2272,71,2343
SSC10796,0,15,26,25,12,78,0,78
SSC10797,4,33,39,26,22,124,0,124
SSC10798,6,163,319,125,58,671,8,679
SSC10799,6,58,48,18,8,138,6,144
SSC10800,24,242,624,212,91,1193,23,1216
SSC10801,62,397,682,196,91,1428,39,1467
SSC10802,33,449,935,308,158,1883,29,1912
SSC10803,114,649,696,231,114,1804,54,1858
SSC10804,1241,1271,214,35,19,2780,85,2865
SSC10805,3,31,38,9,0,81,3,84
SSC10806,0,0,0,0,0,0,0,0
SSC10807,3,79,130,39,18,269,6,275
SSC10808,3,42,81,38,19,183,4,187
SSC10809,0,29,38,13,6,86,4,90
SSC10810,0,47,40,21,8,116,8,124
SSC10811,3,37,39,16,14,109,9,118
SSC10812,3,29,106,55,52,245,0,245
SSC10813,0,9,33,17,25,84,0,84
SSC10814,34,44,51,23,17,169,3,172
SSC10815,0,22,61,18,13,114,4,118
SSC10816,8,218,340,105,48,719,26,745
SSC10817,0,13,41,22,10,86,0,86
SSC10818,139,285,173,57,19,673,40,713
SSC10819,11,106,96,37,24,274,16,290
SSC10820,30,277,344,94,40,785,34,819
SSC10821,0,36,74,16,15,141,0,141
SSC10822,27,241,500,178,78,1024,20,1044
SSC10823,183,972,1112,331,152,2750,124,2874
SSC10824,128,388,290,81,35,922,25,947
SSC10825,252,1688,2565,761,324,5590,106,5696
SSC10826,15,68,47,6,7,143,3,146
SSC10827,371,707,277,37,12,1404,40,1444
SSC10828,12,19,19,17,4,71,3,74
SSC10829,672,2995,2481,622,207,6977,128,7105
SSC10830,0,22,35,16,12,85,0,85
SSC10831,285,877,453,120,76,1811,65,1876
SSC10832,6,28,55,20,18,127,3,130
SSC10833,387,1057,1202,297,151,3094,100,3194
SSC10834,6,70,91,23,12,202,4,206
SSC10835,46,374,797,384,243,1844,46,1890
SSC10836,714,1800,574,70,18,3176,57,3233
SSC10837,0,18,49,20,19,106,4,110
SSC10838,28,264,325,114,63,794,25,819
SSC10839,13,202,291,81,35,622,10,632
SSC10840,382,1066,466,69,16,1999,110,2109
SSC10841,3,26,32,17,3,81,0,81
SSC10842,6,41,56,22,15,140,14,154
SSC10843,15,100,131,53,41,340,15,355
SSC10844,0,10,26,20,8,64,0,64
SSC10845,0,34,101,59,21,215,3,218
SSC10846,3,46,49,28,20,146,3,149
SSC10847,0,49,62,21,5,137,4,141
SSC10848,6,42,40,17,0,105,4,109
SSC10849,3,35,42,16,4,100,3,103
SSC10850,3,30,56,14,6,109,3,112
SSC10851,3,22,40,17,3,85,0,85
SSC10852,3,7,64,20,5,99,4,103
SSC10853,11,79,103,46,24,263,8,271
SSC10854,135,537,350,79,30,1131,58,1189
SSC10855,3,17,31,14,19,84,0,84
SSC10856,50,94,37,9,0,190,6,196
SSC10857,4,33,38,19,5,99,0,99
SSC10858,16,40,28,8,8,100,4,104
SSC10859,0,54,109,50,19,232,7,239
SSC10860,3,93,147,48,22,313,10,323
SSC10861,3,63,83,24,15,188,11,199
SSC10862,1131,2362,1288,352,151,5284,268,5552
SSC10863,249,504,449,146,57,1405,79,1484
SSC10864,269,741,597,211,74,1892,116,2008
SSC10865,224,1060,1102,419,188,2993,114,3107
SSC10866,211,1119,713,119,23,2185,51,2236
SSC10867,0,22,53,10,13,98,5,103
SSC10868,450,1117,729,214,73,2583,113,2696
SSC10869,0,57,131,79,51,318,6,324
SSC10870,0,21,50,21,14,106,4,110
SSC10871,3,7,31,21,15,77,3,80
SSC10872,34,376,654,196,80,1340,36,1376
SSC10873,15,65,89,27,22,218,7,225
SSC10874,52,491,590,180,81,1394,23,1417
SSC10875,0,32,42,12,4,90,3,93
SSC10876,3,31,56,16,11,117,9,126
SSC10877,5,85,116,37,13,256,6,262
SSC10878,33,227,216,58,39,573,19,592
SSC10879,62,362,211,48,20,703,26,729
SSC10880,0,0,0,0,0,0,0,0
SSC10881,93,179,113,37,5,427,31,458
SSC10882,0,15,55,16,8,94,3,97
SSC10883,3,38,70,17,10,138,3,141
SSC10884,0,18,39,11,8,76,5,81
SSC10885,0,0,0,0,0,0,0,0
SSC10886,4,13,27,19,18,81,0,81
SSC10887,3,13,44,20,15,95,6,101
SSC10888,213,1208,1533,475,187,3616,86,3702
SSC10889,48,328,169,34,19,598,20,618
SSC10890,8,52,80,32,6,178,4,182
SSC10891,68,384,359,98,53,962,47,1009
SSC10892,3,70,90,31,12,206,0,206
SSC10893,0,0,0,0,0,0,0,0
SSC10894,5,93,52,14,6,170,5,175
SSC10895,6,50,42,13,4,115,0,115
SSC10896,7,119,181,62,21,390,5,395
SSC10897,0,23,41,11,4,79,0,79
SSC10898,416,1388,1153,249,89,3295,109,3404
SSC10899,3,122,477,136,52,790,6,796
SSC10900,65,474,827,224,81,1671,44,1715
SSC10901,12,144,214,98,32,500,15,515
SSC10902,245,1109,1097,278,119,2848,133,2981
SSC10903,10,211,271,85,21,598,31,629
SSC10904,320,544,221,36,10,1131,41,1172
SSC10905,0,28,75,30,20,153,0,153
SSC10906,199,908,1134,289,130,2660,47,2707
SSC10907,27,245,416,111,52,851,25,876
SSC10908,477,2754,1567,353,112,5263,213,5476
SSC10909,0,9,30,16,12,67,0,67
SSC10910,3,27,38,15,6,89,8,97
SSC10911,6,30,98,44,21,199,3,202
SSC10912,0,19,36,20,3,78,4,82
SSC10913,0,34,58,37,10,139,7,146
SSC10914,27,152,155,54,24,412,9,421
SSC10915,3,3,3,0,0,9,0,9
SSC10916,10,134,255,127,101,627,18,645
SSC10917,99,1106,2047,579,267,4098,74,4172
SSC10918,259,1482,1108,227,80,3156,85,3241
SSC10919,4,63,47,23,14,151,6,157
SSC10920,0,28,30,24,14,96,5,101
SSC10921,5,29,47,19,9,109,3,112
SSC10922,58,238,385,166,142,989,20,1009
SSC10923,0,32,61,28,17,138,5,143
SSC10924,8,100,92,20,11,231,11,242
SSC10925,9,51,73,39,30,202,8,210
SSC10926,18,167,304,95,41,625,20,645
SSC10927,0,15,30,15,9,69,4,73
SSC10928,184,542,403,113,34,1276,43,1319
SSC10929,17,108,94,17,7,243,5,248
SSC10930,116,757,1070,392,200,2535,71,2606
SSC10931,0,31,58,26,8,123,6,129
SSC10932,104,330,299,61,24,818,25,843
SSC10933,0,35,35,15,3,88,5,93
SSC10934,4,39,77,38,16,174,5,179
SSC10935,59,427,508,137,52,1183,27,1210
SSC10936,7,108,97,35,17,264,10,274
SSC10937,11,79,149,50,19,308,3,311
SSC10938,0,17,34,4,5,60,0,60
SSC10939,5,38,31,7,4,85,3,88
SSC10940,3,71,107,47,14,242,9,251
SSC10941,114,458,380,119,75,1146,51,1197
SSC10942,3,19,19,20,14,75,0,75
SSC10943,4,24,53,37,24,142,8,150
SSC10944,30,189,194,64,35,512,23,535
SSC10945,4,22,39,22,18,105,3,108
SSC10946,0,11,28,8,7,54,3,57
SSC10947,67,252,181,41,14,555,17,572
SSC10948,3,20,25,12,13,73,0,73
SSC10949,0,14,23,17,11,65,0,65
SSC10950,162,707,498,115,63,1545,43,1588
SSC10951,584,1828,1385,318,137,4252,121,4373
SSC10952,7,53,63,11,0,134,8,142
SSC10953,1579,2176,723,105,30,4613,178,4791
SSC10954,17,199,524,306,171,1217,13,1230
SSC10955,0,41,54,13,6,114,11,125
SSC10956,249,1015,778,242,112,2396,118,2514
SSC10957,0,8,48,18,16,90,0,90
SSC10958,0,29,32,22,5,88,0,88
SSC10959,72,522,712,243,117,1666,36,1702
SSC10960,0,34,52,24,21,131,3,134
SSC10961,119,452,450,140,67,1228,38,1266
SSC10962,46,506,638,172,37,1399,32,1431
SSC10963,3,11,39,24,11,88,0,88
SSC10964,216,1025,785,212,114,2352,83,2435
SSC10965,81,635,881,214,66,1877,48,1925
SSC10966,36,399,827,389,244,1895,28,1923
SSC10967,3,58,60,19,13,153,3,156
SSC10968,107,1531,3022,936,476,6072,86,6158
SSC10969,10,165,318,96,65,654,16,670
SSC10970,18,181,413,206,181,999,24,1023
SSC10971,0,10,41,20,13,84,0,84
SSC10972,15,115,105,40,17,292,8,300
SSC10973,12,41,49,22,4,128,7,135
SSC10974,6,43,60,30,7,146,4,150
SSC10975,36,355,468,126,55,1040,21,1061
SSC10976,3,18,34,13,15,83,3,86
SSC10977,3,33,37,12,8,93,4,97
SSC10978,0,28,29,20,9,86,0,86
SSC10979,61,1004,2198,667,244,4174,68,4242
SSC10980,21,164,410,178,119,892,14,906
SSC10981,123,524,371,103,40,1161,41,1202
SSC10982,0,19,29,7,16,71,4,75
SSC10983,0,19,38,28,23,108,0,108
SSC10984,0,14,30,10,4,58,0,58
SSC10985,0,21,36,7,10,74,0,74
SSC10986,25,126,261,105,36,553,22,575
SSC10987,3,23,33,16,12,87,5,92
SSC10988,0,0,0,0,0,0,0,0
SSC10989,3,17,32,18,7,77,3,80
SSC10990,18,40,28,9,5,100,11,111
SSC10991,3,21,133,99,76,332,3,335
SSC10992,3,36,45,14,4,102,5,107
SSC10993,0,21,37,9,11,78,4,82
SSC10994,7,47,49,13,12,128,0,128
SSC10995,325,1934,1834,435,171,4699,128,4827
SSC10996,4,84,85,28,8,209,5,214
SSC10997,5,31,34,21,19,110,4,114
SSC10998,129,871,857,224,83,2164,34,2198
SSC10999,41,129,87,36,19,312,26,338
SSC11000,358,1438,905,237,100,3038,154,3192
SSC11001,345,863,330,40,14,1592,55,1647
SSC11002,846,3168,2656,805,343,7818,300,8118
SSC11003,3,35,63,34,34,169,9,178
SSC11004,448,1728,1214,304,133,3827,125,3952
SSC11005,0,19,31,12,15,77,6,83
SSC11006,0,19,30,12,13,74,5,79
SSC11007,0,0,0,0,3,3,0,3
SSC11008,806,1995,1107,258,140,4306,190,4496
SSC11009,53,165,141,76,81,516,14,530
SSC11010,0,50,59,18,10,137,9,146
SSC11011,0,32,50,21,17,120,3,123
SSC11012,0,24,38,22,16,100,3,103
SSC11013,12,157,428,175,90,862,16,878
SSC11014,21,50,42,3,0,116,5,121
SSC11015,0,37,39,15,7,98,7,105
SSC11016,188,978,870,243,106,2385,70,2455
SSC11017,4,94,88,24,8,218,7,225
SSC11018,177,833,1339,582,274,3205,100,3305
SSC11019,744,2208,2312,761,413,6438,310,6748
SSC11020,4,22,35,16,23,100,0,100
SSC11021,3,42,43,10,16,114,6,120
SSC11022,58,337,570,205,105,1275,54,1329
SSC11023,22,76,74,19,8,199,9,208
SSC11024,3,26,90,48,43,210,3,213
SSC11025,0,25,54,17,13,109,4,113
SSC11026,39,224,172,30,31,496,21,517
SSC11027,164,896,655,148,44,1907,41,1948
SSC11028,0,0,0,0,0,0,0,0
SSC11029,0,26,62,21,10,119,4,123
SSC11030,88,397,358,129,72,1044,47,1091
SSC11031,3,18,54,19,15,109,7,116
SSC11032,40,239,365,106,68,818,19,837
SSC11033,369,2156,3011,928,465,6929,162,7091
SSC11034,585,2088,2187,584,289,5733,274,6007
SSC11035,4,33,70,29,14,150,8,158
SSC11036,3,58,129,71,72,333,3,336
SSC11037,0,19,75,55,27,176,6,182
SSC11038,979,2282,1691,521,295,5768,286,6054
SSC11039,127,500,509,140,73,1349,52,1401
SSC11040,39,80,67,24,14,224,8,232
SSC11041,57,343,313,112,44,869,33,902
SSC11042,8,152,266,97,33,556,16,572
SSC11043,0,31,49,27,6,113,3,116
SSC11044,3,19,35,19,15,91,7,98
SSC11045,0,54,68,27,7,156,3,159
SSC11046,55,222,228,53,26,584,20,604
SSC11047,3,52,143,64,64,326,0,326
SSC11048,0,26,43,29,18,116,7,123
SSC11049,0,22,34,15,3,74,3,77
SSC11050,312,1267,1240,413,175,3407,122,3529
SSC11051,3,75,62,31,13,184,5,189
SSC11052,0,34,35,24,0,93,8,101
SSC11053,55,218,279,100,30,682,25,707
SSC11054,7,54,40,17,12,130,8,138
SSC11055,45,442,445,137,46,1115,40,1155
SSC11056,226,459,265,57,38,1045,42,1087
SSC11057,273,1191,1031,226,111,2832,63,2895
SSC11058,60,504,1062,345,168,2139,43,2182
SSC11059,234,826,814,212,81,2167,76,2243
SSC11060,90,445,316,87,37,975,45,1020
SSC11061,0,30,47,13,7,97,3,100
SSC11062,5,31,64,16,7,123,0,123
SSC11063,7,48,75,34,29,193,4,197
SSC11064,285,756,501,115,36,1693,70,1763
SSC11065,31,104,139,39,10,323,9,332
SSC11066,33,136,132,32,10,343,9,352
SSC11067,398,519,482,104,53,1556,159,1715
SSC11068,3,26,66,23,12,130,0,130
SSC11069,60,520,734,199,61,1574,49,1623
SSC11070,66,304,427,112,47,956,80,1036
SSC11071,7,51,80,16,14,168,3,171
SSC11072,23,122,204,89,50,488,14,502
SSC11073,65,269,271,83,42,730,26,756
SSC11074,0,59,49,24,11,143,3,146
SSC11075,0,43,72,27,16,158,6,164
SSC11076,72,502,333,52,11,970,28,998
SSC11077,24,388,1218,367,159,2156,29,2185
SSC11078,389,995,258,35,15,1692,93,1785
SSC11079,3,29,46,15,14,107,3,110
SSC11080,5,49,49,23,9,135,6,141
SSC11081,28,363,540,154,83,1168,36,1204
SSC11082,0,0,0,0,0,0,0,0
SSC11083,22,184,70,12,3,291,8,299
SSC11084,11,58,50,11,3,133,4,137
SSC11085,0,28,76,29,10,143,0,143
SSC11086,40,246,148,36,3,473,30,503
SSC11087,86,360,330,90,59,925,44,969
SSC11088,9,45,53,20,14,141,8,149
SSC11089,1045,460,58,5,0,1568,73,1641
SSC11090,3,35,116,36,19,209,0,209
SSC11091,114,686,621,164,68,1653,30,1683
SSC11092,125,607,822,267,156,1977,43,2020
SSC11093,19,125,53,16,13,226,12,238
SSC11094,217,632,496,168,62,1575,73,1648
SSC11095,123,329,241,85,38,816,46,862
SSC11096,10,110,272,105,57,554,15,569
SSC11097,68,580,846,242,138,1874,48,1922
SSC11098,6,39,69,24,13,151,0,151
SSC11099,35,170,147,42,17,411,22,433
SSC11100,0,24,26,23,13,86,4,90
SSC11101,34,67,42,10,3,156,3,159
SSC11102,3,19,33,24,13,92,0,92
SSC11103,0,36,44,19,10,109,3,112
SSC11104,6,28,24,10,5,73,3,76
SSC11105,3,41,36,12,4,96,3,99
SSC11106,4,25,67,24,30,150,3,153
SSC11107,21,128,165,40,23,377,3,380
SSC11108,7,47,85,22,11,172,7,179
SSC11109,27,224,350,117,77,795,33,828
SSC11110,0,40,39,20,6,105,3,108
SSC11111,5,72,81,39,21,218,6,224
SSC11112,332,964,429,68,19,1812,75,1887
SSC11113,35,180,192,82,48,537,28,565
SSC11114,4,26,43,18,7,98,3,101
SSC11115,57,697,1012,288,108,2162,43,2205
SSC11116,88,738,1245,481,242,2794,83,2877
SSC11117,0,28,46,20,3,97,0,97
SSC11118,56,377,409,99,36,977,29,1006
SSC11119,0,47,44,11,7,109,0,109
SSC11120,41,230,241,69,54,635,43,678
SSC11121,3,35,141,59,48,286,3,289
SSC11122,19,112,193,81,53,458,14,472
SSC11123,16,150,118,21,11,316,5,321
SSC11124,47,511,651,163,32,1404,23,1427
SSC11125,278,938,486,109,52,1863,35,1898
SSC11126,360,1140,433,69,16,2018,70,2088
SSC11127,0,14,26,5,3,48,3,51
SSC11128,5,30,28,7,6,76,3,79
SSC11129,30,213,546,149,63,1001,15,1016
SSC11130,1193,3899,1847,352,144,7435,172,7607
SSC11131,44,588,988,255,123,1998,24,2022
SSC11132,3,25,41,5,5,79,0,79
SSC11133,21,61,43,13,6,144,9,153
SSC11134,5,61,83,21,5,175,0,175
SSC11135,47,611,1033,334,153,2178,25,2203
SSC11136,31,100,145,114,104,494,19,513
SSC11137,0,16,39,23,14,92,5,97
SSC11138,35,355,419,110,47,966,36,1002
SSC11139,43,313,564,163,80,1163,19,1182
SSC11140,0,0,3,0,0,3,0,3
SSC11141,240,924,1129,333,164,2790,74,2864
SSC11142,10,187,434,146,52,829,13,842
SSC11143,3,23,43,23,16,108,3,111
SSC11144,6,135,142,23,4,310,5,315
SSC11145,5,10,20,12,4,51,0,51
SSC11146,7,69,37,5,0,118,0,118
SSC11147,247,817,493,116,48,1721,45,1766
SSC11148,1801,4016,2028,468,186,8499,250,8749
SSC11149,35,227,305,118,56,741,14,755
SSC11150,41,187,100,15,13,356,13,369
SSC11151,0,40,56,6,3,105,3,108
SSC11152,3,70,63,18,0,154,8,162
SSC11153,6,29,41,7,6,89,0,89
SSC11154,3,25,49,22,13,112,4,116
SSC11155,29,316,973,462,371,2151,24,2175
SSC11156,61,387,229,48,14,739,41,780
SSC11157,534,2088,1470,449,198,4739,145,4884
SSC11158,9,84,128,71,64,356,11,367
SSC11159,458,1654,1480,434,176,4202,174,4376
SSC11160,3,69,117,40,22,251,3,254
SSC11161,111,360,226,45,20,762,30,792
SSC11162,14,28,17,7,3,69,3,72
SSC11163,0,16,25,8,8,57,4,61
SSC11164,8,156,213,92,58,527,9,536
SSC11165,0,17,36,19,4,76,3,79
SSC11166,177,846,673,168,100,1964,60,2024
SSC11167,234,880,709,174,80,2077,55,2132
SSC11168,0,28,62,26,14,130,0,130
SSC11169,0,8,41,20,22,91,3,94
SSC11170,3,16,24,10,9,62,3,65
SSC11171,0,19,41,27,11,98,4,102
SSC11172,6,28,28,4,5,71,0,71
SSC11173,0,22,41,12,16,91,0,91
SSC11174,0,34,54,21,16,125,3,128
SSC11175,34,135,152,43,35,399,10,409
SSC11176,20,605,1591,464,265,2945,19,2964
SSC11177,0,20,40,20,13,93,4,97
SSC11178,3,41,84,36,22,186,11,197
SSC11179,0,19,16,4,9,48,3,51
SSC11180,222,429,237,54,32,974,58,1032
SSC11181,59,286,442,157,88,1032,24,1056
SSC11182,0,36,61,17,6,120,7,127
SSC11183,3,83,218,114,90,508,11,519
SSC11184,24,221,289,96,45,675,53,728
SSC11185,10,134,259,145,58,606,14,620
SSC11186,0,3,4,0,3,10,0,10
SSC11187,6,34,48,23,7,118,6,124
SSC11188,0,0,0,0,0,0,0,0
SSC11189,0,31,50,22,19,122,0,122
SSC11190,11,162,221,42,12,448,17,465
SSC11191,122,546,490,139,66,1363,59,1422
SSC11192,68,342,322,59,27,818,27,845
SSC11193,0,32,49,20,12,113,0,113
SSC11194,0,49,61,12,6,128,3,131
SSC11195,3,66,109,41,11,230,8,238
SSC11196,0,27,27,8,6,68,0,68
SSC11197,101,740,677,183,132,1833,50,1883
SSC11198,56,285,138,40,15,534,21,555
SSC11199,4,30,60,23,10,127,0,127
SSC11200,4,20,38,13,10,85,0,85
SSC11201,0,25,90,42,23,180,3,183
SSC11202,13,100,138,41,12,304,9,313
SSC11203,6,39,38,11,15,109,6,115
SSC11204,0,29,43,18,14,104,5,109
SSC11205,3,22,61,21,13,120,3,123
SSC11206,103,546,449,133,35,1266,55,1321
SSC11207,0,29,32,0,0,61,0,61
SSC11208,209,1023,1047,480,215,2974,115,3089
SSC11209,0,46,92,26,16,180,6,186
SSC11210,16,246,585,174,72,1093,23,1116
SSC11211,55,624,910,272,135,1996,40,2036
SSC11212,38,210,187,61,17,513,32,545
SSC11213,627,1593,709,190,78,3197,122,3319
SSC11214,33,202,318,167,93,813,21,834
SSC11215,10,64,98,38,18,228,9,237
SSC11216,0,23,56,18,14,111,3,114
SSC11217,0,48,51,26,15,140,3,143
SSC11218,130,483,373,128,62,1176,48,1224
SSC11219,0,17,36,12,6,71,0,71
SSC11220,86,1102,3068,1004,519,5779,81,5860
SSC11221,31,564,1396,311,115,2417,27,2444
SSC11222,165,769,1109,319,151,2513,109,2622
SSC11223,0,15,29,15,12,71,0,71
SSC11224,0,0,0,0,0,0,0,0
SSC11225,24,113,190,122,147,596,25,621
SSC11226,37,67,36,7,3,150,14,164
SSC11227,12,150,158,65,23,408,7,415
SSC11228,3,14,22,12,8,59,3,62
SSC11229,827,1868,974,186,53,3908,108,4016
SSC11230,44,198,554,333,335,1464,25,1489
SSC11231,23,37,68,48,34,210,3,213
SSC11232,5,36,51,25,14,131,3,134
SSC11233,0,26,48,38,20,132,6,138
SSC11234,9,74,97,31,24,235,4,239
SSC11235,12,79,62,28,14,195,4,199
SSC11236,4,36,44,18,10,112,3,115
SSC11237,199,1078,934,208,85,2504,77,2581
SSC11238,49,453,756,248,107,1613,55,1668
SSC11239,6,95,147,46,24,318,3,321
SSC11240,13,159,117,15,6,310,19,329
SSC11241,3,33,51,18,10,115,0,115
SSC11242,12,131,208,90,36,477,13,490
SSC11243,3,31,31,16,9,90,0,90
SSC11244,149,1110,1306,337,156,3058,51,3109
SSC11245,25,354,765,174,73,1391,17,1408
SSC11246,211,1002,910,244,97,2464,91,2555
SSC11247,4,13,34,22,11,84,0,84
SSC11248,7,68,69,23,5,172,0,172
SSC11249,5,95,127,34,16,277,7,284
SSC11250,4,26,91,45,40,206,0,206
SSC11251,3,12,21,10,3,49,0,49
SSC11252,6,39,39,22,12,118,3,121
SSC11253,317,1062,794,270,118,2561,106,2667
SSC11254,61,222,71,10,11,375,19,394
SSC11255,4,27,45,17,12,105,4,109
SSC11256,5,88,212,74,52,431,10,441
SSC11257,96,698,1428,503,225,2950,58,3008
SSC11258,34,387,542,138,47,1148,28,1176
SSC11259,0,78,91,18,12,199,9,208
SSC11260,192,1137,871,192,74,2466,83,2549
SSC11261,1359,2122,1126,231,80,4918,166,5084
SSC11262,416,1474,1360,414,138,3802,116,3918
SSC11263,3,18,40,15,9,85,3,88
SSC11264,528,1491,920,260,83,3282,134,3416
SSC11265,3,79,165,82,48,377,9,386
SSC11266,0,49,35,3,3,90,7,97
SSC11267,0,0,0,0,0,0,0,0
SSC11268,0,16,88,45,35,184,3,187
SSC11269,326,1222,1265,325,135,3273,110,3383
SSC11270,621,852,278,33,7,1791,58,1849
SSC11271,3,39,75,36,23,176,3,179
SSC11272,4,20,26,0,12,62,0,62
SSC11273,908,2312,1024,160,70,4474,162,4636
SSC11274,38,186,278,83,58,643,12,655
SSC11275,18,127,114,30,13,302,6,308
SSC11276,127,493,416,132,52,1220,44,1264
SSC11277,3,25,53,16,7,104,0,104
SSC11278,0,4,4,0,0,8,0,8
SSC11279,0,23,23,12,12,70,5,75
SSC11280,6,62,31,11,5,115,6,121
SSC11281,217,1143,1079,289,82,2810,97,2907
SSC11282,32,257,313,100,47,749,23,772
SSC11283,0,22,45,12,12,91,3,94
SSC11284,18,286,332,90,40,766,22,788
SSC11285,9,34,19,3,3,68,35,103
SSC11286,97,532,627,149,50,1455,34,1489
SSC11287,19,161,168,56,18,422,9,431
SSC11288,0,44,66,27,10,147,5,152
SSC11289,0,0,0,0,0,0,0,0
SSC11290,0,33,78,40,29,180,7,187
SSC11291,4,48,77,35,24,188,3,191
SSC11292,0,22,46,18,9,95,5,100
SSC11293,3,74,104,67,30,278,7,285
SSC11294,30,183,295,127,70,705,30,735
SSC11295,54,362,185,38,3,642,8,650
SSC11296,20,194,404,192,160,970,17,987
SSC11297,3,108,184,75,30,400,11,411
SSC11298,3,36,86,45,30,200,5,205
SSC11299,202,876,749,203,109,2139,114,2253
SSC11300,12,109,96,41,11,269,9,278
SSC11301,9,49,126,45,25,254,4,258
SSC11302,112,456,322,82,31,1003,30,1033
SSC11303,27,41,42,9,8,127,16,143
SSC11304,3,8,16,12,4,43,0,43
SSC11305,0,43,77,44,31,195,3,198
SSC11306,4,18,40,8,3,73,0,73
SSC11307,0,26,45,28,17,116,0,116
SSC11308,3,7,18,4,3,35,0,35
SSC11309,4,88,91,28,15,226,6,232
SSC11310,44,539,895,326,174,1978,34,2012
SSC11311,47,158,184,73,32,494,43,537
SSC11312,55,437,471,111,30,1104,41,1145
SSC11313,3,67,71,18,3,162,10,172
SSC11314,177,634,358,108,42,1319,85,1404
SSC11315,137,495,382,119,54,1187,44,1231
SSC11316,221,611,347,89,35,1303,80,1383
SSC11317,3,21,84,31,29,168,3,171
SSC11318,96,868,605,189,98,1856,63,1919
SSC11319,7,106,91,27,3,234,5,239
SSC11320,6,31,145,52,39,273,6,279
SSC11321,3,107,212,102,54,478,3,481
SSC11322,811,2440,971,194,103,4519,264,4783
SSC11323,4,15,40,35,20,114,0,114
SSC11324,38,226,193,45,26,528,13,541
SSC11325,0,19,35,24,9,87,4,91
SSC11326,421,983,766,226,74,2470,154,2624
SSC11327,0,23,75,28,20,146,0,146
SSC11328,239,806,678,169,68,1960,55,2015
SSC11329,435,1877,1115,226,62,3715,83,3798
SSC11330,440,1931,1153,159,54,3737,82,3819
SSC11331,68,288,325,48,16,745,18,763
SSC11332,0,39,70,22,10,141,8,149
SSC11333,0,3,0,0,0,3,0,3
SSC11334,10,95,90,21,11,227,5,232
SSC11335,0,0,0,0,0,0,0,0
SSC11336,43,238,285,101,54,721,38,759
SSC11337,13,126,138,39,14,330,4,334
SSC11338,17,108,219,60,35,439,5,444
SSC11339,6,77,55,13,0,151,3,154
SSC11340,0,9,17,8,3,37,0,37
SSC11341,163,506,176,53,17,915,45,960
SSC11342,107,183,88,16,3,397,10,407
SSC11343,554,2100,1579,446,184,4863,222,5085
SSC11344,21,155,182,44,15,417,15,432
SSC11345,112,472,352,80,44,1060,28,1088
SSC11346,3,32,20,6,9,70,0,70
SSC11347,0,20,21,20,11,72,4,76
SSC11348,241,1050,1084,323,171,2869,101,2970
SSC11349,5,35,27,14,19,100,5,105
SSC11350,3,48,60,15,15,141,3,144
SSC11351,891,2637,1517,208,65,5318,125,5443
SSC11352,53,442,395,113,25,1028,27,1055
SSC11353,51,765,1029,246,92,2183,42,2225
SSC11354,6,206,429,120,55,816,7,823
SSC11355,54,197,213,143,114,721,27,748
SSC11356,282,630,358,104,43,1417,99,1516
SSC11357,361,1417,1087,306,125,3296,122,3418
SSC11358,187,767,500,91,36,1581,48,1629
SSC11359,3,21,66,39,21,150,4,154
SSC11360,200,563,241,43,17,1064,30,1094
SSC11361,0,23,33,20,7,83,0,83
SSC11362,39,387,229,28,7,690,16,706
SSC11363,710,2200,1518,355,156,4939,193,5132
SSC11364,3,36,64,32,23,158,10,168
SSC11365,133,493,288,62,24,1000,88,1088
SSC11366,5,99,91,26,11,232,4,236
SSC11367,5,67,191,84,43,390,8,398
SSC11368,7,45,18,14,0,84,5,89
SSC11369,457,1276,837,129,40,2739,88,2827
SSC11370,0,0,7,4,4,15,0,15
SSC11371,3,18,32,20,15,88,3,91
SSC11372,3,25,46,20,7,101,0,101
SSC11373,0,29,44,9,3,85,4,89
SSC11374,0,73,104,22,11,210,7,217
SSC11375,4,31,52,20,8,115,3,118
SSC11376,222,1081,1145,280,112,2840,53,2893
SSC11377,0,17,41,17,15,90,5,95
SSC11378,0,17,62,23,14,116,0,116
SSC11379,56,479,646,240,127,1548,39,1587
SSC11380,285,630,343,91,28,1377,67,1444
SSC11381,67,426,336,73,21,923,19,942
SSC11382,4,37,61,17,11,130,12,142
SSC11383,403,975,666,187,70,2301,102,2403
SSC11384,134,342,387,92,48,1003,42,1045
SSC11385,0,25,66,32,13,136,6,142
SSC11386,0,26,49,25,13,113,5,118
SSC11387,3,38,88,33,23,185,13,198
SSC11388,11,22,26,10,7,76,0,76
SSC11389,20,123,121,44,23,331,10,341
SSC11390,1607,3479,1727,474,168,7455,401,7856
SSC11391,0,118,278,99,42,537,15,552
SSC11392,7,67,149,83,108,414,11,425
SSC11393,3,45,98,23,9,178,0,178
SSC11394,3,24,51,22,8,108,4,112
SSC11395,5,72,122,67,43,309,7,316
SSC11396,30,148,193,60,51,482,21,503
SSC11397,55,431,596,171,72,1325,29,1354
SSC11398,43,65,19,8,5,140,10,150
SSC11399,0,28,67,20,11,126,3,129
SSC11400,0,13,21,11,10,55,0,55
SSC11401,18,219,362,230,243,1072,29,1101
SSC11402,8,142,219,74,25,468,13,481
SSC11403,4,37,54,27,18,140,6,146
SSC11404,370,1122,660,173,53,2378,137,2515
SSC11405,0,9,19,14,16,58,6,64
SSC11406,9,137,323,112,50,631,4,635
SSC11407,0,31,76,34,20,161,3,164
SSC11408,22,85,24,4,0,135,0,135
SSC11409,35,172,194,54,24,479,16,495
SSC11410,0,22,54,16,10,102,5,107
SSC11411,3,12,102,36,27,180,3,183
SSC11412,3,16,48,23,18,108,0,108
SSC11413,7,54,49,10,3,123,4,127
SSC11414,0,18,45,30,29,122,0,122
SSC11415,0,28,46,13,9,96,0,96
SSC11416,3,18,26,9,0,56,0,56
SSC11417,7,43,36,3,3,92,3,95
SSC11418,4,35,28,22,3,92,0,92
SSC11419,4,28,78,36,26,172,3,175
SSC11420,0,19,46,24,11,100,0,100
SSC11421,0,0,0,0,0,0,0,0
SSC11422,0,26,36,25,13,100,5,105
SSC11423,9,83,169,80,86,427,14,441
SSC11424,3,41,64,35,25,168,0,168
SSC11425,46,441,863,303,170,1823,37,1860
SSC11426,352,1031,858,267,104,2612,137,2749
SSC11427,0,8,41,22,16,87,4,91
SSC11428,3,41,41,12,6,103,3,106
SSC11429,6,41,31,7,12,97,0,97
SSC11430,4,13,31,10,12,70,4,74
SSC11431,129,423,278,71,28,929,50,979
SSC11432,127,496,296,65,21,1005,36,1041
SSC11433,11,127,194,46,23,401,6,407
SSC11434,586,1920,1198,326,140,4170,229,4399
SSC11435,25,222,496,165,80,988,23,1011
SSC11436,3,54,166,70,24,317,6,323
SSC11437,590,1323,380,33,11,2337,51,2388
SSC11438,0,0,3,0,0,3,0,3
SSC11439,0,8,15,5,0,28,0,28
SSC11440,9,54,86,32,13,194,5,199
SSC11441,8,75,81,27,9,200,6,206
SSC11442,4,4,28,6,10,52,0,52
SSC11443,105,280,201,54,16,656,34,690
SSC11444,0,31,32,14,7,84,3,87
SSC11445,222,401,375,117,62,1177,74,1251
SSC11446,9,131,125,35,20,320,11,331
SSC11447,7,35,21,8,3,74,0,74
SSC11448,3,26,47,7,21,104,6,110
SSC11449,4,60,52,12,4,132,5,137
SSC11450,22,249,317,66,28,682,11,693
SSC11451,3,29,46,25,17,120,3,123
SSC11452,4,61,73,30,14,182,9,191
SSC11453,151,368,391,102,37,1049,29,1078
SSC11454,3,27,65,44,22,161,3,164
SSC11455,5,56,79,43,40,223,9,232
SSC11456,17,100,108,39,20,284,3,287
SSC11457,90,387,337,99,37,950,49,999
SSC11458,1281,3132,1419,238,61,6131,194,6325
SSC11459,251,1152,652,116,43,2214,55,2269
SSC11460,52,349,312,114,32,859,31,890
SSC11461,13,50,26,0,0,89,5,94
SSC11462,5,66,60,17,5,153,0,153
SSC11463,4,55,134,82,65,340,7,347
SSC11464,333,937,713,264,103,2350,107,2457
SSC11465,0,20,46,25,8,99,3,102
SSC11466,41,417,454,132,43,1087,25,1112
SSC11467,99,312,233,66,21,731,34,765
SSC11468,4,33,42,16,6,101,6,107
SSC11469,3,30,54,26,6,119,3,122
SSC11470,6,96,108,30,28,268,21,289
SSC11471,3,17,40,24,11,95,5,100
SSC11472,1920,4699,3084,660,263,10626,397,11023
SSC11473,0,30,75,38,30,173,3,176
SSC11474,3,22,20,3,3,51,3,54
SSC11475,1927,4438,1949,379,157,8850,344,9194
SSC11476,28,160,114,53,36,391,25,416
SSC11477,594,2243,1368,271,96,4572,119,4691
SSC11478,3,28,49,20,26,126,3,129
SSC11479,3,16,34,20,14,87,8,95
SSC11480,4,56,68,27,12,167,3,170
SSC11481,5,32,44,22,17,120,5,125
SSC11482,0,26,60,22,18,126,0,126
SSC11483,17,149,193,79,49,487,18,505
SSC11484,81,764,1154,362,199,2560,65,2625
SSC11485,0,13,32,16,14,75,0,75
SSC11486,65,216,242,41,11,575,23,598
SSC11487,534,1652,1065,238,83,3572,98,3670
SSC11488,0,58,124,63,42,287,9,296
SSC11489,24,159,180,52,42,457,24,481
SSC11490,5,27,37,19,16,104,4,108
SSC11491,466,1083,1003,319,119,2990,115,3105
SSC11492,600,1549,1102,235,84,3570,158,3728
SSC11493,101,280,231,33,20,665,24,689
SSC11494,106,271,219,51,23,670,25,695
SSC11495,24,97,81,23,7,232,3,235
SSC11496,6,35,65,28,19,153,3,156
SSC11497,6,192,384,141,72,795,25,820
SSC11498,9,39,33,10,3,94,3,97
SSC11499,0,39,94,44,18,195,6,201
SSC11500,227,603,238,26,8,1102,11,1113
SSC11501,0,22,48,28,15,113,4,117
SSC11502,301,1002,322,29,8,1662,33,1695
SSC11503,13,94,67,18,12,204,5,209
SSC11504,46,735,1332,498,224,2835,44,2879
SSC11505,3,34,58,31,15,141,5,146
SSC11506,0,30,55,33,9,127,0,127
SSC11507,7,38,27,6,3,81,3,84
SSC11508,33,161,217,47,21,479,13,492
SSC11509,3,39,76,36,20,174,4,178
SSC11510,3,33,59,30,19,144,5,149
SSC11511,96,840,1550,487,278,3251,62,3313
SSC11512,9,90,109,44,29,281,5,286
SSC11513,4,14,29,15,13,75,0,75
SSC11514,7,79,62,27,11,186,7,193
SSC11515,30,74,46,10,4,164,24,188
SSC11516,3,28,63,24,16,134,3,137
SSC11517,379,1514,1607,441,193,4134,122,4256
SSC11518,9,151,247,55,19,481,9,490
SSC11519,123,628,466,90,28,1335,51,1386
SSC11520,3,20,71,22,17,133,4,137
SSC11521,39,226,242,92,49,648,20,668
SSC11522,4,12,32,15,8,71,0,71
SSC11523,0,6,25,8,10,49,0,49
SSC11524,1278,3394,2325,700,352,8049,337,8386
SSC11525,322,848,613,157,85,2025,93,2118
SSC11526,0,15,35,19,17,86,3,89
SSC11527,0,0,3,0,0,3,0,3
SSC11528,116,625,680,179,75,1675,41,1716
SSC11529,4,15,33,22,23,97,0,97
SSC11530,0,34,93,54,30,211,0,211
SSC11531,3,25,75,41,28,172,9,181
SSC11532,3,22,65,30,16,136,4,140
SSC11533,12,151,200,39,13,415,7,422
SSC11534,6,37,103,65,74,285,3,288
SSC11535,3,50,68,27,9,157,4,161
SSC11536,0,26,42,18,12,98,3,101
SSC11537,300,380,196,72,29,977,69,1046
SSC11538,3,17,35,29,22,106,4,110
SSC11539,284,354,102,7,3,750,27,777
SSC11540,3,85,109,46,21,264,7,271
SSC11541,3,88,68,13,7,179,8,187
SSC11542,15,103,138,69,26,351,12,363
SSC11543,24,318,588,209,108,1247,22,1269
SSC11544,4,13,8,10,3,38,3,41
SSC11545,185,457,176,34,5,857,21,878
SSC11546,33,199,183,48,23,486,22,508
SSC11547,53,376,659,291,135,1514,26,1540
SSC11548,3,15,46,12,18,94,3,97
SSC11549,5,51,93,53,17,219,7,226
SSC11550,13,112,130,45,19,319,6,325
SSC11551,4,41,28,9,0,82,0,82
SSC11552,0,3,21,6,10,40,0,40
SSC11553,344,1290,1003,296,135,3068,124,3192
SSC11554,3,19,39,19,31,111,0,111
SSC11555,664,2287,1837,436,179,5403,172,5575
SSC11556,8,106,101,44,18,277,8,285
SSC11557,3,15,33,16,16,83,3,86
SSC11558,4,55,43,13,3,118,5,123
SSC11559,25,56,16,8,0,105,15,120
SSC11560,0,13,51,24,11,99,3,102
SSC11561,0,42,77,27,16,162,3,165
SSC11562,158,942,717,202,84,2103,84,2187
SSC11563,112,796,830,218,104,2060,85,2145
SSC11564,8,45,86,25,18,182,4,186
SSC11565,0,29,39,9,4,81,0,81
SSC11566,0,28,41,13,4,86,3,89
SSC11567,3,33,31,18,3,88,4,92
SSC11568,0,3,4,0,0,7,3,10
SSC11569,3,52,56,19,16,146,6,152
SSC11570,17,220,175,41,8,461,5,466
SSC11571,38,448,309,65,17,877,26,903
SSC11572,51,299,367,129,58,904,16,920
SSC11573,203,1219,1500,408,213,3543,95,3638
SSC11574,3,25,34,7,5,74,3,77
SSC11575,0,0,0,0,0,0,0,0
SSC11576,0,31,61,26,21,139,4,143
SSC11577,5,65,82,20,13,185,7,192
SSC11578,173,735,549,142,58,1657,61,1718
SSC11579,3,46,62,19,10,140,0,140
SSC11580,0,19,48,23,10,100,3,103
SSC11581,4,28,47,24,10,113,7,120
SSC11582,3,57,161,53,29,303,6,309
SSC11583,8,92,139,81,36,356,5,361
SSC11584,4,23,40,14,9,90,0,90
SSC11585,15,141,235,74,41,506,12,518
SSC11586,5,42,80,21,10,158,0,158
SSC11587,3,19,46,14,7,89,3,92
SSC11588,5,97,245,96,50,493,8,501
SSC11589,0,0,0,0,0,0,0,0
SSC11590,127,743,1056,319,143,2388,66,2454
SSC11591,3,67,86,28,15,199,7,206
SSC11592,0,5,14,3,6,28,0,28
SSC11593,366,1075,1109,347,164,3061,165,3226
SSC11594,170,597,223,93,49,1132,55,1187
SSC11595,7,62,103,37,15,224,3,227
SSC11596,16,180,190,63,22,471,8,479
SSC11597,469,1771,1069,269,85,3663,101,3764
SSC11598,13,109,122,36,6,286,3,289
SSC11599,0,17,45,5,4,71,0,71
SSC11600,15,80,49,18,14,176,6,182
SSC11601,144,595,498,163,84,1484,54,1538
SSC11602,10,153,137,30,13,343,14,357
SSC11603,1259,4869,3433,734,245,10540,202,10742
SSC11604,244,1148,1041,312,169,2914,85,2999
SSC11605,5,75,97,18,5,200,8,208
SSC11606,3,27,39,18,16,103,3,106
SSC11607,18,77,92,27,14,228,15,243
SSC11608,43,691,1654,466,235,3089,49,3138
SSC11609,5,42,85,39,20,191,7,198
SSC11610,218,634,483,115,42,1492,106,1598
SSC11611,10,93,67,19,5,194,9,203
SSC11612,73,709,992,318,153,2245,49,2294
SSC11613,625,2133,1305,351,144,4558,211,4769
SSC11614,0,11,29,11,12,63,0,63
SSC11615,0,15,29,11,6,61,3,64
SSC11616,7,40,46,20,0,113,5,118
SSC11617,5,43,89,50,57,244,7,251
SSC11618,112,474,393,134,63,1176,48,1224
SSC11619,21,177,231,59,31,519,17,536
SSC11620,5,92,158,55,41,351,6,357
SSC11621,21,188,230,70,32,541,10,551
SSC11622,33,117,98,43,21,312,16,328
SSC11623,3,13,36,18,9,79,3,82
SSC11624,22,155,246,70,31,524,11,535
SSC11625,8,115,192,69,28,412,12,424
SSC11626,309,953,913,323,165,2663,119,2782
SSC11627,0,22,55,21,17,115,0,115
SSC11628,29,256,495,154,72,1006,16,1022
SSC11629,0,20,38,23,20,101,6,107
SSC11630,67,198,182,44,9,500,20,520
SSC11631,3,16,16,9,11,55,5,60
SSC11632,4,28,94,66,78,270,7,277
SSC11633,31,187,120,22,16,376,4,380
SSC11634,3,25,31,18,11,88,0,88
SSC11635,3,24,65,25,14,131,6,137
SSC11636,92,556,649,220,79,1596,51,1647
SSC11637,3,27,27,14,8,79,0,79
SSC11638,4,14,31,8,5,62,3,65
SSC11639,344,1338,1315,350,132,3479,162,3641
SSC11640,0,23,117,43,41,224,8,232
SSC11641,6,51,102,47,30,236,3,239
SSC11642,5,123,207,107,111,553,10,563
SSC11643,13,21,3,0,0,37,0,37
SSC11644,3,61,90,20,9,183,3,186
SSC11645,0,20,48,31,14,113,7,120
SSC11646,7,29,82,37,26,181,5,186
SSC11647,0,9,14,10,5,38,0,38
SSC11648,93,540,424,96,45,1198,44,1242
SSC11649,7,69,104,28,3,211,5,216
SSC11650,33,327,304,56,30,750,39,789
SSC11651,6,67,54,16,5,148,10,158
SSC11652,0,29,34,17,3,83,3,86
SSC11653,3,11,11,3,3,31,0,31
SSC11654,0,8,27,16,13,64,0,64
SSC11655,20,88,102,32,13,255,23,278
SSC11656,4,28,39,6,8,85,0,85
SSC11657,0,8,31,9,3,51,0,51
SSC11658,12,10,0,0,0,22,3,25
SSC11659,4,32,52,25,10,123,4,127
SSC11660,4,130,457,172,106,869,7,876
SSC11661,30,80,62,25,11,208,8,216
SSC11662,40,141,110,30,16,337,28,365
SSC11663,261,1128,717,190,75,2371,86,2457
SSC11664,0,16,77,36,24,153,0,153
SSC11665,338,1433,1564,510,192,4037,149,4186
SSC11666,0,14,16,14,12,56,0,56
SSC11667,0,7,17,9,9,42,4,46
SSC11668,6,70,38,14,9,137,10,147
SSC11669,3,101,149,41,28,322,9,331
SSC11670,6,17,19,4,0,46,0,46
SSC11671,3,27,39,10,3,82,4,86
SSC11672,0,28,53,28,20,129,4,133
SSC11673,3,35,32,15,9,94,8,102
SSC11674,19,182,225,67,36,529,14,543
SSC11675,384,1410,662,141,44,2641,173,2814
SSC11676,4,93,155,42,44,338,14,352
SSC11677,0,22,70,25,19,136,3,139
SSC11678,0,4,25,12,10,51,0,51
SSC11679,0,14,65,22,19,120,3,123
SSC11680,4,9,19,12,12,56,0,56
SSC11681,128,1028,1028,311,137,2632,63,2695
SSC11682,60,387,477,181,74,1179,40,1219
SSC11683,53,522,1115,332,164,2186,40,2226
SSC11684,214,1173,667,91,36,2181,40,2221
SSC11685,110,471,318,86,32,1017,55,1072
SSC11686,423,1472,996,179,70,3140,101,3241
SSC11687,224,883,999,355,149,2610,135,2745
SSC11688,0,14,33,25,16,88,0,88
SSC11689,162,682,532,160,68,1604,84,1688
SSC11690,21,221,196,32,9,479,8,487
SSC11691,321,764,739,223,84,2131,78,2209
SSC11692,156,565,592,201,101,1615,73,1688
SSC11693,322,700,484,105,47,1658,59,1717
SSC11694,0,21,72,20,17,130,3,133
SSC11695,0,21,40,17,10,88,3,91
SSC11696,20,82,44,18,9,173,3,176
SSC11697,5,26,49,17,0,97,0,97
SSC11698,5,17,50,23,48,143,4,147
SSC11699,163,954,766,154,49,2086,51,2137
SSC11700,0,16,46,18,17,97,3,100
SSC11701,9,73,85,36,30,233,11,244
SSC11702,3,17,43,20,18,101,6,107
SSC11703,7,35,61,18,13,134,9,143
SSC11704,0,51,59,19,17,146,7,153
SSC11705,0,10,11,0,0,21,0,21
SSC11706,0,22,71,19,14,126,3,129
SSC11707,0,19,59,25,17,120,6,126
SSC11708,792,2495,932,116,38,4373,69,4442
SSC11709,3,18,25,16,11,73,4,77
SSC11710,3,19,26,15,9,72,6,78
SSC11711,7,67,88,24,11,197,7,204
SSC11712,3,62,48,14,0,127,4,131
SSC11713,6,37,38,15,4,100,6,106
SSC11714,392,1594,1399,308,103,3796,106,3902
SSC11715,11,158,358,125,48,700,15,715
SSC11716,3,16,36,12,5,72,4,76
SSC11717,130,557,308,49,11,1055,29,1084
SSC11718,110,187,110,20,8,435,28,463
SSC11719,50,155,54,7,5,271,11,282
SSC11720,3,43,66,20,9,141,0,141
SSC11721,63,756,866,121,21,1827,22,1849
SSC11722,149,1039,1463,388,175,3214,82,3296
SSC11723,3,45,86,32,11,177,4,181
SSC11724,1920,2986,840,107,38,5891,151,6042
SSC11725,90,339,363,126,49,967,21,988
SSC11726,0,14,25,9,8,56,3,59
SSC11727,55,348,203,48,13,667,30,697
SSC11728,9,40,37,12,3,101,0,101
SSC11729,0,24,47,16,7,94,4,98
SSC11730,18,134,133,57,38,380,8,388
SSC11731,60,419,365,90,53,987,46,1033
SSC11732,11,87,130,40,19,287,7,294
SSC11733,163,639,656,147,61,1666,41,1707
SSC11734,305,1044,693,171,59,2272,99,2371
SSC11735,7,77,68,18,0,170,8,178
SSC11736,13,196,318,81,48,656,17,673
SSC11737,44,351,507,113,45,1060,16,1076
SSC11738,27,111,59,26,9,232,4,236
SSC11739,24,225,199,57,20,525,10,535
SSC11740,523,1389,976,176,49,3113,75,3188
SSC11741,0,0,4,0,0,4,0,4
SSC11742,3,70,145,63,30,311,9,320
SSC11743,57,342,503,130,66,1098,29,1127
SSC11744,0,39,54,15,7,115,9,124
SSC11745,57,475,666,166,59,1423,16,1439
SSC11746,191,565,407,95,44,1302,49,1351
SSC11747,63,418,200,37,12,730,17,747
SSC11748,105,469,411,101,53,1139,35,1174
SSC11749,34,130,93,23,3,283,6,289
SSC11750,8,132,68,23,14,245,10,255
SSC11751,62,316,352,93,34,857,23,880
SSC11752,7,105,104,18,8,242,9,251
SSC11753,65,513,833,255,105,1771,51,1822
SSC11754,103,860,725,222,83,1993,56,2049
SSC11755,710,2202,1181,207,102,4402,153,4555
SSC11756,68,570,630,222,146,1636,30,1666
SSC11757,72,651,1251,349,142,2465,39,2504
SSC11758,0,69,145,39,27,280,8,288
SSC11759,332,1199,1248,346,135,3260,87,3347
SSC11760,7,47,59,18,3,134,9,143
SSC11761,180,503,347,105,30,1165,57,1222
SSC11762,6,38,57,40,14,155,6,161
SSC11763,171,746,465,78,20,1480,27,1507
SSC11764,684,1464,461,59,13,2681,128,2809
SSC11765,209,686,509,128,46,1578,87,1665
SSC11766,0,19,52,21,16,108,0,108
SSC11767,77,523,565,151,64,1380,32,1412
SSC11768,18,66,103,36,35,258,5,263
SSC11769,6,134,326,107,38,611,3,614
SSC11770,144,676,461,93,31,1405,36,1441
SSC11771,125,329,211,57,25,747,24,771
SSC11772,3,14,15,3,0,35,0,35
SSC11773,101,669,861,231,86,1948,37,1985
SSC11774,385,1700,1411,324,121,3941,112,4053
SSC11775,6,62,142,44,18,272,0,272
SSC11776,0,16,19,7,9,51,4,55
SSC11777,603,1612,904,239,73,3431,172,3603
SSC11778,0,69,136,86,58,349,8,357
SSC11779,6,31,72,33,29,171,4,175
SSC11780,3,30,57,21,19,130,5,135
SSC11781,3,17,28,10,3,61,4,65
SSC11782,0,45,59,24,12,140,0,140
SSC11783,3,21,55,12,10,101,0,101
SSC11784,4,51,90,49,27,221,0,221
SSC11785,24,94,93,32,15,258,7,265
SSC11786,0,0,4,0,0,4,0,4
SSC11787,0,0,3,3,0,6,0,6
SSC11788,3,55,46,15,3,122,3,125
SSC11789,92,308,296,90,48,834,57,891
SSC11790,3,42,105,53,18,221,3,224
SSC11791,154,857,808,282,157,2258,71,2329
SSC11792,19,129,231,118,82,579,46,625
SSC11793,3,28,105,30,18,184,5,189
SSC11794,81,578,824,260,111,1854,54,1908
SSC11795,4,45,30,9,4,92,12,104
SSC11796,10,77,204,122,138,551,20,571
SSC11797,17,56,37,11,14,135,6,141
SSC11798,83,499,711,222,117,1632,46,1678
SSC11799,238,1332,1359,405,171,3505,69,3574
SSC11800,83,419,462,143,66,1173,46,1219
SSC11801,0,22,59,27,15,123,3,126
SSC11802,58,794,802,180,57,1891,51,1942
SSC11803,97,747,603,154,46,1647,67,1714
SSC11804,4,37,35,16,13,105,3,108
SSC11805,24,150,137,27,15,353,16,369
SSC11806,6,34,21,9,7,77,3,80
SSC11807,38,231,222,78,60,629,30,659
SSC11808,0,32,74,41,37,184,7,191
SSC11809,40,308,366,103,56,873,24,897
SSC11810,0,15,38,20,5,78,5,83
SSC11811,0,3,19,8,5,35,0,35
SSC11812,0,15,22,14,5,56,0,56
SSC11813,0,12,21,17,9,59,3,62
SSC11814,1175,4878,4693,1336,564,12646,519,13165
SSC11815,3,34,136,82,64,319,4,323
SSC11816,14,76,164,133,128,515,12,527
SSC11817,18,113,88,17,8,244,9,253
SSC11818,0,15,32,15,12,74,3,77
SSC11819,5,41,34,13,3,96,0,96
SSC11820,4,20,65,43,25,157,4,161
SSC11821,42,464,554,202,120,1382,37,1419
SSC11822,7,79,55,15,10,166,4,170
SSC11823,3,37,36,20,7,103,3,106
SSC11824,96,395,319,97,46,953,25,978
SSC11825,68,453,480,100,45,1146,45,1191
SSC11826,73,442,830,258,113,1716,42,1758
SSC11827,1186,2550,1049,147,34,4966,120,5086
SSC11828,3,15,29,16,11,74,0,74
SSC11829,493,1664,1492,440,217,4306,170,4476
SSC11830,106,350,487,145,70,1158,27,1185
SSC11831,154,392,447,144,67,1204,42,1246
SSC11832,9,37,87,21,22,176,6,182
SSC11833,13,206,255,61,25,560,19,579
SSC11834,9,59,71,24,7,170,7,177
SSC11835,24,144,120,27,8,323,16,339
SSC11836,9,92,126,24,3,254,8,262
SSC11837,3,34,55,24,13,129,3,132
SSC11838,389,1429,1419,441,184,3862,127,3989
SSC11839,393,1532,1429,413,205,3972,165,4137
SSC11840,0,26,65,24,16,131,4,135
SSC11841,17,230,401,94,35,777,5,782
SSC11842,0,31,37,25,11,104,4,108
SSC11843,0,26,48,15,15,104,0,104
SSC11844,1720,3773,1199,167,89,6948,176,7124
SSC11845,4,14,39,15,11,83,0,83
SSC11846,6,59,112,62,30,269,3,272
SSC11847,0,51,25,4,0,80,6,86
SSC11848,13,98,117,41,19,288,12,300
SSC11849,54,183,136,45,32,450,9,459
SSC11850,390,1157,1228,361,167,3303,131,3434
SSC11851,40,211,355,131,51,788,18,806
SSC11852,11,114,65,12,3,205,3,208
SSC11853,5,19,38,17,17,96,3,99
SSC11854,0,43,75,48,34,200,4,204
SSC11855,36,144,151,47,9,387,10,397
SSC11856,26,120,139,30,15,330,9,339
SSC11857,0,13,27,5,4,49,0,49
SSC11858,13,290,496,125,27,951,6,957
SSC11859,356,1054,562,140,62,2174,94,2268
SSC11860,152,971,938,246,75,2382,33,2415
SSC11861,1001,2229,1097,285,104,4716,216,4932
SSC11862,6,38,43,17,9,113,4,117
SSC11863,68,173,193,71,22,527,20,547
SSC11864,585,2076,1204,269,111,4245,99,4344
SSC11865,6,61,108,45,28,248,8,256
SSC11866,618,1511,661,82,44,2916,83,2999
SSC11867,4,36,61,50,33,184,4,188
SSC11868,0,45,61,21,13,140,3,143
SSC11869,15,63,78,32,18,206,5,211
SSC11870,0,10,30,19,13,72,3,75
SSC11871,3,11,31,17,16,78,3,81
SSC11872,0,25,70,19,17,131,3,134
SSC11873,3,8,46,16,5,78,0,78
SSC11874,80,554,812,271,139,1856,42,1898
SSC11875,80,421,601,237,163,1502,35,1537
SSC11876,6,20,43,28,11,108,3,111
SSC11877,3,37,48,14,11,113,12,125
SSC11878,4,33,78,30,15,160,3,163
SSC11879,9,43,35,11,6,104,0,104
SSC11880,7,33,27,33,14,114,0,114
SSC11881,0,0,0,0,0,0,0,0
SSC11882,0,8,4,0,4,16,0,16
SSC11883,11,118,256,130,111,626,15,641
SSC11884,0,16,35,36,25,112,0,112
SSC11885,0,9,44,18,16,87,0,87
SSC11886,111,713,931,293,149,2197,48,2245
SSC11887,145,557,528,104,38,1372,44,1416
SSC11888,125,349,205,48,38,765,35,800
SSC11889,30,172,190,44,27,463,14,477
SSC11890,0,0,0,0,0,0,0,0
SSC11891,0,55,101,46,25,227,4,231
SSC11892,4,5,0,0,0,9,0,9
SSC11893,3,12,28,6,3,52,0,52
SSC11894,3,31,53,24,4,115,7,122
SSC11895,0,0,0,0,0,0,0,0
SSC11896,14,62,201,63,38,378,8,386
SSC11897,348,743,497,174,64,1826,78,1904
SSC11898,1548,7642,5523,1270,411,16394,601,16995
SSC11899,3,16,24,12,3,58,0,58
SSC11900,57,291,320,128,58,854,33,887
SSC11901,0,0,0,0,0,0,0,0
SSC11902,0,36,46,10,12,104,0,104
SSC11903,4,46,39,9,8,106,4,110
SSC11904,0,0,0,0,0,0,0,0
SSC11905,1810,1263,171,23,8,3275,68,3343
SSC11906,71,787,917,169,40,1984,38,2022
SSC11907,62,277,326,147,62,874,39,913
SSC11908,3,21,25,7,16,72,0,72
SSC11909,110,915,1847,692,247,3811,96,3907
SSC11910,10,95,84,16,12,217,0,217
SSC11911,72,211,204,71,24,582,31,613
SSC11912,0,8,42,27,13,90,4,94
SSC11913,54,397,609,246,113,1419,32,1451
SSC11914,0,0,0,0,0,0,0,0
SSC11915,5,84,72,16,7,184,0,184
SSC11916,646,1931,1638,499,260,4974,258,5232
SSC11917,19,12,5,0,0,36,0,36
SSC11918,63,357,592,193,103,1308,23,1331
SSC11919,0,23,52,13,10,98,4,102
SSC11920,4,31,50,18,7,110,0,110
SSC11921,85,940,1610,497,171,3303,66,3369
SSC11922,0,23,39,20,9,91,3,94
SSC11923,1405,2624,798,78,19,4924,93,5017
SSC11924,3,29,23,11,0,66,4,70
SSC11925,354,2693,3478,970,429,7924,165,8089
SSC11926,7,23,32,14,10,86,4,90
SSC11927,3,29,52,25,23,132,3,135
SSC11928,301,1139,685,178,75,2378,96,2474
SSC11929,179,800,529,107,49,1664,55,1719
SSC11930,67,404,424,155,79,1129,25,1154
SSC11931,153,483,339,55,15,1045,36,1081
SSC11932,138,745,435,74,25,1417,25,1442
SSC11933,0,44,100,40,18,202,6,208
SSC11934,104,493,488,158,92,1335,50,1385
SSC11935,3,48,100,53,33,237,4,241
SSC11936,45,532,760,320,160,1817,52,1869
SSC11937,7,86,150,64,35,342,10,352
SSC11938,3,55,101,51,22,232,8,240
SSC11939,6,51,97,28,22,204,4,208
SSC11940,0,33,49,16,8,106,6,112
SSC11941,25,99,110,42,12,288,10,298
SSC11942,103,343,178,24,20,668,28,696
SSC11943,3,40,71,36,34,184,5,189
SSC11944,2125,5434,2629,385,119,10692,337,11029
SSC11945,21,260,412,124,50,867,18,885
SSC11946,5,27,30,21,13,96,6,102
SSC11947,6,31,32,24,9,102,6,108
SSC11948,19,250,296,92,52,709,20,729
SSC11949,0,0,0,0,0,0,0,0
SSC11950,31,82,50,9,7,179,17,196
SSC11951,4,99,217,56,26,402,11,413
SSC11952,399,1825,1547,498,203,4472,176,4648
SSC11953,4,27,123,79,48,281,6,287
SSC11954,5,70,73,13,0,161,0,161
SSC11955,10,60,76,31,19,196,6,202
SSC11956,3,70,37,7,4,121,4,125
SSC11957,0,29,62,25,12,128,3,131
SSC11958,0,4,19,10,4,37,3,40
SSC11959,2068,2263,658,98,23,5110,257,5367
SSC11960,99,480,485,151,75,1290,50,1340
SSC11961,0,17,50,35,25,127,3,130
SSC11962,210,575,409,106,47,1347,77,1424
SSC11963,13,50,71,37,21,192,4,196
SSC11964,4,70,116,28,15,233,3,236
SSC11965,3,28,28,14,9,82,3,85
SSC11966,488,1658,1430,423,195,4194,172,4366
SSC11967,27,131,183,69,26,436,16,452
SSC11968,331,1255,464,66,16,2132,38,2170
SSC11969,275,945,534,149,68,1971,100,2071
SSC11970,0,62,136,55,30,283,0,283
SSC11971,0,17,24,14,12,67,9,76
SSC11972,3,28,38,10,6,85,3,88
SSC11973,0,31,40,8,12,91,3,94
SSC11974,173,686,747,249,170,2025,91,2116
SSC11975,0,5,16,20,3,44,0,44
SSC11976,34,266,486,122,33,941,12,953
SSC11977,881,1532,895,193,80,3581,209,3790
SSC11978,9,203,289,92,49,642,18,660
SSC11979,5,41,131,62,45,284,0,284
SSC11980,3,11,17,5,5,41,0,41
SSC11981,3,27,57,22,14,123,3,126
SSC11982,7,22,44,16,6,95,4,99
SSC11983,955,2260,989,253,75,4532,156,4688
SSC11984,3,32,35,11,3,84,4,88
SSC11985,0,33,46,8,4,91,3,94
SSC11986,0,31,48,10,9,98,3,101
SSC11987,30,166,201,44,15,456,12,468
SSC11988,0,0,3,0,0,3,0,3
SSC11989,288,1387,1390,430,193,3688,113,3801
SSC11990,12,209,226,38,15,500,9,509
SSC11991,511,1625,1174,215,71,3596,104,3700
SSC11992,10,73,92,19,7,201,3,204
SSC11993,0,26,33,12,3,74,5,79
SSC11994,383,1405,852,178,59,2877,76,2953
SSC11995,0,10,28,15,11,64,0,64
SSC11996,0,46,34,10,4,94,3,97
SSC11997,104,394,202,46,17,763,58,821
SSC11998,352,1307,1307,365,180,3511,135,3646
SSC11999,190,837,828,263,138,2256,90,2346
SSC12000,151,1115,1248,308,106,2928,54,2982
SSC12001,11,154,229,68,32,494,7,501
SSC12002,0,29,40,27,19,115,3,118
SSC12003,0,25,27,18,12,82,3,85
SSC12004,18,131,218,137,140,644,26,670
SSC12005,4,41,91,21,10,167,4,171
SSC12006,3,15,34,22,20,94,0,94
SSC12007,6,26,33,13,14,92,0,92
SSC12008,0,16,33,24,13,86,3,89
SSC12009,3,17,26,18,7,71,3,74
SSC12010,39,485,1105,303,148,2080,30,2110
SSC12011,3,38,36,12,5,94,3,97
SSC12012,3,3,0,0,0,6,0,6
SSC12013,0,25,94,60,50,229,4,233
SSC12014,376,1750,956,106,33,3221,50,3271
SSC12015,0,13,66,23,25,127,3,130
SSC12016,59,600,789,252,118,1818,43,1861
SSC12017,565,511,100,5,3,1184,25,1209
SSC12018,188,656,677,156,61,1738,50,1788
SSC12019,42,196,221,71,17,547,6,553
SSC12020,323,1300,1395,398,169,3585,112,3697
SSC12021,8,21,22,5,12,68,0,68
SSC12022,239,735,786,168,95,2023,57,2080
SSC12023,984,3355,2540,633,286,7798,200,7998
SSC12024,0,20,40,17,13,90,0,90
SSC12025,3,4,13,4,9,33,0,33
SSC12026,22,126,123,50,29,350,17,367
SSC12027,3,12,39,13,17,84,3,87
SSC12028,0,14,40,20,14,88,0,88
SSC12029,181,367,236,83,31,898,61,959
SSC12030,3,101,150,26,8,288,3,291
SSC12031,137,877,686,139,56,1895,70,1965
SSC12032,3,14,28,9,17,71,3,74
SSC12033,4,78,152,68,60,362,7,369
SSC12034,0,26,51,20,15,112,3,115
SSC12035,76,612,513,153,67,1421,50,1471
SSC12036,3,43,98,51,18,213,4,217
SSC12037,165,1340,813,186,72,2576,110,2686
SSC12038,10,28,20,9,4,71,5,76
SSC12039,33,143,159,41,11,387,11,398
SSC12040,27,283,315,82,35,742,20,762
SSC12041,7,15,36,10,9,77,4,81
SSC12042,7,34,62,26,11,140,3,143
SSC12043,3,31,94,30,24,182,3,185
SSC12044,378,1504,1284,369,121,3656,131,3787
SSC12045,15,229,270,79,31,624,14,638
SSC12046,54,454,572,161,75,1316,38,1354
SSC12047,0,3,5,0,0,8,0,8
SSC12048,0,14,63,32,20,129,0,129
SSC12049,132,662,464,110,34,1402,76,1478
SSC12050,3,43,59,31,31,167,9,176
SSC12051,11,37,35,12,0,95,3,98
SSC12052,64,372,489,186,122,1233,40,1273
SSC12053,178,752,788,223,86,2027,70,2097
SSC12054,40,103,70,23,8,244,7,251
SSC12055,19,159,114,22,4,318,14,332
SSC12056,94,657,991,267,90,2099,26,2125
SSC12057,3,37,136,79,44,299,3,302
SSC12058,0,28,48,16,11,103,0,103
SSC12059,0,38,45,26,20,129,3,132
SSC12060,3,30,52,38,26,149,9,158
SSC12061,3,19,29,7,6,64,0,64
SSC12062,185,613,540,167,67,1572,74,1646
SSC12063,0,34,54,17,10,115,3,118
SSC12064,764,2349,2266,637,243,6259,212,6471
SSC12065,0,9,35,16,13,73,3,76
SSC12066,158,398,265,105,37,963,52,1015
SSC12067,12,31,37,11,25,116,4,120
SSC12068,0,23,37,14,12,86,4,90
SSC12069,0,15,39,15,6,75,3,78
SSC12070,11,287,642,175,83,1198,15,1213
SSC12071,78,434,435,163,77,1187,33,1220
SSC12072,0,5,4,0,0,9,0,9
SSC12073,20,188,165,56,26,455,15,470
SSC12074,0,20,32,26,11,89,4,93
SSC12075,91,374,180,41,11,697,37,734
SSC12076,111,686,370,110,33,1310,56,1366
SSC12077,153,618,477,146,53,1447,54,1501
SSC12078,12,156,409,224,193,994,19,1013
SSC12079,43,239,225,63,19,589,18,607
SSC12080,4,43,30,13,3,93,3,96
SSC12081,188,754,749,237,97,2025,80,2105
SSC12082,80,502,693,204,89,1568,43,1611
SSC12083,9,158,192,52,18,429,12,441
SSC12084,4,22,37,8,9,80,4,84
SSC12085,0,0,3,0,0,3,0,3
SSC12086,445,1236,1078,412,183,3354,179,3533
SSC12087,0,45,41,15,7,108,0,108
SSC12088,15,185,149,37,9,395,17,412
SSC12089,20,96,85,18,11,230,12,242
SSC12090,30,243,211,48,19,551,16,567
SSC12091,8,55,126,68,58,315,7,322
SSC12092,4,42,92,38,27,203,8,211
SSC12093,132,292,149,31,18,622,22,644
SSC12094,19,22,16,5,0,62,4,66
SSC12095,80,316,215,59,33,703,22,725
SSC12096,20,88,137,53,35,333,9,342
SSC12097,507,612,552,133,47,1851,98,1949
SSC12098,3,44,44,14,3,108,4,112
SSC12099,7,132,106,34,3,282,5,287
SSC12100,299,1102,678,185,70,2334,119,2453
SSC12101,271,489,361,140,71,1332,93,1425
SSC12102,17,100,110,33,16,276,11,287
SSC12103,4,64,98,43,15,224,6,230
SSC12104,0,32,45,22,11,110,11,121
SSC12105,187,708,533,141,56,1625,49,1674
SSC12106,123,338,255,90,31,837,44,881
SSC12107,93,281,196,75,23,668,37,705
SSC12108,7,52,33,9,6,107,4,111
SSC12109,41,75,60,21,10,207,14,221
SSC12110,3,32,66,36,35,172,4,176
SSC12111,45,136,119,42,15,357,30,387
SSC12112,21,159,129,43,17,369,13,382
SSC12113,0,45,54,29,8,136,5,141
SSC12114,253,1384,1649,491,188,3965,94,4059
SSC12115,358,1195,776,196,70,2595,183,2778
SSC12116,19,272,490,118,38,937,18,955
SSC12117,174,752,626,180,100,1832,56,1888
SSC12118,128,890,605,125,36,1784,60,1844
SSC12119,236,872,699,227,101,2135,73,2208
SSC12120,0,3,3,3,6,15,3,18
SSC12121,3,15,26,12,10,66,0,66
SSC12122,83,466,466,158,61,1234,52,1286
SSC12123,3,21,51,26,19,120,0,120
SSC12124,14,87,65,16,6,188,8,196
SSC12125,0,19,59,18,18,114,6,120
SSC12126,3,13,38,22,12,88,3,91
SSC12127,11,106,239,43,13,412,11,423
SSC12128,0,33,72,26,18,149,6,155
SSC12129,0,20,50,27,14,111,6,117
SSC12130,4,23,43,13,8,91,3,94
SSC12131,6,37,62,32,18,155,3,158
SSC12132,0,13,49,19,15,96,0,96
SSC12133,70,301,231,58,24,684,29,713
SSC12134,86,530,555,136,64,1371,33,1404
SSC12135,0,12,32,25,16,85,0,85
SSC12136,0,16,35,15,3,69,3,72
SSC12137,3,36,216,101,80,436,6,442
SSC12138,276,1157,1171,300,149,3053,79,3132
SSC12139,3,48,46,7,11,115,4,119
SSC12140,84,523,731,273,137,1748,40,1788
SSC12141,166,1582,2563,1034,614,5959,128,6087
SSC12142,0,20,37,14,14,85,7,92
SSC12143,39,377,370,103,41,930,29,959
SSC12144,81,680,859,231,99,1950,38,1988
SSC12145,18,148,178,43,20,407,13,420
SSC12146,129,1405,2457,767,350,5108,91,5199
SSC12147,11,193,510,165,74,953,11,964
SSC12148,104,452,663,273,132,1624,48,1672
SSC12149,616,1129,287,21,10,2063,23,2086
SSC12150,655,1743,1058,289,138,3883,222,4105
SSC12151,222,602,247,43,13,1127,32,1159
SSC12152,3,32,62,21,19,137,4,141
SSC12153,18,69,79,27,19,212,3,215
SSC12154,81,758,1151,268,84,2342,52,2394
SSC12155,628,1549,661,137,38,3013,78,3091
SSC12156,18,119,202,65,24,428,14,442
SSC12157,0,33,69,23,18,143,7,150
SSC12158,9,52,64,31,19,175,4,179
SSC12159,216,578,452,135,50,1431,56,1487
SSC12160,6,64,98,31,15,214,10,224
SSC12161,0,14,29,16,10,69,0,69
SSC12162,4,49,28,3,3,87,3,90
SSC12163,0,13,35,24,4,76,3,79
SSC12164,1408,2748,2022,719,326,7223,257,7480
SSC12165,98,418,391,95,58,1060,17,1077
SSC12166,9,115,154,60,27,365,9,374
SSC12167,0,27,45,19,9,100,3,103
SSC12168,8,62,77,29,10,186,8,194
SSC12169,26,157,81,26,5,295,10,305
SSC12170,0,27,32,20,12,91,0,91
SSC12171,0,14,49,16,16,95,3,98
SSC12172,60,509,468,130,44,1211,36,1247
SSC12173,583,1420,540,83,27,2653,62,2715
SSC12174,3,18,83,32,34,170,4,174
SSC12175,19,345,374,88,45,871,24,895
SSC12176,0,29,43,16,14,102,3,105
SSC12177,3,50,51,27,19,150,5,155
SSC12178,7,48,71,19,14,159,7,166
SSC12179,17,242,186,27,11,483,18,501
SSC12180,34,386,234,69,24,747,21,768
SSC12181,32,245,171,41,14,503,25,528
SSC12182,3266,2824,590,46,21,6747,208,6955
SSC12183,166,777,458,90,52,1543,73,1616
SSC12184,533,2223,1159,202,74,4191,120,4311
SSC12185,6,112,187,92,100,497,39,536
SSC12186,4,40,92,39,25,200,7,207
SSC12187,0,32,52,32,19,135,3,138
SSC12188,3,23,43,17,7,93,0,93
SSC12189,274,922,526,158,77,1957,98,2055
SSC12190,11,65,102,27,22,227,4,231
SSC12191,77,192,92,16,5,382,6,388
SSC12192,3171,1753,256,25,7,5212,143,5355
SSC12193,0,0,0,0,0,0,0,0
SSC12194,287,1114,1389,443,205,3438,120,3558
SSC12195,34,289,465,151,111,1050,23,1073
SSC12196,4,39,183,96,46,368,7,375
SSC12197,38,85,83,22,5,233,10,243
SSC12198,3,68,85,45,27,228,4,232
SSC12199,0,21,31,16,14,82,3,85
SSC12200,124,569,570,172,133,1568,50,1618
SSC12201,4,42,34,8,0,88,0,88
SSC12202,0,21,55,20,22,118,0,118
SSC12203,0,18,51,23,21,113,3,116
SSC12204,3,71,100,36,27,237,8,245
SSC12205,0,67,109,27,3,206,0,206
SSC12206,77,252,156,13,4,502,17,519
SSC12207,12,55,79,27,16,189,7,196
SSC12208,3,3,0,3,3,12,0,12
SSC12209,11,38,6,3,0,58,15,73
SSC12210,62,496,409,99,40,1106,44,1150
SSC12211,0,56,74,16,5,151,0,151
SSC12212,0,10,15,9,9,43,3,46
SSC12213,0,22,37,14,7,80,0,80
SSC12214,3,34,104,40,22,203,5,208
SSC12215,4,35,54,26,13,132,3,135
SSC12216,7,38,32,18,8,103,0,103
SSC12217,3,40,25,5,3,76,3,79
SSC12218,8,65,97,51,29,250,5,255
SSC12219,860,2763,1798,462,196,6079,283,6362
SSC12220,11,26,58,13,7,115,3,118
SSC12221,48,262,226,67,32,635,26,661
SSC12222,0,20,42,16,10,88,0,88
SSC12223,88,298,244,84,28,742,32,774
SSC12224,40,284,204,64,34,626,21,647
SSC12225,30,233,242,44,13,562,19,581
SSC12226,3,15,37,6,3,64,0,64
SSC12227,33,274,225,64,15,611,17,628
SSC12228,7,178,345,92,32,654,15,669
SSC12229,9,68,49,13,3,142,5,147
SSC12230,5,12,18,0,3,38,3,41
SSC12231,39,526,353,84,34,1036,19,1055
SSC12232,107,363,273,85,32,860,31,891
SSC12233,4,49,91,42,24,210,5,215
SSC12234,345,853,603,156,50,2007,74,2081
SSC12235,5,48,58,23,6,140,0,140
SSC12236,174,679,607,185,71,1716,85,1801
SSC12237,183,525,313,66,28,1115,41,1156
SSC12238,82,399,397,144,60,1082,27,1109
SSC12239,0,17,46,34,34,131,4,135
SSC12240,13,89,188,49,29,368,14,382
SSC12241,143,617,510,181,99,1550,58,1608
SSC12242,59,215,179,63,42,558,11,569
SSC12243,4,33,38,7,5,87,3,90
SSC12244,4,25,37,17,8,91,5,96
SSC12245,0,30,44,19,4,97,3,100
SSC12246,0,13,39,14,9,75,0,75
SSC12247,10,192,392,175,88,857,23,880
SSC12248,20,185,413,184,102,904,19,923
SSC12249,226,1412,1597,422,193,3850,114,3964
SSC12250,0,19,32,19,12,82,0,82
SSC12251,0,13,37,10,7,67,0,67
SSC12252,0,14,38,26,8,86,4,90
SSC12253,3,39,91,47,32,212,10,222
SSC12254,9,66,70,20,12,177,3,180
SSC12255,319,835,349,63,24,1590,94,1684
SSC12256,45,247,170,57,13,532,30,562
SSC12257,75,341,277,55,14,762,30,792
SSC12258,95,245,224,61,12,637,20,657
SSC12259,3,16,41,20,5,85,4,89
SSC12260,9,159,326,146,100,740,33,773
SSC12261,0,35,46,14,9,104,7,111
SSC12262,3,44,52,18,14,131,0,131
SSC12263,9,226,511,104,20,870,9,879
SSC12264,0,6,24,13,15,58,0,58
SSC12265,7,125,157,49,37,375,18,393
SSC12266,94,112,21,0,0,227,8,235
SSC12267,0,15,40,22,13,90,0,90
SSC12268,4,26,62,24,3,119,3,122
SSC12269,4,25,57,37,37,160,0,160
SSC12270,33,313,446,181,125,1098,55,1153
SSC12271,163,721,786,202,91,1963,52,2015
SSC12272,0,30,44,22,8,104,0,104
SSC12273,150,973,1128,275,102,2628,49,2677
SSC12274,69,642,1219,387,213,2530,38,2568
SSC12275,0,16,30,14,8,68,0,68
SSC12276,38,498,992,268,122,1918,41,1959
SSC12277,7,25,38,21,13,104,8,112
SSC12278,83,308,190,38,11,630,30,660
SSC12279,3,19,64,26,22,134,0,134
SSC12280,25,148,136,53,32,394,18,412
SSC12281,14,184,322,89,46,655,10,665
SSC12282,10,143,173,38,23,387,8,395
SSC12283,5,49,117,58,19,248,4,252
SSC12284,3,34,50,35,16,138,3,141
SSC12285,66,394,336,97,37,930,41,971
SSC12286,176,533,413,132,49,1303,89,1392
SSC12287,13,62,28,13,14,130,8,138
SSC12288,27,181,129,24,7,368,17,385
SSC12289,9,70,160,56,27,322,4,326
SSC12290,0,37,42,27,23,129,3,132
SSC12291,4,35,32,0,0,71,5,76
SSC12292,0,37,53,21,22,133,10,143
SSC12293,371,1743,1509,427,179,4229,128,4357
SSC12294,7,29,53,26,20,135,5,140
SSC12295,298,1113,722,186,48,2367,85,2452
SSC12296,39,112,66,17,8,242,15,257
SSC12297,254,906,622,196,66,2044,81,2125
SSC12298,0,18,24,17,7,66,4,70
SSC12299,14,83,91,53,24,265,11,276
SSC12300,294,757,471,122,37,1681,113,1794
SSC12301,0,59,63,15,6,143,0,143
SSC12302,18,137,118,17,13,303,14,317
SSC12303,157,434,398,117,48,1154,50,1204
SSC12304,5,26,46,31,11,119,3,122
SSC12305,42,173,140,62,39,456,27,483
SSC12306,3,33,77,39,20,172,3,175
SSC12307,239,510,281,63,28,1121,102,1223
SSC12308,28,89,93,30,21,261,8,269
SSC12309,3,28,36,19,13,99,3,102
SSC12310,5,41,33,11,5,95,3,98
SSC12311,0,18,42,19,7,86,3,89
SSC12312,3,23,40,19,8,93,0,93
SSC12313,3,19,34,15,6,77,0,77
SSC12314,22,167,120,28,11,348,15,363
SSC12315,45,170,156,44,28,443,17,460
SSC12316,9,50,55,20,12,146,5,151
SSC12317,3,32,54,22,16,127,0,127
SSC12318,0,31,57,26,23,137,0,137
SSC12319,3,13,30,8,0,54,0,54
SSC12320,48,266,248,68,25,655,31,686
SSC12321,94,611,641,215,129,1690,44,1734
SSC12322,0,30,58,24,16,128,3,131
SSC12323,4,46,54,24,4,132,4,136
SSC12324,198,923,808,237,122,2288,88,2376
SSC12325,286,1461,648,121,58,2574,128,2702
SSC12326,23,544,486,88,39,1180,24,1204
SSC12327,3,28,35,22,5,93,3,96
SSC12328,26,496,349,71,13,955,27,982
SSC12329,222,1306,1553,454,150,3685,64,3749
SSC12330,48,171,150,50,24,443,19,462
SSC12331,82,517,484,116,46,1245,47,1292
SSC12332,518,1699,787,166,78,3248,179,3427
SSC12333,438,1831,798,155,63,3285,208,3493
SSC12334,306,1274,686,151,65,2482,119,2601
SSC12335,0,16,13,10,3,42,0,42
SSC12336,6,80,69,17,8,180,4,184
SSC12337,11,35,45,17,7,115,5,120
SSC12338,11,104,112,35,10,272,4,276
SSC12339,5,30,62,27,15,139,7,146
SSC12340,226,1203,782,194,68,2473,68,2541
SSC12341,21,104,100,36,18,279,10,289
SSC12342,4,36,35,8,5,88,4,92
SSC12343,1389,950,153,16,7,2515,68,2583
SSC12344,787,2705,1886,458,183,6019,270,6289
SSC12345,349,901,613,157,62,2082,105,2187
SSC12346,14,66,44,7,4,135,5,140
SSC12347,6,43,36,13,4,102,3,105
SSC12348,0,25,31,13,10,79,0,79
SSC12349,3,22,30,13,4,72,0,72
SSC12350,0,27,22,24,11,84,0,84
SSC12351,0,59,91,29,11,190,3,193
SSC12352,3,37,21,14,5,80,5,85
SSC12353,3,42,58,22,6,131,3,134
SSC12354,4,83,110,43,18,258,5,263
SSC12355,0,37,65,19,9,130,6,136
SSC12356,3,19,36,14,3,75,3,78
SSC12357,80,376,354,113,73,996,37,1033
SSC12358,6,44,50,10,6,116,5,121
SSC12359,9,88,146,55,28,326,9,335
SSC12360,3,71,65,23,10,172,0,172
SSC12361,128,546,436,127,42,1279,44,1323
SSC12362,3,44,61,36,29,173,7,180
SSC12363,47,99,66,13,7,232,11,243
SSC12364,32,525,953,312,115,1937,32,1969
SSC12365,6,76,134,42,29,287,9,296
SSC12366,11,260,175,31,11,488,18,506
SSC12367,22,146,212,66,35,481,7,488
SSC12368,0,3,5,7,10,25,3,28
SSC12369,200,1015,1222,363,169,2969,87,3056
SSC12370,3,22,51,22,18,116,3,119
SSC12371,3,41,76,28,9,157,6,163
SSC12372,399,650,383,133,60,1625,120,1745
SSC12373,50,477,418,93,30,1068,50,1118
SSC12374,48,125,116,54,73,416,30,446
SSC12375,0,0,0,0,0,0,0,0
SSC12376,0,58,208,58,40,364,3,367
SSC12377,53,223,253,46,32,607,18,625
SSC12378,413,1401,877,246,77,3014,130,3144
SSC12379,4,31,21,13,4,73,0,73
SSC12380,219,1706,2372,663,276,5236,98,5334
SSC12381,429,1347,348,56,14,2194,55,2249
SSC12382,0,12,23,15,8,58,3,61
SSC12383,83,391,518,220,113,1325,29,1354
SSC12384,3,36,76,34,22,171,9,180
SSC12385,3,17,21,26,10,77,3,80
SSC12386,70,305,388,146,74,983,40,1023
SSC12387,121,212,197,77,61,668,61,729
SSC12388,10,99,127,51,45,332,7,339
SSC12389,3,32,31,16,8,90,3,93
SSC12390,7,53,105,29,5,199,3,202
SSC12391,30,142,204,104,78,558,19,577
SSC12392,8,136,77,12,4,237,9,246
SSC12393,0,52,77,32,7,168,8,176
SSC12394,0,40,129,59,42,270,0,270
SSC12395,4,11,26,18,17,76,0,76
SSC12396,0,32,47,18,26,123,5,128
SSC12397,0,24,49,28,11,112,0,112
SSC12398,0,30,81,63,43,217,3,220
SSC12399,4,30,40,22,4,100,3,103
SSC12400,55,186,278,89,44,652,18,670
SSC12401,566,1853,1591,433,177,4620,195,4815
SSC12402,90,600,967,296,130,2083,55,2138
SSC12403,3,70,225,134,93,525,9,534
SSC12404,3,21,21,10,7,62,3,65
SSC12405,0,39,52,27,17,135,4,139
SSC12406,5,29,45,23,12,114,5,119
SSC12407,64,422,437,123,36,1082,40,1122
SSC12408,4,25,32,30,14,105,3,108
SSC12409,44,284,263,90,37,718,24,742
SSC12410,304,777,483,118,59,1741,61,1802
SSC12411,108,423,311,108,42,992,41,1033
SSC12412,13,139,151,33,20,356,9,365
SSC12413,0,35,28,4,6,73,7,80
SSC12414,61,235,192,46,21,555,14,569
SSC12415,49,254,222,112,48,685,24,709
SSC12416,3,24,31,11,9,78,3,81
SSC12417,368,1068,690,204,62,2392,114,2506
SSC12418,204,1192,1059,312,138,2905,88,2993
SSC12419,0,43,71,21,30,165,6,171
SSC12420,0,18,25,17,13,73,3,76
SSC12421,46,163,153,53,28,443,18,461
SSC12422,0,21,60,42,12,135,3,138
SSC12423,32,285,400,134,55,906,8,914
SSC12424,463,769,347,127,54,1760,103,1863
SSC12425,5,14,26,9,9,63,3,66
SSC12426,0,30,32,18,14,94,6,100
SSC12427,59,207,218,95,43,622,36,658
SSC12428,0,15,45,25,8,93,4,97
SSC12429,47,591,975,231,91,1935,40,1975
SSC12430,42,272,319,111,49,793,15,808
SSC12431,464,740,285,47,21,1557,109,1666
SSC12432,128,526,419,120,52,1245,59,1304
SSC12433,3,58,70,24,9,164,5,169
SSC12434,1926,2004,484,51,31,4496,322,4818
SSC12435,6,101,244,82,38,471,12,483
SSC12436,25,97,92,26,16,256,7,263
SSC12437,3,35,43,16,15,112,5,117
SSC12438,0,19,46,13,20,98,3,101
SSC12439,12,57,57,16,8,150,5,155
SSC12440,48,757,1259,321,114,2499,43,2542
SSC12441,3,50,199,79,48,379,4,383
SSC12442,207,993,732,209,66,2207,80,2287
SSC12443,3,39,59,26,9,136,4,140
SSC12444,355,752,344,48,15,1514,49,1563
SSC12445,190,742,276,36,10,1254,19,1273
SSC12446,0,25,40,12,6,83,3,86
SSC12447,5,24,61,44,41,175,0,175
SSC12448,4,27,40,23,11,105,3,108
SSC12449,78,260,250,103,53,744,27,771
SSC12450,4,16,39,32,22,113,3,116
SSC12451,11,9,15,5,9,49,0,49
SSC12452,7,120,94,34,15,270,4,274
SSC12453,302,672,390,109,35,1508,70,1578
SSC12454,0,4,22,15,5,46,4,50
SSC12455,3,32,44,19,7,105,5,110
SSC12456,56,192,156,52,11,467,41,508
SSC12457,179,1063,763,177,59,2241,45,2286
SSC12458,41,625,434,64,12,1176,17,1193
SSC12459,516,1686,987,233,89,3511,121,3632
SSC12460,3,25,52,25,7,112,3,115
SSC12461,0,35,93,54,50,232,3,235
SSC12462,3,67,84,19,12,185,5,190
SSC12463,189,652,396,102,46,1385,55,1440
SSC12464,32,337,527,186,97,1179,27,1206
SSC12465,30,280,462,164,98,1034,12,1046
SSC12466,68,301,233,60,33,695,20,715
SSC12467,132,576,524,153,51,1436,41,1477
SSC12468,135,553,393,91,26,1198,45,1243
SSC12469,150,630,459,122,44,1405,49,1454
SSC12470,137,310,117,22,9,595,26,621
SSC12471,23,256,146,22,13,460,16,476
SSC12472,28,414,1242,458,204,2346,57,2403
SSC12473,299,845,492,105,34,1775,66,1841
SSC12474,14,138,152,44,20,368,7,375
SSC12475,141,1091,2320,906,480,4938,81,5019
SSC12476,70,436,812,228,80,1626,22,1648
SSC12477,672,2171,1154,282,128,4407,102,4509
SSC12478,352,958,530,132,43,2015,102,2117
SSC12479,46,209,216,86,49,606,20,626
SSC12480,194,711,569,126,57,1657,55,1712
SSC12481,108,450,420,145,43,1166,49,1215
SSC12482,24,250,320,83,48,725,6,731
SSC12483,28,366,748,219,90,1451,7,1458
SSC12484,850,2788,937,140,65,4780,124,4904
SSC12485,110,458,445,151,93,1257,52,1309
SSC12486,113,552,663,286,160,1774,45,1819
SSC12487,398,762,469,116,48,1793,116,1909
SSC12488,0,38,49,18,14,119,7,126
SSC12489,0,3,0,0,0,3,0,3
SSC12490,4,24,13,6,0,47,5,52
SSC12491,3,27,95,44,33,202,8,210
SSC12492,31,274,391,125,69,890,25,915
SSC12493,3,22,54,27,13,119,4,123
SSC12494,10,40,53,20,7,130,7,137
SSC12495,5,28,33,11,5,82,0,82
SSC12496,7,27,26,12,5,77,6,83
SSC12497,60,180,142,25,11,418,13,431
SSC12498,38,199,349,166,148,900,22,922
SSC12499,57,91,66,24,22,260,9,269
SSC12500,3,35,100,38,16,192,3,195
SSC12501,474,1423,699,174,76,2846,147,2993
SSC12502,3,43,37,13,3,99,4,103
SSC12503,22,141,70,35,37,305,20,325
SSC12504,152,297,205,50,14,718,54,772
SSC12505,182,997,697,137,45,2058,46,2104
SSC12506,21,193,262,44,19,539,10,549
SSC12507,12,57,49,32,9,159,5,164
SSC12508,6,59,90,26,34,215,4,219
SSC12509,4,31,42,16,3,96,3,99
SSC12510,7,101,258,133,80,579,17,596
SSC12511,324,530,215,60,18,1147,84,1231
SSC12512,135,586,285,65,27,1098,67,1165
SSC12513,0,15,88,49,27,179,3,182
SSC12514,0,38,44,27,3,112,4,116
SSC12515,12,116,91,29,9,257,12,269
SSC12516,3,61,75,24,15,178,5,183
SSC12517,46,418,385,112,41,1002,30,1032
SSC12518,79,254,205,66,34,638,24,662
SSC12519,0,34,116,81,104,335,3,338
SSC12520,6,49,59,16,5,135,0,135
SSC12521,0,27,35,18,11,91,0,91
SSC12522,179,815,745,174,88,2001,65,2066
SSC12523,0,21,31,19,4,75,4,79
SSC12524,76,646,1000,324,157,2203,38,2241
SSC12525,196,1110,1743,472,180,3701,71,3772
SSC12526,0,17,27,20,5,69,0,69
SSC12527,4,44,49,21,13,131,6,137
SSC12528,7,24,32,8,0,71,3,74
SSC12529,8,46,54,12,8,128,5,133
SSC12530,0,35,26,15,11,87,4,91
SSC12531,202,657,230,32,4,1125,24,1149
SSC12532,8,46,56,15,9,134,6,140
SSC12533,21,317,377,107,41,863,14,877
SSC12534,1456,3346,1756,361,157,7076,296,7372
SSC12535,610,2086,847,112,37,3692,58,3750
SSC12536,6,88,133,57,21,305,13,318
SSC12537,13,114,136,40,6,309,7,316
SSC12538,5,29,40,13,8,95,4,99
SSC12539,0,32,40,18,10,100,3,103
SSC12540,7,21,35,21,16,100,0,100
SSC12541,7,48,118,36,24,233,0,233
SSC12542,3,14,18,14,11,60,0,60
SSC12543,99,448,347,104,53,1051,22,1073
SSC12544,27,280,309,129,74,819,26,845
SSC12545,19,119,122,40,11,311,12,323
SSC12546,61,556,795,257,110,1779,40,1819
SSC12547,14,77,63,18,8,180,11,191
SSC12548,30,255,265,85,24,659,16,675
SSC12549,0,31,63,20,12,126,4,130
SSC12550,0,10,18,13,12,53,3,56
SSC12551,18,139,185,48,29,419,4,423
SSC12552,10,129,176,44,27,386,10,396
SSC12553,3,9,23,8,8,51,0,51
SSC12554,11,115,113,59,29,327,16,343
SSC12555,0,20,41,23,7,91,3,94
SSC12556,0,16,48,14,8,86,0,86
SSC12557,0,23,86,48,31,188,0,188
SSC12558,0,23,31,19,5,78,4,82
SSC12559,183,835,593,175,87,1873,72,1945
SSC12560,19,126,62,9,3,219,11,230
SSC12561,546,1462,784,117,51,2960,123,3083
SSC12562,0,53,117,34,20,224,6,230
SSC12563,783,687,154,15,8,1647,56,1703
SSC12564,3,35,43,16,11,108,6,114
SSC12565,109,523,613,150,74,1469,42,1511
SSC12566,4,63,64,16,3,150,3,153
SSC12567,17,92,109,32,26,276,3,279
SSC12568,0,31,38,17,8,94,4,98
SSC12569,15,111,133,30,13,302,8,310
SSC12570,18,360,625,168,78,1249,24,1273
SSC12571,431,1576,1616,388,183,4194,115,4309
SSC12572,3,33,32,13,3,84,0,84
SSC12573,0,3,3,0,0,6,0,6
SSC12574,28,160,346,122,51,707,12,719
SSC12575,7,100,408,186,133,834,7,841
SSC12576,38,494,688,170,80,1470,32,1502
SSC12577,13,85,10,4,0,112,6,118
SSC12578,852,2008,981,199,78,4118,219,4337
SSC12579,7,47,63,24,9,150,4,154
SSC12580,4,76,140,45,32,297,5,302
SSC12581,3,31,36,16,4,90,7,97
SSC12582,0,0,3,0,0,3,0,3
SSC12583,41,291,324,129,80,865,37,902
SSC12584,3,64,91,46,19,223,4,227
SSC12585,6,77,88,27,10,208,3,211
SSC12586,433,1582,1131,313,111,3570,134,3704
SSC12587,293,693,365,101,38,1490,78,1568
SSC12588,5,23,47,33,22,130,5,135
SSC12589,38,210,289,84,35,656,20,676
SSC12590,3,24,75,25,14,141,3,144
SSC12591,576,1808,1554,508,229,4675,178,4853
SSC12592,209,1343,735,151,42,2480,90,2570
SSC12593,16,101,77,33,15,242,7,249
SSC12594,5,51,87,39,27,209,11,220
SSC12595,0,18,31,29,16,94,6,100
SSC12596,0,51,61,28,3,143,4,147
SSC12597,0,45,82,22,17,166,3,169
SSC12598,4,19,98,44,52,217,7,224
SSC12599,0,44,50,16,11,121,0,121
SSC12600,0,0,0,0,0,0,0,0
SSC12601,8,106,153,65,25,357,10,367
SSC12602,19,180,442,182,115,938,7,945
SSC12603,4,60,69,31,12,176,4,180
SSC12604,3,42,60,14,9,128,6,134
SSC12605,0,14,37,23,17,91,0,91
SSC12606,0,21,25,9,11,66,0,66
SSC12607,0,26,34,8,8,76,0,76
SSC12608,143,751,843,327,163,2227,62,2289
SSC12609,0,30,97,48,21,196,5,201
SSC12610,4,59,92,20,6,181,4,185
SSC12611,0,22,29,12,16,79,3,82
SSC12612,4,60,115,64,49,292,3,295
SSC12613,0,17,45,19,36,117,6,123
SSC12614,17,166,236,72,37,528,29,557
SSC12615,127,138,115,20,28,428,17,445
SSC12616,24,62,45,15,8,154,6,160
SSC12617,3,31,75,42,17,168,6,174
SSC12618,17,106,139,56,34,352,7,359
SSC12619,0,11,42,22,9,84,3,87
SSC12620,6,51,53,17,10,137,7,144
SSC12621,12,56,96,59,32,255,6,261
SSC12622,0,26,72,31,16,145,4,149
SSC12623,344,1421,1255,405,185,3610,134,3744
SSC12624,40,247,471,165,99,1022,39,1061
SSC12625,0,0,0,0,0,0,0,0
SSC12626,237,953,390,43,12,1635,16,1651
SSC19191,0,0,0,0,0,0,0,0
SSC19494,0,0,0,0,0,0,0,0
SSC19797,0,0,0,0,0,0,0,0
