region_id,Num_Psns_UR_1_FamHhold,Num_Psns_UR_1_NonFamHhold,Num_Psns_UR_1_Total,Num_Psns_UR_2_FamHhold,Num_Psns_UR_2_NonFamHhold,Num_Psns_UR_2_Total,Num_Psns_UR_3_FamHhold,Num_Psns_UR_3_NonFamHhold,Num_Psns_UR_3_Total,Num_Psns_UR_4_FamHhold,Num_Psns_UR_4_NonFamHhold,Num_Psns_UR_4_Total,Num_Psns_UR_5_FamHhold,Num_Psns_UR_5_NonFamHhold,Num_Psns_UR_5_Total,Num_Psns_UR_6mo_FamHhold,Num_Psns_UR_6mo_NonFamHhold,Num_Psns_UR_6mo_Total,Total_FamHhold,Total_NonFamHhold,Total_Total
UCL101001,0,301186,301186,367736,41979,409715,223741,11694,235435,234676,4590,239266,104229,1477,105706,55778,719,56497,986160,361645,1347805
UCL102001,0,3844,3844,3775,341,4116,2096,55,2151,2137,10,2147,895,5,900,339,0,339,9242,4255,13497
UCL102002,0,30252,30252,35492,2731,38223,16326,303,16629,16465,69,16534,7173,16,7189,3314,5,3319,78770,33376,112146
UCL102003,0,6939,6939,8135,757,8892,2903,88,2991,2382,25,2407,1135,6,1141,436,5,441,14991,7820,22811
UCL102004,0,31627,31627,37830,3724,41554,17477,970,18447,16864,333,17197,6775,129,6904,2569,67,2636,81515,36850,118365
UCL103001,0,22716,22716,27838,2364,30202,14047,604,14651,14371,256,14627,6009,96,6105,2654,32,2686,64919,26068,90987
UCL111001,0,5505,5505,5611,633,6244,2431,132,2563,2242,43,2285,934,10,944,384,4,388,11602,6327,17929
UCL111002,0,5367,5367,7679,510,8189,4035,60,4095,4046,15,4061,1718,5,1723,807,0,807,18285,5957,24242
UCL112001,0,3016,3016,3435,347,3782,1579,98,1677,1538,43,1581,713,12,725,345,3,348,7610,3519,11129
UCL112002,0,3533,3533,3479,375,3854,1528,35,1563,1367,10,1377,541,0,541,255,3,258,7170,3956,11126
UCL112003,0,1898,1898,2232,173,2405,1133,23,1156,981,0,981,477,4,481,206,3,209,5029,2101,7130
UCL112004,0,5174,5174,5983,573,6556,2402,93,2495,2177,26,2203,936,8,944,427,0,427,11925,5874,17799
UCL112005,0,3294,3294,3640,342,3982,1731,45,1776,1588,15,1603,801,5,806,459,3,462,8219,3704,11923
UCL112006,0,2551,2551,2632,179,2811,1197,17,1214,1019,5,1024,450,0,450,199,0,199,5497,2752,8249
UCL112007,0,3267,3267,3320,449,3769,1438,118,1556,1294,43,1337,551,15,566,282,5,287,6885,3897,10782
UCL112008,0,155,155,247,13,260,116,4,120,120,0,120,47,0,47,34,0,34,564,172,736
UCL112009,0,3094,3094,3479,277,3756,1491,37,1528,1330,9,1339,629,7,636,295,0,295,7224,3424,10648
UCL112010,0,3737,3737,3841,339,4180,1801,64,1865,1761,30,1791,864,0,864,409,3,412,8676,4173,12849
UCL112011,0,5027,5027,6480,406,6886,2065,53,2118,1867,3,1870,756,4,760,335,0,335,11503,5493,16996
UCL112012,0,3968,3968,4463,365,4828,2006,48,2054,1719,15,1734,775,3,778,352,0,352,9315,4399,13714
UCL112013,0,4845,4845,5542,640,6182,2544,164,2708,2347,44,2391,1160,15,1175,514,0,514,12107,5708,17815
UCL113001,0,2196,2196,2143,289,2432,939,80,1019,820,27,847,398,11,409,173,3,176,4473,2606,7079
UCL113002,0,2441,2441,2496,218,2714,786,42,828,621,9,630,224,0,224,105,3,108,4232,2713,6945
UCL113003,0,1401,1401,1748,106,1854,531,12,543,394,3,397,186,0,186,118,0,118,2977,1522,4499
UCL113004,0,2164,2164,2867,105,2972,893,11,904,951,10,961,441,0,441,201,0,201,5353,2290,7643
UCL113005,0,2502,2502,2508,137,2645,966,6,972,780,3,783,341,0,341,163,0,163,4758,2648,7406
UCL113006,0,493,493,689,38,727,163,11,174,187,0,187,79,0,79,25,0,25,1143,542,1685
UCL113007,0,2757,2757,3340,200,3540,808,12,820,638,5,643,305,0,305,109,0,109,5200,2974,8174
UCL113008,0,2010,2010,2032,170,2202,869,17,886,759,11,770,340,0,340,196,0,196,4196,2208,6404
UCL113009,0,1617,1617,1880,142,2022,869,24,893,877,4,881,505,0,505,254,0,254,4385,1787,6172
UCL113010,0,1173,1173,1161,95,1256,542,8,550,382,3,385,206,3,209,162,0,162,2453,1282,3735
UCL113011,0,1095,1095,1858,64,1922,721,11,732,710,0,710,340,0,340,84,0,84,3713,1170,4883
UCL113012,0,1282,1282,1552,129,1681,775,6,781,677,0,677,328,0,328,171,0,171,3503,1417,4920
UCL113013,0,1606,1606,1473,105,1578,562,4,566,520,0,520,226,0,226,83,3,86,2864,1718,4582
UCL113014,0,1658,1658,2288,162,2450,841,23,864,821,4,825,398,4,402,189,0,189,4537,1851,6388
UCL113015,0,1059,1059,1199,110,1309,585,12,597,601,4,605,313,0,313,117,0,117,2815,1185,4000
UCL113016,0,1101,1101,1673,98,1771,535,7,542,543,4,547,199,0,199,85,0,85,3035,1210,4245
UCL113017,0,1138,1138,1207,61,1268,525,16,541,405,6,411,262,0,262,146,0,146,2545,1221,3766
UCL113018,0,1251,1251,1520,116,1636,773,16,789,652,0,652,366,0,366,189,0,189,3500,1383,4883
UCL113019,0,1213,1213,1455,129,1584,785,32,817,834,5,839,367,0,367,168,0,168,3609,1379,4988
UCL113020,0,2273,2273,2409,192,2601,850,18,868,725,3,728,376,0,376,217,0,217,4577,2486,7063
UCL113021,0,1467,1467,2011,109,2120,600,6,606,533,3,536,221,3,224,88,0,88,3453,1588,5041
UCL114001,0,1117,1117,1378,68,1446,297,3,300,206,0,206,113,0,113,41,0,41,2035,1188,3223
UCL114002,0,1245,1245,1226,76,1302,501,13,514,425,0,425,201,0,201,129,0,129,2482,1334,3816
UCL114003,0,879,879,870,59,929,303,5,308,262,4,266,130,0,130,53,0,53,1618,947,2565
UCL114004,0,770,770,887,39,926,246,0,246,221,0,221,108,0,108,48,0,48,1510,809,2319
UCL114005,0,708,708,808,63,871,241,5,246,254,0,254,108,0,108,46,0,46,1457,776,2233
UCL114006,0,1079,1079,1028,74,1102,367,7,374,337,5,342,185,4,189,94,0,94,2011,1169,3180
UCL114007,0,938,938,901,49,950,323,6,329,271,3,274,126,0,126,59,0,59,1680,996,2676
UCL114008,0,927,927,911,57,968,317,7,324,288,0,288,157,0,157,76,0,76,1749,991,2740
UCL114009,0,758,758,731,58,789,251,6,257,192,0,192,104,0,104,51,0,51,1329,822,2151
UCL114010,0,973,973,963,86,1049,397,15,412,380,0,380,162,0,162,89,0,89,1991,1074,3065
UCL114011,0,283,283,478,17,495,349,3,352,474,0,474,197,3,200,54,0,54,1552,306,1858
UCL114012,0,1193,1193,1157,81,1238,512,13,525,400,0,400,202,3,205,112,0,112,2383,1290,3673
UCL114013,0,714,714,759,56,815,347,9,356,302,0,302,143,0,143,83,0,83,1634,779,2413
UCL114014,0,373,373,692,74,766,337,19,356,371,7,378,135,0,135,48,4,52,1583,477,2060
UCL114015,0,339,339,888,30,918,489,3,492,609,0,609,245,0,245,109,0,109,2340,372,2712
UCL114016,0,858,858,1274,62,1336,295,9,304,247,0,247,97,0,97,36,0,36,1949,929,2878
UCL114017,0,813,813,813,65,878,388,6,394,330,5,335,167,0,167,92,0,92,1790,889,2679
UCL114018,0,804,804,979,65,1044,393,6,399,359,0,359,169,0,169,82,0,82,1982,875,2857
UCL114019,0,1040,1040,1146,101,1247,526,11,537,460,6,466,243,0,243,105,0,105,2480,1158,3638
UCL114020,0,966,966,1010,91,1101,461,10,471,400,3,403,181,0,181,110,0,110,2162,1070,3232
UCL114021,0,1110,1110,986,85,1071,279,4,283,197,0,197,93,0,93,59,0,59,1614,1199,2813
UCL114022,0,637,637,738,55,793,307,8,315,274,3,277,152,0,152,60,0,60,1531,703,2234
UCL114023,0,374,374,729,56,785,294,3,297,375,0,375,134,0,134,57,0,57,1589,433,2022
UCL114024,0,623,623,850,43,893,231,3,234,206,0,206,102,0,102,31,0,31,1420,669,2089
UCL114025,0,587,587,602,70,672,278,9,287,266,0,266,134,0,134,31,0,31,1311,666,1977
UCL114026,0,1016,1016,1380,76,1456,469,10,479,407,0,407,187,0,187,93,0,93,2536,1102,3638
UCL114027,0,490,490,717,45,762,300,3,303,315,0,315,129,0,129,51,0,51,1512,538,2050
UCL114028,0,678,678,749,41,790,341,0,341,301,0,301,143,4,147,61,0,61,1595,723,2318
UCL114029,0,671,671,841,56,897,325,7,332,330,0,330,139,0,139,68,0,68,1703,734,2437
UCL114030,0,777,777,1096,81,1177,271,9,280,214,4,218,67,0,67,36,0,36,1684,871,2555
UCL114031,0,219,219,363,22,385,62,0,62,68,0,68,39,0,39,13,0,13,545,241,786
UCL114032,0,546,546,683,43,726,267,8,275,294,4,298,148,0,148,56,0,56,1448,601,2049
UCL114033,0,933,933,831,71,902,358,5,363,304,0,304,144,0,144,85,0,85,1722,1009,2731
UCL115001,0,188,188,237,17,254,102,0,102,107,0,107,46,0,46,14,0,14,506,205,711
UCL115002,0,659,659,754,44,798,263,4,267,209,0,209,104,0,104,38,0,38,1368,707,2075
UCL115003,0,199,199,326,24,350,166,0,166,179,0,179,70,0,70,45,0,45,786,223,1009
UCL115004,0,60,60,128,3,131,81,3,84,109,0,109,56,0,56,23,0,23,397,66,463
UCL115005,0,163,163,263,13,276,76,0,76,63,0,63,20,0,20,12,0,12,434,176,610
UCL115006,0,141,141,156,9,165,60,0,60,44,0,44,22,0,22,11,0,11,293,150,443
UCL115007,0,137,137,154,29,183,81,3,84,110,4,114,31,0,31,12,0,12,388,173,561
UCL115008,0,214,214,332,14,346,152,0,152,194,0,194,91,0,91,57,0,57,826,228,1054
UCL115009,0,173,173,195,8,203,42,0,42,37,0,37,25,0,25,3,0,3,302,181,483
UCL115010,0,160,160,216,13,229,75,0,75,70,0,70,35,0,35,13,0,13,409,173,582
UCL115011,0,224,224,189,10,199,45,0,45,46,0,46,18,0,18,5,0,5,303,234,537
UCL115012,0,117,117,193,13,206,73,0,73,74,0,74,32,0,32,14,0,14,386,130,516
UCL115013,0,142,142,162,6,168,43,6,49,40,0,40,16,0,16,9,0,9,270,154,424
UCL115014,0,523,523,522,41,563,209,8,217,203,4,207,81,0,81,46,0,46,1061,576,1637
UCL115015,0,331,331,357,33,390,175,9,184,165,0,165,69,0,69,29,0,29,795,373,1168
UCL115016,0,212,212,251,16,267,71,0,71,60,0,60,13,0,13,14,0,14,409,228,637
UCL115017,0,197,197,283,18,301,89,0,89,72,0,72,34,0,34,11,0,11,489,215,704
UCL115018,0,179,179,194,11,205,47,0,47,32,0,32,16,0,16,10,0,10,299,190,489
UCL115019,0,591,591,636,35,671,177,12,189,162,3,165,60,0,60,26,0,26,1061,641,1702
UCL115020,0,327,327,316,23,339,157,3,160,129,0,129,78,0,78,35,0,35,715,353,1068
UCL115021,0,57,57,139,3,142,57,0,57,79,0,79,38,0,38,11,0,11,324,60,384
UCL115022,0,162,162,184,15,199,53,3,56,62,0,62,22,0,22,8,0,8,329,180,509
UCL115023,0,163,163,397,26,423,139,0,139,156,0,156,70,0,70,23,0,23,785,189,974
UCL115024,0,183,183,169,4,173,48,0,48,45,0,45,32,0,32,17,0,17,311,187,498
UCL115025,0,201,201,204,21,225,71,0,71,80,0,80,47,0,47,41,0,41,443,222,665
UCL115026,0,75,75,125,7,132,84,0,84,102,0,102,40,0,40,16,0,16,367,82,449
UCL115027,0,125,125,146,10,156,47,3,50,39,0,39,28,0,28,23,0,23,283,138,421
UCL115028,0,152,152,150,14,164,62,3,65,47,0,47,22,0,22,11,0,11,292,169,461
UCL115029,0,176,176,310,14,324,165,5,170,153,0,153,92,0,92,30,0,30,750,195,945
UCL115030,0,243,243,264,6,270,97,3,100,78,0,78,47,0,47,18,0,18,504,252,756
UCL115031,0,271,271,199,32,231,67,3,70,54,0,54,19,0,19,8,0,8,347,306,653
UCL115032,0,132,132,147,12,159,64,0,64,50,0,50,21,0,21,9,0,9,291,144,435
UCL115033,0,291,291,401,20,421,98,0,98,93,0,93,43,0,43,23,0,23,658,311,969
UCL115034,0,155,155,232,12,244,113,3,116,117,0,117,47,0,47,16,0,16,525,170,695
UCL115035,0,144,144,254,13,267,165,5,170,204,0,204,87,0,87,29,0,29,739,162,901
UCL115036,0,87,87,145,3,148,86,0,86,108,0,108,74,0,74,18,0,18,431,90,521
UCL115037,0,667,667,539,156,695,234,73,307,161,41,202,64,4,68,21,0,21,1019,941,1960
UCL115038,0,243,243,449,16,465,140,0,140,140,0,140,67,0,67,37,0,37,833,259,1092
UCL115039,0,54,54,113,3,116,64,0,64,87,0,87,47,0,47,20,0,20,331,57,388
UCL115040,0,224,224,210,15,225,62,0,62,62,0,62,28,0,28,17,0,17,379,239,618
UCL115041,0,437,437,459,27,486,171,3,174,172,0,172,97,0,97,39,0,39,938,467,1405
UCL115042,0,76,76,138,7,145,86,0,86,96,0,96,46,0,46,17,0,17,383,83,466
UCL115043,0,326,326,323,29,352,142,0,142,117,0,117,70,0,70,40,0,40,692,355,1047
UCL115044,0,151,151,218,7,225,70,0,70,73,0,73,44,0,44,20,0,20,425,158,583
UCL115045,0,336,336,332,30,362,96,0,96,89,0,89,59,0,59,31,0,31,607,366,973
UCL115046,0,302,302,283,20,303,114,0,114,109,0,109,53,0,53,37,3,40,596,325,921
UCL115047,0,110,110,122,16,138,55,0,55,52,0,52,29,0,29,26,0,26,284,126,410
UCL115048,0,94,94,145,6,151,55,3,58,77,0,77,34,0,34,8,0,8,319,103,422
UCL115049,0,269,269,328,11,339,87,0,87,82,0,82,41,0,41,13,0,13,551,280,831
UCL115050,0,424,424,527,30,557,165,3,168,129,3,132,59,0,59,27,0,27,907,460,1367
UCL115051,0,125,125,143,6,149,57,0,57,43,0,43,18,0,18,17,0,17,278,131,409
UCL115052,0,239,239,306,19,325,89,0,89,55,0,55,32,0,32,9,0,9,491,258,749
UCL115053,0,168,168,172,14,186,64,3,67,63,0,63,34,0,34,13,0,13,346,185,531
UCL115054,0,156,156,163,7,170,48,0,48,48,0,48,18,0,18,6,0,6,283,163,446
UCL115055,0,39,39,97,0,97,66,3,69,70,0,70,39,0,39,17,0,17,289,42,331
UCL115056,0,292,292,294,11,305,119,3,122,100,0,100,49,0,49,14,0,14,576,306,882
UCL115057,0,353,353,457,40,497,173,3,176,112,0,112,62,0,62,22,0,22,826,396,1222
UCL115058,0,104,104,208,31,239,88,17,105,91,16,107,56,0,56,24,0,24,467,168,635
UCL115059,0,436,436,408,24,432,149,4,153,98,0,98,47,0,47,18,0,18,720,464,1184
UCL115060,0,207,207,260,21,281,55,0,55,45,0,45,23,0,23,4,0,4,387,228,615
UCL115061,0,293,293,299,17,316,72,0,72,61,0,61,32,0,32,20,0,20,484,310,794
UCL115062,0,132,132,184,21,205,103,0,103,103,0,103,55,0,55,18,0,18,463,153,616
UCL115063,0,88,88,111,8,119,61,0,61,47,0,47,27,0,27,18,0,18,264,96,360
UCL115064,0,51,51,97,5,102,61,0,61,96,0,96,39,0,39,28,0,28,321,56,377
UCL115065,0,70,70,109,6,115,59,0,59,85,0,85,26,0,26,20,0,20,299,76,375
UCL115066,0,330,330,465,21,486,179,0,179,246,0,246,123,0,123,42,0,42,1055,351,1406
UCL115067,0,327,327,341,14,355,138,0,138,113,0,113,62,0,62,23,0,23,677,341,1018
UCL115068,0,98,98,256,5,261,162,0,162,169,0,169,94,0,94,39,0,39,720,103,823
UCL115069,0,378,378,383,15,398,106,4,110,86,0,86,25,0,25,21,0,21,621,397,1018
UCL115070,0,169,169,220,8,228,47,0,47,53,0,53,14,0,14,5,0,5,339,177,516
UCL115071,0,325,325,327,17,344,102,3,105,61,0,61,43,0,43,14,0,14,547,345,892
UCL115072,0,169,169,239,20,259,133,3,136,155,0,155,76,0,76,44,0,44,647,192,839
UCL115073,0,232,232,226,17,243,98,0,98,85,0,85,40,0,40,24,0,24,473,249,722
UCL115074,0,45,45,237,0,237,71,0,71,64,0,64,31,0,31,21,0,21,424,45,469
UCL115075,0,243,243,268,16,284,111,0,111,73,0,73,49,0,49,20,0,20,521,259,780
UCL115076,0,223,223,232,20,252,86,0,86,84,0,84,46,0,46,24,0,24,472,243,715
UCL115077,0,287,287,298,20,318,70,3,73,81,0,81,32,0,32,28,0,28,509,310,819
UCL115078,0,304,304,457,24,481,108,3,111,58,0,58,23,0,23,16,3,19,662,334,996
UCL115079,0,177,177,216,8,224,64,3,67,25,0,25,9,0,9,0,0,0,314,188,502
UCL115080,0,318,318,289,21,310,121,0,121,101,0,101,45,0,45,27,0,27,583,339,922
UCL115081,0,59,59,185,8,193,103,0,103,149,0,149,44,0,44,20,0,20,501,67,568
UCL115082,0,133,133,206,12,218,114,3,117,130,0,130,68,0,68,33,0,33,551,148,699
UCL115083,0,199,199,172,14,186,59,0,59,53,0,53,20,0,20,11,0,11,315,213,528
UCL115084,0,221,221,360,16,376,115,4,119,119,0,119,53,0,53,14,0,14,661,241,902
UCL115085,0,274,274,348,12,360,61,0,61,52,0,52,18,0,18,16,0,16,495,286,781
UCL115086,0,165,165,144,34,178,72,17,89,80,8,88,25,6,31,3,0,3,324,230,554
UCL115087,0,57,57,113,6,119,64,0,64,64,0,64,33,0,33,14,0,14,288,63,351
UCL115088,0,75,75,234,7,241,60,0,60,45,0,45,33,0,33,10,0,10,382,82,464
UCL115089,0,406,406,428,29,457,188,0,188,178,0,178,86,0,86,56,0,56,936,435,1371
UCL115090,0,209,209,173,16,189,67,0,67,52,0,52,22,0,22,14,0,14,328,225,553
UCL115091,0,156,156,166,12,178,56,0,56,35,0,35,16,0,16,12,0,12,285,168,453
UCL115092,0,153,153,189,10,199,88,0,88,86,0,86,37,0,37,16,0,16,416,163,579
UCL115093,0,74,74,128,3,131,63,0,63,74,0,74,22,0,22,15,0,15,302,77,379
UCL115094,0,381,381,383,25,408,142,0,142,111,4,115,55,0,55,33,0,33,724,410,1134
UCL115095,0,142,142,159,4,163,47,0,47,56,0,56,33,0,33,12,0,12,307,146,453
UCL115096,0,251,251,409,24,433,151,0,151,156,0,156,80,0,80,30,0,30,826,275,1101
UCL115097,0,277,277,422,34,456,139,5,144,107,0,107,49,0,49,19,0,19,736,316,1052
UCL115098,0,244,244,177,16,193,70,0,70,51,0,51,27,0,27,14,0,14,339,260,599
UCL115099,0,336,336,358,39,397,128,0,128,101,0,101,66,0,66,34,0,34,687,375,1062
UCL115100,0,354,354,369,25,394,127,0,127,98,0,98,43,0,43,24,0,24,661,379,1040
UCL115101,0,180,180,373,14,387,99,0,99,79,0,79,39,0,39,20,0,20,610,194,804
UCL115102,0,276,276,296,19,315,102,3,105,91,0,91,52,0,52,17,0,17,558,298,856
UCL115103,0,128,128,157,3,160,56,0,56,42,0,42,31,0,31,7,0,7,293,131,424
UCL115104,0,169,169,198,18,216,77,0,77,79,0,79,34,0,34,34,0,34,422,187,609
UCL115105,0,348,348,360,24,384,126,3,129,109,0,109,36,3,39,36,0,36,667,378,1045
UCL115106,0,347,347,363,40,403,201,3,204,177,3,180,62,3,65,32,0,32,835,396,1231
UCL115107,0,41,41,160,7,167,81,0,81,106,0,106,55,0,55,21,0,21,423,48,471
UCL115108,0,417,417,439,26,465,101,4,105,75,0,75,25,0,25,15,0,15,655,447,1102
UCL115109,0,520,520,472,29,501,180,0,180,169,3,172,82,0,82,41,3,44,944,555,1499
UCL115110,0,410,410,454,29,483,186,6,192,180,0,180,84,0,84,64,0,64,968,445,1413
UCL115111,0,261,261,228,13,241,100,0,100,102,0,102,52,0,52,30,0,30,512,274,786
UCL115112,0,288,288,302,17,319,130,0,130,116,0,116,61,0,61,34,0,34,643,305,948
UCL115113,0,448,448,533,79,612,243,15,258,222,5,227,76,0,76,28,0,28,1102,547,1649
UCL115114,0,435,435,566,31,597,186,5,191,164,3,167,72,0,72,28,0,28,1016,474,1490
UCL115115,0,257,257,328,15,343,173,5,178,189,0,189,98,0,98,47,0,47,835,277,1112
UCL115116,0,216,216,247,15,262,104,0,104,75,0,75,40,0,40,23,0,23,489,231,720
UCL115117,0,324,324,348,28,376,143,3,146,108,3,111,45,0,45,28,0,28,672,358,1030
UCL115118,0,338,338,431,23,454,237,3,240,207,3,210,83,0,83,53,0,53,1011,367,1378
UCL115119,0,86,86,161,9,170,76,0,76,76,0,76,36,0,36,22,0,22,371,95,466
UCL115120,0,219,219,436,34,470,230,4,234,212,0,212,94,0,94,41,0,41,1013,257,1270
UCL115121,0,311,311,236,21,257,70,3,73,61,0,61,19,0,19,12,0,12,398,335,733
UCL115122,0,482,482,552,31,583,125,3,128,109,0,109,46,0,46,18,0,18,850,516,1366
UCL115123,0,206,206,356,17,373,236,4,240,303,0,303,181,0,181,76,0,76,1152,227,1379
UCL115124,0,85,85,148,10,158,52,0,52,71,0,71,30,0,30,15,0,15,316,95,411
UCL115125,0,103,103,145,9,154,70,0,70,51,0,51,22,0,22,14,0,14,302,112,414
UCL115126,0,155,155,226,31,257,118,5,123,114,3,117,43,0,43,21,0,21,522,194,716
UCL115127,0,627,627,860,40,900,222,3,225,155,0,155,94,0,94,33,0,33,1364,670,2034
UCL115128,0,70,70,118,13,131,65,4,69,105,0,105,47,0,47,18,0,18,353,87,440
UCL115129,0,304,304,361,82,443,215,26,241,165,13,178,56,5,61,19,0,19,816,430,1246
UCL115130,0,499,499,661,39,700,130,0,130,99,0,99,33,0,33,11,0,11,934,538,1472
UCL115131,0,340,340,452,31,483,243,7,250,234,0,234,115,0,115,67,0,67,1111,378,1489
UCL115132,0,399,399,533,29,562,204,4,208,170,0,170,97,0,97,43,0,43,1047,432,1479
UCL115133,0,207,207,226,21,247,76,3,79,60,0,60,28,0,28,7,0,7,397,231,628
UCL115134,0,235,235,496,10,506,66,0,66,64,0,64,33,0,33,14,0,14,673,245,918
UCL115135,0,576,576,561,35,596,192,0,192,151,0,151,75,0,75,40,0,40,1019,611,1630
UCL115136,0,468,468,419,19,438,140,3,143,106,0,106,54,0,54,33,0,33,752,490,1242
UCL115137,0,76,76,153,8,161,105,0,105,118,0,118,60,0,60,26,0,26,462,84,546
UCL115138,0,196,196,293,19,312,143,0,143,182,0,182,74,0,74,40,0,40,732,215,947
UCL115139,0,287,287,387,15,402,85,0,85,74,0,74,18,0,18,17,0,17,581,302,883
UCL115140,0,182,182,197,12,209,69,0,69,65,0,65,26,0,26,21,0,21,378,194,572
UCL115141,0,291,291,471,19,490,106,0,106,53,0,53,29,0,29,12,0,12,671,310,981
UCL115142,0,264,264,324,18,342,122,0,122,108,0,108,45,0,45,32,0,32,631,282,913
UCL115143,0,380,380,466,38,504,127,0,127,75,0,75,43,0,43,21,0,21,732,418,1150
UCL115144,0,135,135,222,14,236,55,0,55,48,0,48,22,0,22,11,0,11,358,149,507
UCL115145,0,315,315,479,22,501,135,3,138,109,0,109,42,0,42,12,0,12,777,340,1117
UCL115146,0,224,224,216,9,225,78,0,78,65,0,65,20,0,20,14,0,14,393,233,626
UCL115147,0,133,133,138,11,149,80,3,83,66,4,70,39,0,39,45,0,45,368,151,519
UCL115148,0,107,107,105,8,113,55,0,55,68,0,68,24,0,24,24,0,24,276,115,391
UCL115149,0,160,160,218,12,230,95,0,95,126,0,126,50,0,50,15,0,15,504,172,676
UCL115150,0,185,185,162,13,175,48,0,48,51,0,51,19,0,19,14,0,14,294,198,492
UCL115151,0,241,241,201,11,212,77,0,77,62,0,62,33,0,33,15,0,15,388,252,640
UCL115152,0,198,198,169,14,183,92,0,92,80,0,80,50,0,50,13,0,13,404,212,616
UCL115153,0,594,594,549,41,590,228,5,233,183,0,183,102,0,102,63,0,63,1125,640,1765
UCL115154,0,170,170,198,13,211,54,0,54,35,0,35,14,0,14,19,0,19,320,183,503
UCL115155,0,212,212,211,18,229,72,0,72,48,0,48,33,0,33,18,0,18,382,230,612
UCL115156,0,357,357,388,17,405,114,6,120,105,0,105,53,0,53,35,0,35,695,380,1075
UCL115157,0,134,134,182,11,193,124,0,124,131,0,131,59,0,59,34,0,34,530,145,675
UCL115158,0,539,539,596,39,635,266,3,269,185,0,185,98,0,98,50,0,50,1195,581,1776
UCL115159,0,152,152,297,15,312,116,3,119,130,0,130,51,0,51,12,0,12,606,170,776
UCL115160,0,529,529,672,34,706,230,6,236,197,0,197,106,0,106,72,0,72,1277,569,1846
UCL115161,0,89,89,150,13,163,79,0,79,92,0,92,55,0,55,27,0,27,403,102,505
UCL115162,0,106,106,159,11,170,50,0,50,51,3,54,33,0,33,11,0,11,304,120,424
UCL115163,0,127,127,119,9,128,37,0,37,64,0,64,37,0,37,6,0,6,263,136,399
UCL121001,0,111,111,114,3,117,36,0,36,56,0,56,16,0,16,10,0,10,232,114,346
UCL121002,0,96,96,102,7,109,42,0,42,31,0,31,22,0,22,8,0,8,205,103,308
UCL121003,0,83,83,100,3,103,32,0,32,20,0,20,7,0,7,3,0,3,162,86,248
UCL121004,0,49,49,85,3,88,32,0,32,19,3,22,14,0,14,11,0,11,161,55,216
UCL121005,0,26,26,44,0,44,34,0,34,32,3,35,20,0,20,12,0,12,142,29,171
UCL121006,0,79,79,78,7,85,21,0,21,32,0,32,4,0,4,5,0,5,140,86,226
UCL121007,0,112,112,101,6,107,63,0,63,43,0,43,19,0,19,7,0,7,233,118,351
UCL121008,0,176,176,145,3,148,31,0,31,34,0,34,13,0,13,11,0,11,234,179,413
UCL121009,0,60,60,35,4,39,31,0,31,14,0,14,12,0,12,29,0,29,121,64,185
UCL121010,0,93,93,107,5,112,43,0,43,42,0,42,11,0,11,19,0,19,222,98,320
UCL121011,0,17,17,89,0,89,50,0,50,59,0,59,32,0,32,12,0,12,242,17,259
UCL121012,0,86,86,65,14,79,51,0,51,31,0,31,18,0,18,28,0,28,193,100,293
UCL121013,0,80,80,83,13,96,35,0,35,50,0,50,23,0,23,3,0,3,194,93,287
UCL121014,0,33,33,69,9,78,28,0,28,30,3,33,12,0,12,6,0,6,145,45,190
UCL121015,0,39,39,77,3,80,53,0,53,62,0,62,52,0,52,36,0,36,280,42,322
UCL121016,0,62,62,112,4,116,52,0,52,44,0,44,26,0,26,15,0,15,249,66,315
UCL121017,0,17,17,79,0,79,36,0,36,49,0,49,15,3,18,11,0,11,190,20,210
UCL121018,0,30,30,63,5,68,28,0,28,40,0,40,18,0,18,7,0,7,156,35,191
UCL121019,0,32,32,61,4,65,31,3,34,44,0,44,21,3,24,11,3,14,168,45,213
UCL121020,0,98,98,81,5,86,25,0,25,27,0,27,17,0,17,8,0,8,158,103,261
UCL121021,0,107,107,98,10,108,37,0,37,28,0,28,22,0,22,8,0,8,193,117,310
UCL121022,0,37,37,70,3,73,27,3,30,25,0,25,16,0,16,16,0,16,154,43,197
UCL121023,0,28,28,53,6,59,23,0,23,49,0,49,22,0,22,4,0,4,151,34,185
UCL121024,0,150,150,169,12,181,55,3,58,37,0,37,11,0,11,3,0,3,275,165,440
UCL121025,0,38,38,63,5,68,29,0,29,22,0,22,18,0,18,13,0,13,145,43,188
UCL121026,0,20,20,92,5,97,62,0,62,49,0,49,27,0,27,17,0,17,247,25,272
UCL121027,0,67,67,97,7,104,28,0,28,23,0,23,8,0,8,3,0,3,159,74,233
UCL121028,0,40,40,70,4,74,38,0,38,19,0,19,15,0,15,12,0,12,154,44,198
UCL121029,0,63,63,73,0,73,28,0,28,21,0,21,7,0,7,10,0,10,139,63,202
UCL121030,0,88,88,128,8,136,49,3,52,52,0,52,17,0,17,15,0,15,261,99,360
UCL121031,0,60,60,130,5,135,48,0,48,35,0,35,26,0,26,7,0,7,246,65,311
UCL121032,0,90,90,118,4,122,23,0,23,29,0,29,17,0,17,9,0,9,196,94,290
UCL121033,0,27,27,52,0,52,24,0,24,29,0,29,12,0,12,4,0,4,121,27,148
UCL121034,0,51,51,87,3,90,50,0,50,44,0,44,33,0,33,6,0,6,220,54,274
UCL121035,0,26,26,121,0,121,34,0,34,58,0,58,26,0,26,10,0,10,249,26,275
UCL121036,0,64,64,99,4,103,37,3,40,32,0,32,14,0,14,4,0,4,186,71,257
UCL121037,0,63,63,77,6,83,32,0,32,15,0,15,9,0,9,3,0,3,136,69,205
UCL121038,0,58,58,75,4,79,29,0,29,22,0,22,18,0,18,3,0,3,147,62,209
UCL121039,0,10,10,48,0,48,25,0,25,47,0,47,23,0,23,9,0,9,152,10,162
UCL121040,0,80,80,87,7,94,15,0,15,23,0,23,20,0,20,10,0,10,155,87,242
UCL121041,0,134,134,188,14,202,76,0,76,76,0,76,31,0,31,15,0,15,386,148,534
UCL121042,0,26,26,56,3,59,35,0,35,49,0,49,35,0,35,6,0,6,181,29,210
UCL121043,0,49,49,84,6,90,36,0,36,33,0,33,13,0,13,3,0,3,169,55,224
UCL121044,0,62,62,144,5,149,46,0,46,31,0,31,11,0,11,6,0,6,238,67,305
UCL121045,0,39,39,55,3,58,30,0,30,29,0,29,19,0,19,9,0,9,142,42,184
UCL121046,0,110,110,134,17,151,26,0,26,4,0,4,3,0,3,3,0,3,170,127,297
UCL121047,0,134,134,126,7,133,39,0,39,27,0,27,17,0,17,15,0,15,224,141,365
UCL121048,0,145,145,142,13,155,53,3,56,41,0,41,11,0,11,9,0,9,256,161,417
UCL121049,0,167,167,127,9,136,29,0,29,25,0,25,7,0,7,3,0,3,191,176,367
UCL121050,0,62,62,109,3,112,40,0,40,70,0,70,22,0,22,14,0,14,255,65,320
UCL121051,0,112,112,106,11,117,31,0,31,33,0,33,14,0,14,6,0,6,190,123,313
UCL121052,0,16,16,53,0,53,29,0,29,48,0,48,40,0,40,16,0,16,186,16,202
UCL121053,0,43,43,91,6,97,35,0,35,45,0,45,12,0,12,6,0,6,189,49,238
UCL121054,0,57,57,103,5,108,50,0,50,39,0,39,29,0,29,10,0,10,231,62,293
UCL121055,0,83,83,160,3,163,33,3,36,24,0,24,15,0,15,3,0,3,235,89,324
UCL121056,0,17,17,44,9,53,36,0,36,59,0,59,36,0,36,5,0,5,180,26,206
UCL121057,0,31,31,198,6,204,64,0,64,84,0,84,47,0,47,9,0,9,402,37,439
UCL121058,0,43,43,84,5,89,29,0,29,33,0,33,11,0,11,5,0,5,162,48,210
UCL121059,0,32,32,124,4,128,41,0,41,60,0,60,32,0,32,8,0,8,265,36,301
UCL121060,0,7,7,49,0,49,27,0,27,58,0,58,27,0,27,18,0,18,179,7,186
UCL121061,0,57,57,94,0,94,57,0,57,59,0,59,24,0,24,6,0,6,240,57,297
UCL121062,0,66,66,85,0,85,37,0,37,27,3,30,15,0,15,3,0,3,167,69,236
UCL121063,0,74,74,150,7,157,36,0,36,24,0,24,15,0,15,7,0,7,232,81,313
UCL121064,0,119,119,127,3,130,38,0,38,19,0,19,14,0,14,16,0,16,214,122,336
UCL121065,0,93,93,213,9,222,58,0,58,57,0,57,32,0,32,20,0,20,380,102,482
UCL121066,0,3,3,32,3,35,26,0,26,49,0,49,23,0,23,8,0,8,138,6,144
UCL121067,0,49,49,56,5,61,34,0,34,39,0,39,14,0,14,3,0,3,146,54,200
UCL121068,0,67,67,69,10,79,24,0,24,24,0,24,10,0,10,16,0,16,143,77,220
UCL121069,0,102,102,121,5,126,35,0,35,19,0,19,5,0,5,7,0,7,187,107,294
UCL121070,0,57,57,71,11,82,27,0,27,26,0,26,8,0,8,3,0,3,135,68,203
UCL121071,0,29,29,66,3,69,9,0,9,33,0,33,19,0,19,4,0,4,131,32,163
UCL121072,0,113,113,136,14,150,46,0,46,42,0,42,16,0,16,10,0,10,250,127,377
UCL121073,0,40,40,66,4,70,28,0,28,31,0,31,20,0,20,9,0,9,154,44,198
UCL121074,0,58,58,75,3,78,27,0,27,44,0,44,21,0,21,11,0,11,178,61,239
UCL121075,0,26,26,64,4,68,40,0,40,48,0,48,33,0,33,8,0,8,193,30,223
UCL121076,0,27,27,87,3,90,19,0,19,19,0,19,17,0,17,4,0,4,146,30,176
UCL121077,0,30,30,52,0,52,30,3,33,37,0,37,19,0,19,14,0,14,152,33,185
UCL121078,0,53,53,80,4,84,24,0,24,26,0,26,10,0,10,7,0,7,147,57,204
UCL121079,0,16,16,59,0,59,31,0,31,30,0,30,18,0,18,12,0,12,150,16,166
UCL121080,0,79,79,149,12,161,53,0,53,39,0,39,14,0,14,10,0,10,265,91,356
UCL121081,0,18,18,63,4,67,52,0,52,61,0,61,51,0,51,31,0,31,258,22,280
UCL121082,0,131,131,100,10,110,53,4,57,36,0,36,11,0,11,6,0,6,206,145,351
UCL121083,0,37,37,71,3,74,35,0,35,49,0,49,21,0,21,14,0,14,190,40,230
UCL121084,0,137,137,122,7,129,52,0,52,27,0,27,17,0,17,0,0,0,218,144,362
UCL121085,0,52,52,66,6,72,35,0,35,42,0,42,24,0,24,3,0,3,170,58,228
UCL121086,0,46,46,71,3,74,31,0,31,28,0,28,12,0,12,10,0,10,152,49,201
UCL121087,0,57,57,101,10,111,47,0,47,55,0,55,20,0,20,5,0,5,228,67,295
UCL121088,0,36,36,62,3,65,30,0,30,32,0,32,15,0,15,3,0,3,142,39,181
UCL121089,0,17,17,100,0,100,42,0,42,53,0,53,33,0,33,13,0,13,241,17,258
UCL121090,0,28,28,81,5,86,40,0,40,34,0,34,22,0,22,13,0,13,190,33,223
UCL121091,0,61,61,101,8,109,59,0,59,76,0,76,38,0,38,25,0,25,299,69,368
UCL121092,0,142,142,187,9,196,62,0,62,54,0,54,20,0,20,12,0,12,335,151,486
UCL121093,0,113,113,114,6,120,44,0,44,42,0,42,13,0,13,5,0,5,218,119,337
UCL121094,0,64,64,103,5,108,45,0,45,29,0,29,14,0,14,4,0,4,195,69,264
UCL121095,0,65,65,92,6,98,39,0,39,57,0,57,26,0,26,15,0,15,229,71,300
UCL121096,0,123,123,110,4,114,32,0,32,23,0,23,18,0,18,10,0,10,193,127,320
UCL121097,0,57,57,111,6,117,77,0,77,82,0,82,44,0,44,19,0,19,333,63,396
UCL121098,0,51,51,81,9,90,39,0,39,32,0,32,19,0,19,4,0,4,175,60,235
UCL121099,0,30,30,135,4,139,43,0,43,43,0,43,18,0,18,11,0,11,250,34,284
UCL121100,0,84,84,97,6,103,34,0,34,21,0,21,13,0,13,6,0,6,171,90,261
UCL121101,0,38,38,154,5,159,44,0,44,36,0,36,14,0,14,3,0,3,251,43,294
UCL121102,0,59,59,137,3,140,59,0,59,68,0,68,29,0,29,14,0,14,307,62,369
UCL121103,0,112,112,125,8,133,40,0,40,33,0,33,11,0,11,5,0,5,214,120,334
UCL121104,0,98,98,133,11,144,58,0,58,53,0,53,23,0,23,9,0,9,276,109,385
UCL121105,0,69,69,86,3,89,33,0,33,32,0,32,19,0,19,11,0,11,181,72,253
UCL121106,0,102,102,126,13,139,32,3,35,22,0,22,3,0,3,10,0,10,193,118,311
UCL121107,0,27,27,112,7,119,24,0,24,28,0,28,6,0,6,3,0,3,173,34,207
UCL121108,0,97,97,115,6,121,55,0,55,39,0,39,16,0,16,11,0,11,236,103,339
UCL121109,0,55,55,51,5,56,21,0,21,17,0,17,13,0,13,23,0,23,125,60,185
UCL121110,0,68,68,103,4,107,38,0,38,48,0,48,12,0,12,10,0,10,211,72,283
UCL121111,0,134,134,158,5,163,37,3,40,29,0,29,11,0,11,8,0,8,243,142,385
UCL121112,0,74,74,121,6,127,46,0,46,40,0,40,17,0,17,9,0,9,233,80,313
UCL121113,0,120,120,108,4,112,41,0,41,28,0,28,19,0,19,14,0,14,210,124,334
UCL121114,0,52,52,78,3,81,42,0,42,46,0,46,26,0,26,3,0,3,195,55,250
UCL121115,0,57,57,64,7,71,22,0,22,32,0,32,11,0,11,3,0,3,132,64,196
UCL121116,0,38,38,74,5,79,36,0,36,31,0,31,14,0,14,5,0,5,160,43,203
UCL121117,0,90,90,114,3,117,18,0,18,15,0,15,6,0,6,0,0,0,153,93,246
UCL121118,0,20,20,76,3,79,38,0,38,83,0,83,29,0,29,18,0,18,244,23,267
UCL121119,0,57,57,89,9,98,29,0,29,36,0,36,15,0,15,10,0,10,179,66,245
UCL121120,0,44,44,126,4,130,50,0,50,44,0,44,25,0,25,15,0,15,260,48,308
UCL121121,0,58,58,45,3,48,23,3,26,16,0,16,7,0,7,34,0,34,125,64,189
UCL121122,0,29,29,85,0,85,66,0,66,72,0,72,36,0,36,9,0,9,268,29,297
UCL121123,0,29,29,46,3,49,23,0,23,26,0,26,17,0,17,9,0,9,121,32,153
UCL121124,0,82,82,81,10,91,29,0,29,36,0,36,7,0,7,10,0,10,163,92,255
UCL121125,0,77,77,144,8,152,32,0,32,23,0,23,22,0,22,3,0,3,224,85,309
UCL121126,0,16,16,77,3,80,31,0,31,37,0,37,24,0,24,9,0,9,178,19,197
UCL121127,0,41,41,81,0,81,31,0,31,17,0,17,19,0,19,4,0,4,152,41,193
UCL121128,0,66,66,61,3,64,22,0,22,20,0,20,17,0,17,10,0,10,130,69,199
UCL121129,0,43,43,56,6,62,26,0,26,47,0,47,21,0,21,19,0,19,169,49,218
UCL121130,0,63,63,109,3,112,61,0,61,71,0,71,36,0,36,16,0,16,293,66,359
UCL122001,0,35,35,36,4,40,9,0,9,9,0,9,0,0,0,4,0,4,58,39,97
UCL122002,0,12,12,33,4,37,22,0,22,20,0,20,10,0,10,9,0,9,94,16,110
UCL122003,0,60,60,54,5,59,22,0,22,11,0,11,5,0,5,0,0,0,92,65,157
UCL122004,0,48,48,47,0,47,9,0,9,6,0,6,5,0,5,3,0,3,70,48,118
UCL122005,0,58,58,71,6,77,16,0,16,17,0,17,12,0,12,9,0,9,125,64,189
UCL122006,0,24,24,44,3,47,19,0,19,22,0,22,8,0,8,3,0,3,96,27,123
UCL122007,0,28,28,50,3,53,16,0,16,12,0,12,5,0,5,8,0,8,91,31,122
UCL122008,0,22,22,35,5,40,16,0,16,27,0,27,12,0,12,5,0,5,95,27,122
UCL122009,0,19,19,41,3,44,9,0,9,31,0,31,11,0,11,0,0,0,92,22,114
UCL122010,0,40,40,46,0,46,12,0,12,21,0,21,8,0,8,3,0,3,90,40,130
UCL122011,0,32,32,31,4,35,10,0,10,8,0,8,4,0,4,3,0,3,56,36,92
UCL122012,0,18,18,38,0,38,18,0,18,10,0,10,16,0,16,3,0,3,85,18,103
UCL122013,0,27,27,40,5,45,19,0,19,14,0,14,15,0,15,3,0,3,91,32,123
UCL122014,0,32,32,27,3,30,3,0,3,8,0,8,6,0,6,3,0,3,47,35,82
UCL122015,0,19,19,31,0,31,9,0,9,15,0,15,16,0,16,0,0,0,71,19,90
UCL122016,0,33,33,48,0,48,17,0,17,12,0,12,14,0,14,0,0,0,91,33,124
UCL122017,0,94,94,54,5,59,24,0,24,13,0,13,11,0,11,4,0,4,106,99,205
UCL122018,0,37,37,36,6,42,20,0,20,10,0,10,7,0,7,3,0,3,76,43,119
UCL122019,0,45,45,50,0,50,20,3,23,5,0,5,0,0,0,3,0,3,78,48,126
UCL122020,0,5,5,29,0,29,21,0,21,6,0,6,8,0,8,0,0,0,64,5,69
UCL122021,0,11,11,63,0,63,18,0,18,13,0,13,14,0,14,5,0,5,113,11,124
UCL122022,0,30,30,44,0,44,29,0,29,21,0,21,12,0,12,6,0,6,112,30,142
UCL122023,0,51,51,68,9,77,17,0,17,18,0,18,6,0,6,3,0,3,112,60,172
UCL122024,0,16,16,40,3,43,5,0,5,21,0,21,10,0,10,4,0,4,80,19,99
UCL122025,0,67,67,56,3,59,30,0,30,18,0,18,13,0,13,0,0,0,117,70,187
UCL122026,0,12,12,28,3,31,9,0,9,12,0,12,9,0,9,9,0,9,67,15,82
UCL122027,0,34,34,36,0,36,8,0,8,6,0,6,4,0,4,0,0,0,54,34,88
UCL122028,0,44,44,56,0,56,17,0,17,14,0,14,7,0,7,7,0,7,101,44,145
UCL122029,0,33,33,22,5,27,17,0,17,10,0,10,11,0,11,0,0,0,60,38,98
UCL122030,0,42,42,43,4,47,24,0,24,23,0,23,13,0,13,3,0,3,106,46,152
UCL122031,0,0,0,24,0,24,15,0,15,21,0,21,14,0,14,0,0,0,74,0,74
UCL122032,0,54,54,57,10,67,24,0,24,16,0,16,10,0,10,4,0,4,111,64,175
UCL122033,0,24,24,29,0,29,10,0,10,12,0,12,7,0,7,0,0,0,58,24,82
UCL122034,0,18,18,21,3,24,16,0,16,16,0,16,4,0,4,3,0,3,60,21,81
UCL122035,0,8,8,25,0,25,10,0,10,11,3,14,12,0,12,3,0,3,61,11,72
UCL122036,0,57,57,48,3,51,16,0,16,22,0,22,13,0,13,8,0,8,107,60,167
UCL122037,0,55,55,37,5,42,17,4,21,9,0,9,14,0,14,7,0,7,84,64,148
UCL122038,0,40,40,52,5,57,13,0,13,21,0,21,7,0,7,3,0,3,96,45,141
UCL122039,0,59,59,89,4,93,11,3,14,15,0,15,0,0,0,3,0,3,118,66,184
UCL122040,0,37,37,41,3,44,18,0,18,12,0,12,9,0,9,3,0,3,83,40,123
UCL122041,0,25,25,51,6,57,28,0,28,25,0,25,4,0,4,3,0,3,111,31,142
UCL122042,0,21,21,33,3,36,13,0,13,16,0,16,5,0,5,6,0,6,73,24,97
UCL122043,0,43,43,41,3,44,21,0,21,16,0,16,11,0,11,4,0,4,93,46,139
UCL122044,0,29,29,43,0,43,13,0,13,8,0,8,8,0,8,3,0,3,75,29,104
UCL122045,0,63,63,68,0,68,16,3,19,21,0,21,8,0,8,3,0,3,116,66,182
UCL122046,0,39,39,50,0,50,12,0,12,13,0,13,0,0,0,0,0,0,75,39,114
UCL122047,0,34,34,51,4,55,15,0,15,13,0,13,4,0,4,4,0,4,87,38,125
UCL122048,0,55,55,34,3,37,15,0,15,9,0,9,4,0,4,3,0,3,65,58,123
UCL122049,0,38,38,48,0,48,15,0,15,12,0,12,5,0,5,3,0,3,83,38,121
UCL122050,0,34,34,46,3,49,20,0,20,20,0,20,13,0,13,4,0,4,103,37,140
UCL122051,0,21,21,38,0,38,9,0,9,11,0,11,7,0,7,0,0,0,65,21,86
UCL122052,0,60,60,53,3,56,14,0,14,10,0,10,3,0,3,0,0,0,80,63,143
UCL122053,0,41,41,60,0,60,19,0,19,23,0,23,14,3,17,6,0,6,122,44,166
UCL122054,0,25,25,48,7,55,25,7,32,33,0,33,7,0,7,4,0,4,117,39,156
UCL122055,0,9,9,45,0,45,22,0,22,12,0,12,5,0,5,9,0,9,93,9,102
UCL122056,0,15,15,22,0,22,17,0,17,18,0,18,7,0,7,8,0,8,72,15,87
UCL122057,0,57,57,62,4,66,27,0,27,9,0,9,9,0,9,6,0,6,113,61,174
UCL122058,0,53,53,84,7,91,22,0,22,18,0,18,5,0,5,3,0,3,132,60,192
UCL122059,0,35,35,51,3,54,29,0,29,22,0,22,5,0,5,13,0,13,120,38,158
UCL122060,0,29,29,48,3,51,21,0,21,22,0,22,11,0,11,7,0,7,109,32,141
UCL122061,0,34,34,56,5,61,34,0,34,23,0,23,10,0,10,8,0,8,131,39,170
UCL122062,0,13,13,21,0,21,10,0,10,8,0,8,4,0,4,8,0,8,51,13,64
UCL122063,0,28,28,38,0,38,17,0,17,11,0,11,6,0,6,6,0,6,78,28,106
UCL122064,0,37,37,41,4,45,16,0,16,23,0,23,0,0,0,3,0,3,83,41,124
UCL122065,0,43,43,53,4,57,17,0,17,13,0,13,4,0,4,9,0,9,96,47,143
UCL122066,0,13,13,30,0,30,22,0,22,35,0,35,12,0,12,7,0,7,106,13,119
UCL122067,0,62,62,57,6,63,33,0,33,20,0,20,11,0,11,3,0,3,124,68,192
UCL122068,0,17,17,48,0,48,16,0,16,27,0,27,9,0,9,4,0,4,104,17,121
UCL122069,0,44,44,57,4,61,15,0,15,10,0,10,4,0,4,3,0,3,89,48,137
UCL122070,0,16,16,30,0,30,14,0,14,23,0,23,9,0,9,6,0,6,82,16,98
UCL122071,0,43,43,47,3,50,28,0,28,24,0,24,12,0,12,6,0,6,117,46,163
UCL122072,0,34,34,21,3,24,4,0,4,4,0,4,5,0,5,3,0,3,37,37,74
UCL122073,0,41,41,38,3,41,13,0,13,17,0,17,3,0,3,7,0,7,78,44,122
UCL122074,0,47,47,36,3,39,3,0,3,10,0,10,3,0,3,3,0,3,55,50,105
UCL122075,0,31,31,54,0,54,6,0,6,3,0,3,3,0,3,0,0,0,66,31,97
UCL122076,0,22,22,30,6,36,18,0,18,18,0,18,5,0,5,10,0,10,81,28,109
UCL122077,0,52,52,34,7,41,9,0,9,18,0,18,0,0,0,0,0,0,61,59,120
UCL122078,0,17,17,28,0,28,13,0,13,18,0,18,7,0,7,6,0,6,72,17,89
UCL122079,0,32,32,88,6,94,21,0,21,12,0,12,9,0,9,3,0,3,133,38,171
UCL122080,0,11,11,23,0,23,8,3,11,23,0,23,4,0,4,4,0,4,62,14,76
UCL122081,0,30,30,55,4,59,18,0,18,11,0,11,6,0,6,10,0,10,100,34,134
UCL122082,0,42,42,62,3,65,15,0,15,11,0,11,6,0,6,3,0,3,97,45,142
UCL122083,0,76,76,35,3,38,4,0,4,11,0,11,0,0,0,0,0,0,50,79,129
UCL122084,0,17,17,39,0,39,23,0,23,14,0,14,4,0,4,3,0,3,83,17,100
UCL122085,0,34,34,53,3,56,28,0,28,32,0,32,10,0,10,4,0,4,127,37,164
UCL122086,0,42,42,44,3,47,19,0,19,22,0,22,4,0,4,0,0,0,89,45,134
UCL122087,0,17,17,48,3,51,20,0,20,29,0,29,8,0,8,9,0,9,114,20,134
UCL122088,0,35,35,39,3,42,10,0,10,6,0,6,0,0,0,4,0,4,59,38,97
UCL122089,0,31,31,60,3,63,14,0,14,12,0,12,15,0,15,3,0,3,104,34,138
UCL122090,0,68,68,60,3,63,22,0,22,17,0,17,13,0,13,8,0,8,120,71,191
UCL122091,0,38,38,39,5,44,4,0,4,4,0,4,0,0,0,4,0,4,51,43,94
UCL122092,0,11,11,34,0,34,16,0,16,22,0,22,13,0,13,0,0,0,85,11,96
UCL122093,0,11,11,28,0,28,11,0,11,13,0,13,4,0,4,7,0,7,63,11,74
UCL122094,0,49,49,52,0,52,8,0,8,10,0,10,4,0,4,8,0,8,82,49,131
UCL122095,0,66,66,70,5,75,23,0,23,10,0,10,4,0,4,9,0,9,116,71,187
UCL122096,0,17,17,36,3,39,15,0,15,13,0,13,4,0,4,3,0,3,71,20,91
UCL122097,0,22,22,45,3,48,22,0,22,20,0,20,6,0,6,3,0,3,96,25,121
UCL122098,0,31,31,61,3,64,30,3,33,19,0,19,9,0,9,3,0,3,122,37,159
UCL122099,0,55,55,51,0,51,16,0,16,14,0,14,6,0,6,3,0,3,90,55,145
UCL122100,0,22,22,43,0,43,13,0,13,24,0,24,15,0,15,5,0,5,100,22,122
UCL122101,0,72,72,53,6,59,12,0,12,18,0,18,14,0,14,9,0,9,106,78,184
UCL122102,0,53,53,58,5,63,8,0,8,9,0,9,9,0,9,4,0,4,88,58,146
UCL122103,0,13,13,31,0,31,14,0,14,12,0,12,10,0,10,4,0,4,71,13,84
UCL122104,0,64,64,55,5,60,30,0,30,12,0,12,7,0,7,6,0,6,110,69,179
UCL122105,0,24,24,41,0,41,12,0,12,12,0,12,6,0,6,0,0,0,71,24,95
UCL122106,0,30,30,28,4,32,18,0,18,5,0,5,6,0,6,3,0,3,60,34,94
UCL122107,0,79,79,40,12,52,22,5,27,11,0,11,7,0,7,3,0,3,83,96,179
UCL122108,0,34,34,40,0,40,7,3,10,8,0,8,4,0,4,3,0,3,62,37,99
UCL122109,0,45,45,98,0,98,14,0,14,8,0,8,11,0,11,3,0,3,134,45,179
UCL122110,0,31,31,45,10,55,25,0,25,20,0,20,11,0,11,0,0,0,101,41,142
UCL122111,0,51,51,53,3,56,9,0,9,12,0,12,0,0,0,3,0,3,77,54,131
UCL122112,0,31,31,45,0,45,7,0,7,8,0,8,4,0,4,6,0,6,70,31,101
UCL122113,0,8,8,31,0,31,26,0,26,32,0,32,26,0,26,6,0,6,121,8,129
UCL122114,0,16,16,24,0,24,22,0,22,30,0,30,3,0,3,3,0,3,82,16,98
UCL122115,0,28,28,48,3,51,13,0,13,8,0,8,3,0,3,3,0,3,75,31,106
UCL122116,0,24,24,46,6,52,18,0,18,28,0,28,7,0,7,3,0,3,102,30,132
UCL122117,0,37,37,36,3,39,10,0,10,4,0,4,0,0,0,0,0,0,50,40,90
UCL122118,0,5,5,6,0,6,0,0,0,6,0,6,0,0,0,0,0,0,12,5,17
UCL122119,0,28,28,38,0,38,26,0,26,27,0,27,14,0,14,3,0,3,108,28,136
UCL122120,0,3,3,28,0,28,19,0,19,23,0,23,12,0,12,4,0,4,86,3,89
UCL122121,0,36,36,43,3,46,8,0,8,8,0,8,3,0,3,4,0,4,66,39,105
UCL122122,0,18,18,64,4,68,28,0,28,23,0,23,14,0,14,11,0,11,140,22,162
UCL122123,0,10,10,42,0,42,10,0,10,10,0,10,4,0,4,4,0,4,70,10,80
UCL122124,0,40,40,68,3,71,22,0,22,22,0,22,9,0,9,0,0,0,121,43,164
UCL122125,0,40,40,50,3,53,17,0,17,8,0,8,3,0,3,3,0,3,81,43,124
UCL122126,0,19,19,44,0,44,11,0,11,10,0,10,4,0,4,3,0,3,72,19,91
UCL122127,0,14,14,50,3,53,15,0,15,19,0,19,9,0,9,7,0,7,100,17,117
UCL122128,0,9,9,33,0,33,21,0,21,28,0,28,24,0,24,5,0,5,111,9,120
UCL122129,0,11,11,28,4,32,25,0,25,20,0,20,9,0,9,5,0,5,87,15,102
UCL122130,0,37,37,34,4,38,13,0,13,17,0,17,4,0,4,4,0,4,72,41,113
UCL122131,0,25,25,42,3,45,29,0,29,24,0,24,11,0,11,7,0,7,113,28,141
UCL122132,0,21,21,30,0,30,16,0,16,17,0,17,6,0,6,3,0,3,72,21,93
UCL122133,0,23,23,42,3,45,26,0,26,35,0,35,21,0,21,3,0,3,127,26,153
UCL122134,0,30,30,39,0,39,11,0,11,13,0,13,7,0,7,0,0,0,70,30,100
UCL122135,0,18,18,21,0,21,14,0,14,15,0,15,4,0,4,3,0,3,57,18,75
UCL122136,0,30,30,46,3,49,7,0,7,3,0,3,3,0,3,0,0,0,59,33,92
UCL122137,0,9,9,34,3,37,21,0,21,21,0,21,8,0,8,6,0,6,90,12,102
UCL122138,0,34,34,33,0,33,8,0,8,15,0,15,11,0,11,0,0,0,67,34,101
UCL122139,0,29,29,29,3,32,10,0,10,8,0,8,6,0,6,6,0,6,59,32,91
UCL122140,0,19,19,32,4,36,19,0,19,8,0,8,7,0,7,3,0,3,69,23,92
UCL122141,0,10,10,35,4,39,7,0,7,16,0,16,6,0,6,3,0,3,67,14,81
UCL122142,0,37,37,11,4,15,10,0,10,7,0,7,0,0,0,0,0,0,28,41,69
UCL122143,0,17,17,49,4,53,36,4,40,25,0,25,16,0,16,4,0,4,130,25,155
UCL122144,0,85,85,27,0,27,5,0,5,10,0,10,4,0,4,4,0,4,50,85,135
UCL122145,0,17,17,45,7,52,11,0,11,19,0,19,9,0,9,4,0,4,88,24,112
UCL122146,0,3,3,7,0,7,10,0,10,4,0,4,6,0,6,18,0,18,45,3,48
UCL122147,0,59,59,58,3,61,10,0,10,11,0,11,5,0,5,3,0,3,87,62,149
UCL122148,0,72,72,55,3,58,25,0,25,12,0,12,7,0,7,3,0,3,102,75,177
UCL122149,0,26,26,26,5,31,16,0,16,12,0,12,9,0,9,4,0,4,67,31,98
UCL122150,0,37,37,34,0,34,11,0,11,7,0,7,4,0,4,3,0,3,59,37,96
UCL122151,0,37,37,40,3,43,31,0,31,19,0,19,5,0,5,4,0,4,99,40,139
UCL122152,0,27,27,27,3,30,17,3,20,8,0,8,3,0,3,8,0,8,63,33,96
UCL122153,0,22,22,29,4,33,15,0,15,7,0,7,4,0,4,3,0,3,58,26,84
UCL122154,0,52,52,60,3,63,19,0,19,18,0,18,11,0,11,3,0,3,111,55,166
UCL122155,0,48,48,42,11,53,17,0,17,9,0,9,4,0,4,7,0,7,79,59,138
UCL122156,0,38,38,51,4,55,17,0,17,7,0,7,3,0,3,3,0,3,81,42,123
UCL122157,0,30,30,34,5,39,8,0,8,5,0,5,4,0,4,3,0,3,54,35,89
UCL122158,0,25,25,34,4,38,16,0,16,9,0,9,3,0,3,3,0,3,65,29,94
UCL122159,0,25,25,52,0,52,33,4,37,36,0,36,15,0,15,3,0,3,139,29,168
UCL122160,0,37,37,35,3,38,20,0,20,21,0,21,18,0,18,3,0,3,97,40,137
UCL122161,0,31,31,51,3,54,16,0,16,16,0,16,7,0,7,10,0,10,100,34,134
UCL122162,0,19,19,49,8,57,25,0,25,18,0,18,14,0,14,3,0,3,109,27,136
UCL122163,0,40,40,38,4,42,21,0,21,10,0,10,10,0,10,3,0,3,82,44,126
UCL122164,0,52,52,48,3,51,14,0,14,6,0,6,4,0,4,4,0,4,76,55,131
UCL122165,0,102,102,82,5,87,12,0,12,20,0,20,9,0,9,0,0,0,123,107,230
UCL122166,0,30,30,55,0,55,15,0,15,23,0,23,9,0,9,8,0,8,110,30,140
UCL122167,0,34,34,51,3,54,30,0,30,25,0,25,9,0,9,0,0,0,115,37,152
UCL122168,0,3,3,23,0,23,16,0,16,46,0,46,30,0,30,3,0,3,118,3,121
UCL122169,0,44,44,27,7,34,11,0,11,14,0,14,3,0,3,9,0,9,64,51,115
UCL131777,0,35848,35848,65851,3329,69180,25328,293,25621,26795,82,26877,14900,29,14929,7919,10,7929,140793,39591,180384
UCL179997,0,0,0,0,0,0,0,0,0,0,0,0,0,0,0,0,0,0,0,0,0
UCL199994,0,0,0,0,0,0,0,0,0,0,0,0,0,0,0,0,0,0,0,0,0
